X,Y,Z,Reflectivity
13.784,1.501,-0.373,29.0
13.765,1.5,-0.451,28.0
13.684,1.493,-0.527,16.0
13.241,1.445,-0.587,8.0
12.958,1.416,-0.649,7.0
11.966,1.308,-0.668,2.0
13.79,1.508,-0.39,33.0
13.742,1.504,-0.468,24.0
13.65,1.495,-0.543,12.0
13.092,1.435,-0.597,7.0
12.749,1.398,-0.655,2.0
11.746,1.289,-0.671,1.0
13.785,1.513,-0.408,33.0
13.733,1.508,-0.485,19.0
13.524,1.486,-0.555,9.0
13.07,1.437,-0.613,10.0
12.461,1.371,-0.656,1.0
11.552,1.272,-0.675,2.0
13.784,1.518,-0.425,29.0
13.724,1.512,-0.502,19.0
13.382,1.475,-0.567,9.0
13.063,1.441,-0.629,10.0
12.255,1.352,-0.661,2.0
11.357,1.254,-0.678,1.0
13.768,1.52,-0.442,24.0
13.709,1.514,-0.519,16.0
13.324,1.472,-0.581,9.0
13.015,1.439,-0.644,8.0
12.055,1.334,-0.665,1.0
11.172,1.237,-0.681,1.0
13.774,1.524,-0.46,26.0
13.673,1.514,-0.535,12.0
13.188,1.461,-0.592,8.0
12.849,1.424,-0.652,3.0
11.882,1.317,-0.671,2.0
10.96,1.216,-0.682,1.0
13.757,1.525,-0.476,24.0
13.563,1.504,-0.547,9.0
13.074,1.451,-0.603,8.0
12.592,1.398,-0.654,1.0
11.622,1.291,-0.671,1.0
10.831,1.204,-0.688,2.0
13.746,1.526,-0.493,22.0
13.44,1.493,-0.559,8.0
13.072,1.452,-0.619,8.0
12.324,1.37,-0.656,1.0
11.454,1.274,-0.675,2.0
10.674,1.188,-0.691,1.0
13.732,1.526,-0.51,21.0
13.345,1.484,-0.572,10.0
13.058,1.452,-0.635,8.0
12.168,1.354,-0.663,1.0
11.265,1.254,-0.678,1.0
10.502,1.169,-0.693,1.0
13.703,1.524,-0.526,15.0
13.269,1.476,-0.585,10.0
12.979,1.444,-0.647,5.0
11.974,1.333,-0.667,1.0
11.085,1.234,-0.681,1.0
10.327,1.15,-0.694,1.0
13.643,1.518,-0.54,12.0
13.106,1.458,-0.594,8.0
12.725,1.416,-0.65,2.0
11.732,1.306,-0.668,1.0
10.906,1.215,-0.684,2.0
10.181,1.134,-0.697,2.0
13.511,1.503,-0.551,10.0
13.091,1.457,-0.609,9.0
12.491,1.39,-0.653,1.0
11.535,1.284,-0.671,1.0
10.755,1.197,-0.687,1.0
10.056,1.12,-0.7,2.0
13.418,1.492,-0.564,9.0
13.073,1.454,-0.624,8.0
12.266,1.364,-0.656,1.0
11.373,1.265,-0.675,1.0
10.604,1.18,-0.69,1.0
9.927,1.105,-0.704,2.0
13.337,1.481,-0.576,11.0
13.038,1.448,-0.638,8.0
12.116,1.346,-0.663,1.0
11.207,1.245,-0.678,1.0
10.459,1.162,-0.693,1.0
9.798,1.089,-0.706,2.0
13.234,1.468,-0.587,10.0
12.932,1.435,-0.648,4.0
11.931,1.324,-0.666,2.0
11.01,1.221,-0.679,1.0
10.299,1.143,-0.695,2.0
9.735,1.08,-0.713,2.0
13.123,1.453,-0.598,9.0
12.679,1.404,-0.65,2.0
11.703,1.296,-0.667,1.0
10.872,1.204,-0.684,2.0
10.146,1.123,-0.696,2.0
9.661,1.07,-0.719,1.0
13.085,1.446,-0.611,10.0
12.434,1.374,-0.652,1.0
11.525,1.273,-0.671,1.0
10.742,1.187,-0.688,1.0
10.044,1.11,-0.701,2.0
9.549,1.055,-0.721,1.0
13.084,1.442,-0.626,11.0
12.271,1.352,-0.657,2.0
11.352,1.251,-0.673,1.0
10.596,1.167,-0.69,1.0
9.923,1.093,-0.704,2.0
9.42,1.038,-0.722,1.0
13.051,1.434,-0.639,11.0
12.104,1.33,-0.662,1.0
11.224,1.233,-0.678,1.0
10.447,1.148,-0.692,1.0
9.804,1.077,-0.706,1.0
9.307,1.022,-0.724,1.0
12.933,1.417,-0.647,6.0
11.934,1.307,-0.665,2.0
11.037,1.208,-0.679,1.0
10.293,1.127,-0.693,2.0
9.717,1.064,-0.71,2.0
9.229,1.01,-0.728,1.0
12.732,1.39,-0.651,2.0
11.752,1.282,-0.668,1.0
10.892,1.188,-0.682,2.0
10.166,1.109,-0.696,2.0
9.677,1.055,-0.718,1.0
9.144,0.997,-0.731,1.0
12.5,1.358,-0.652,1.0
11.588,1.259,-0.671,2.0
10.787,1.172,-0.686,1.0
10.062,1.092,-0.699,2.0
9.58,1.04,-0.721,1.0
9.054,0.983,-0.733,1.0
12.348,1.336,-0.657,1.0
11.437,1.237,-0.674,1.0
10.659,1.152,-0.689,1.0
9.963,1.077,-0.702,2.0
9.464,1.022,-0.722,1.0
8.971,0.969,-0.736,1.0
12.207,1.314,-0.661,2.0
11.279,1.214,-0.676,1.0
10.522,1.132,-0.691,1.0
9.86,1.06,-0.705,1.0
9.359,1.006,-0.723,1.0
8.893,0.956,-0.738,0.0
12.04,1.29,-0.664,2.0
11.134,1.192,-0.678,1.0
10.376,1.11,-0.691,2.0
9.756,1.043,-0.707,1.0
9.286,0.993,-0.726,1.0
8.763,0.936,-0.736,0.0
11.88,1.265,-0.667,2.0
11.001,1.171,-0.68,1.0
10.276,1.093,-0.694,2.0
9.718,1.033,-0.713,1.0
9.215,0.979,-0.729,1.0
8.446,0.897,-0.717,1.0
11.737,1.242,-0.67,2.0
10.899,1.153,-0.684,1.0
10.183,1.076,-0.697,2.0
9.651,1.02,-0.717,1.0
9.15,0.966,-0.733,1.0
8.313,0.877,-0.713,1.0
11.634,1.223,-0.674,2.0
10.795,1.135,-0.687,1.0
10.098,1.061,-0.701,2.0
9.57,1.004,-0.72,1.0
9.096,0.954,-0.736,0.0
8.085,0.848,-0.701,2.0
11.485,1.2,-0.676,2.0
10.666,1.113,-0.688,1.0
10.0,1.043,-0.703,2.0
9.49,0.989,-0.722,1.0
8.992,0.937,-0.736,1.0
7.976,0.83,-0.698,3.0
11.328,1.175,-0.676,1.0
10.574,1.096,-0.691,2.0
9.904,1.025,-0.704,2.0
9.415,0.974,-0.724,1.0
8.915,0.922,-0.737,1.0
7.837,0.81,-0.693,3.0
11.225,1.155,-0.679,1.0
10.451,1.074,-0.692,2.0
9.814,1.008,-0.706,2.0
9.349,0.96,-0.727,1.0
8.851,0.908,-0.739,1.0
7.805,0.8,-0.696,4.0
11.134,1.136,-0.682,1.0
10.357,1.056,-0.694,2.0
9.744,0.993,-0.708,2.0
9.316,0.948,-0.732,1.0
8.802,0.895,-0.742,1.0
7.764,0.789,-0.699,4.0
11.031,1.116,-0.685,2.0
10.286,1.04,-0.697,1.0
9.69,0.979,-0.712,2.0
9.248,0.933,-0.733,1.0
8.711,0.878,-0.74,1.0
7.707,0.776,-0.699,4.0
10.942,1.097,-0.687,2.0
10.2,1.022,-0.699,2.0
9.658,0.967,-0.716,2.0
9.19,0.919,-0.735,1.0
8.531,0.852,-0.731,0.0
7.683,0.767,-0.703,4.0
10.855,1.078,-0.689,2.0
10.114,1.004,-0.7,2.0
9.632,0.955,-0.721,1.0
9.097,0.901,-0.734,1.0
8.304,0.822,-0.717,1.0
7.646,0.756,-0.704,4.0
10.771,1.06,-0.691,2.0
10.045,0.987,-0.701,2.0
9.603,0.943,-0.725,1.0
9.05,0.887,-0.736,1.0
8.109,0.794,-0.706,1.0
7.602,0.744,-0.705,3.0
10.705,1.043,-0.693,1.0
9.972,0.97,-0.703,2.0
9.525,0.925,-0.725,1.0
9.004,0.874,-0.738,1.0
8.036,0.779,-0.704,2.0
7.576,0.734,-0.707,4.0
10.627,1.024,-0.695,1.0
9.915,0.954,-0.705,3.0
9.46,0.909,-0.726,1.0
8.973,0.861,-0.741,1.0
7.968,0.764,-0.703,3.0
7.548,0.723,-0.709,4.0
10.547,1.005,-0.695,1.0
9.876,0.94,-0.707,2.0
9.417,0.895,-0.728,1.0
8.943,0.849,-0.743,0.0
7.929,0.752,-0.704,3.0
7.521,0.712,-0.711,4.0
10.476,0.987,-0.696,2.0
9.846,0.926,-0.71,2.0
9.372,0.88,-0.729,1.0
8.9,0.835,-0.744,0.0
7.901,0.74,-0.706,4.0
7.514,0.703,-0.714,4.0
10.438,0.972,-0.699,2.0
9.816,0.912,-0.713,2.0
9.35,0.868,-0.732,1.0
8.852,0.82,-0.744,0.0
7.883,0.729,-0.708,4.0
7.497,0.693,-0.716,4.0
10.383,0.954,-0.7,2.0
9.762,0.896,-0.713,2.0
9.305,0.853,-0.733,1.0
8.809,0.806,-0.745,1.0
7.852,0.717,-0.708,4.0
7.486,0.683,-0.718,5.0
10.35,0.939,-0.702,2.0
9.724,0.881,-0.714,2.0
9.286,0.84,-0.735,0.0
8.778,0.793,-0.745,1.0
7.816,0.705,-0.708,4.0
7.477,0.673,-0.72,5.0
10.325,0.925,-0.704,2.0
9.698,0.867,-0.716,2.0
9.265,0.827,-0.737,0.0
8.746,0.779,-0.746,1.0
7.812,0.695,-0.711,4.0
7.473,0.664,-0.722,5.0
10.268,0.907,-0.704,2.0
9.682,0.854,-0.718,2.0
9.222,0.812,-0.736,1.0
8.74,0.768,-0.748,1.0
7.793,0.684,-0.711,4.0
7.481,0.655,-0.725,5.0
10.23,0.891,-0.704,2.0
9.665,0.84,-0.72,1.0
9.193,0.798,-0.737,1.0
8.743,0.757,-0.751,1.0
7.79,0.674,-0.713,4.0
7.497,0.647,-0.729,5.0
10.223,0.877,-0.706,2.0
9.669,0.828,-0.722,1.0
9.189,0.786,-0.739,1.0
8.73,0.745,-0.752,1.0
7.796,0.664,-0.715,4.0
7.515,0.639,-0.732,4.0
10.205,0.863,-0.707,2.0
9.646,0.814,-0.723,2.0
9.173,0.773,-0.739,1.0
8.728,0.734,-0.753,0.0
7.816,0.656,-0.719,4.0
7.561,0.633,-0.738,4.0
10.188,0.848,-0.708,2.0
9.653,0.802,-0.725,1.0
9.169,0.76,-0.74,1.0
8.724,0.722,-0.754,0.0
7.817,0.645,-0.72,4.0
7.627,0.628,-0.746,4.0
10.204,0.836,-0.71,2.0
9.64,0.788,-0.725,1.0
9.164,0.747,-0.741,1.0
8.704,0.708,-0.754,1.0
7.853,0.638,-0.724,4.0
7.676,0.622,-0.751,4.0
10.208,0.823,-0.712,2.0
9.622,0.773,-0.725,1.0
9.182,0.736,-0.743,1.0
8.696,0.696,-0.754,1.0
7.903,0.631,-0.729,4.0
7.695,0.613,-0.754,4.0
10.216,0.809,-0.713,2.0
9.617,0.76,-0.725,2.0
9.192,0.725,-0.744,0.0
8.695,0.684,-0.754,1.0
7.939,0.623,-0.733,4.0
7.719,0.604,-0.756,4.0
10.202,0.794,-0.712,2.0
9.622,0.747,-0.725,2.0
9.188,0.711,-0.744,0.0
8.724,0.674,-0.756,1.0
7.968,0.614,-0.736,5.0
7.74,0.595,-0.758,4.0
10.206,0.78,-0.712,2.0
9.615,0.733,-0.725,2.0
9.201,0.699,-0.745,1.0
8.729,0.662,-0.756,1.0
8.005,0.606,-0.739,5.0
7.783,0.587,-0.762,4.0
10.228,0.767,-0.713,2.0
9.631,0.72,-0.725,2.0
9.201,0.687,-0.744,1.0
8.731,0.65,-0.756,2.0
8.052,0.598,-0.742,4.0
7.807,0.578,-0.763,3.0
10.252,0.754,-0.713,2.0
9.638,0.707,-0.724,2.0
9.22,0.675,-0.744,2.0
8.748,0.639,-0.756,1.0
8.142,0.593,-0.749,4.0
7.823,0.568,-0.764,2.0
10.263,0.74,-0.713,2.0
9.642,0.694,-0.723,2.0
9.235,0.662,-0.744,2.0
8.75,0.626,-0.755,2.0
8.271,0.59,-0.76,4.0
7.858,0.559,-0.766,2.0
10.297,0.728,-0.713,2.0
9.642,0.68,-0.721,3.0
9.267,0.651,-0.745,2.0
8.77,0.615,-0.754,3.0
8.327,0.582,-0.763,4.0
7.928,0.552,-0.771,1.0
10.351,0.716,-0.714,2.0
9.653,0.666,-0.719,2.0
9.301,0.64,-0.745,2.0
8.796,0.603,-0.754,3.0
8.382,0.573,-0.766,3.0
7.958,0.543,-0.771,1.0
10.398,0.704,-0.714,2.0
9.703,0.655,-0.72,2.0
9.321,0.628,-0.744,2.0
8.841,0.593,-0.756,4.0
8.432,0.564,-0.767,1.0
7.986,0.533,-0.771,1.0
10.474,0.694,-0.716,2.0
9.759,0.645,-0.721,2.0
9.369,0.617,-0.744,2.0
8.903,0.584,-0.758,3.0
8.464,0.554,-0.767,1.0
8.015,0.523,-0.771,1.0
10.544,0.683,-0.717,1.0
9.802,0.633,-0.721,2.0
9.444,0.608,-0.747,2.0
8.944,0.574,-0.758,3.0
8.5,0.543,-0.767,1.0
8.056,0.513,-0.772,1.0
10.605,0.671,-0.717,2.0
9.874,0.623,-0.722,2.0
9.501,0.597,-0.747,2.0
9.004,0.564,-0.759,2.0
8.535,0.533,-0.767,1.0
8.114,0.505,-0.774,1.0
10.667,0.659,-0.716,3.0
9.944,0.612,-0.722,2.0
9.547,0.586,-0.746,2.0
9.056,0.554,-0.759,1.0
8.569,0.522,-0.765,1.0
8.176,0.496,-0.776,1.0
10.728,0.647,-0.715,3.0
10.027,0.602,-0.723,2.0
9.603,0.575,-0.746,2.0
9.097,0.542,-0.757,1.0
8.618,0.512,-0.765,1.0
8.266,0.489,-0.78,1.0
10.807,0.635,-0.714,3.0
10.125,0.593,-0.725,2.0
9.645,0.563,-0.743,2.0
9.152,0.532,-0.757,1.0
8.665,0.502,-0.764,1.0
8.371,0.483,-0.785,1.0
10.899,0.624,-0.714,3.0
10.257,0.585,-0.728,2.0
9.709,0.552,-0.743,2.0
9.208,0.521,-0.756,2.0
8.734,0.492,-0.765,1.0
8.511,0.478,-0.792,2.0
11.013,0.614,-0.715,3.0
10.356,0.575,-0.729,2.0
9.776,0.541,-0.741,1.0
9.257,0.51,-0.754,2.0
8.818,0.484,-0.767,2.0
8.651,0.473,-0.8,3.0
11.114,0.603,-0.714,3.0
10.481,0.566,-0.73,2.0
9.867,0.531,-0.741,2.0
9.318,0.499,-0.752,2.0
8.927,0.476,-0.77,2.0
8.812,0.468,-0.808,2.0
11.228,0.592,-0.713,3.0
10.602,0.557,-0.731,2.0
9.952,0.52,-0.74,2.0
9.401,0.489,-0.752,2.0
9.051,0.469,-0.774,2.0
9.036,0.466,-0.822,2.0
11.282,0.578,-0.708,3.0
10.705,0.546,-0.73,2.0
10.043,0.51,-0.739,2.0
9.476,0.479,-0.75,2.0
9.2,0.463,-0.779,2.0
9.184,0.46,-0.828,1.0
11.437,0.569,-0.708,3.0
10.798,0.535,-0.727,2.0
10.13,0.499,-0.738,2.0
9.581,0.47,-0.751,2.0
9.386,0.458,-0.787,2.0
9.394,0.457,-0.839,1.0
11.677,0.564,-0.713,2.0
10.903,0.524,-0.725,2.0
10.215,0.488,-0.735,2.0
9.706,0.462,-0.752,2.0
9.583,0.454,-0.795,2.0
9.584,0.452,-0.848,0.0
11.854,0.555,-0.714,2.0
11.027,0.513,-0.724,2.0
10.345,0.479,-0.735,2.0
9.846,0.454,-0.754,2.0
9.789,0.449,-0.803,2.0
9.844,0.449,-0.861,0.0
12.048,0.546,-0.714,1.0
11.15,0.503,-0.721,2.0
10.482,0.47,-0.735,2.0
10.01,0.446,-0.757,2.0
9.998,0.444,-0.811,2.0
10.103,0.446,-0.874,1.0
12.274,0.538,-0.716,2.0
11.297,0.492,-0.72,2.0
10.614,0.46,-0.734,2.0
10.196,0.44,-0.761,2.0
10.214,0.438,-0.818,1.0
10.211,0.436,-0.873,10.0
12.449,0.527,-0.713,2.0
11.479,0.484,-0.72,2.0
10.756,0.451,-0.733,2.0
10.451,0.435,-0.769,2.0
10.437,0.432,-0.825,1.0
10.218,0.421,-0.863,10.0
12.636,0.517,-0.711,5.0
11.655,0.474,-0.718,2.0
10.922,0.442,-0.732,3.0
10.696,0.43,-0.776,2.0
10.734,0.429,-0.837,0.0
10.362,0.412,-0.864,1.0
12.784,0.505,-0.705,7.0
11.829,0.464,-0.716,2.0
11.106,0.433,-0.732,3.0
10.932,0.424,-0.781,3.0
10.914,0.421,-0.839,0.0
11.016,0.422,-0.906,0.0
12.972,0.493,-0.701,7.0
12.043,0.455,-0.716,2.0
11.289,0.424,-0.731,3.0
11.189,0.418,-0.786,2.0
11.295,0.419,-0.855,0.0
11.268,0.415,-0.913,0.0
13.13,0.481,-0.694,6.0
12.25,0.445,-0.713,3.0
11.515,0.416,-0.732,3.0
11.471,0.412,-0.792,2.0
11.513,0.411,-0.857,0.0
11.543,0.409,-0.922,0.0
13.373,0.471,-0.691,4.0
12.479,0.436,-0.712,3.0
11.778,0.409,-0.735,3.0
11.749,0.405,-0.797,1.0
11.859,0.406,-0.868,0.0
11.776,0.401,-0.925,0.0
13.636,0.461,-0.687,4.0
12.707,0.427,-0.709,4.0
12.073,0.402,-0.738,3.0
12.093,0.4,-0.805,1.0
12.148,0.399,-0.874,0.0
11.98,0.391,-0.926,0.0
13.875,0.45,-0.682,4.0
12.953,0.417,-0.706,5.0
12.408,0.397,-0.742,3.0
12.383,0.393,-0.808,0.0
12.503,0.394,-0.883,1.0
14.133,0.439,-0.676,4.0
13.191,0.407,-0.701,4.0
12.72,0.389,-0.744,5.0
12.698,0.386,-0.812,1.0
12.834,0.387,-0.889,1.0
14.354,0.426,-0.667,7.0
13.45,0.396,-0.696,4.0
12.995,0.38,-0.742,5.0
13.004,0.378,-0.813,0.0
13.044,0.376,-0.885,1.0
14.513,0.412,-0.654,5.0
13.731,0.387,-0.692,4.0
13.266,0.371,-0.739,4.0
13.39,0.371,-0.818,0.0
13.081,0.36,-0.869,0.0
14.758,0.399,-0.644,5.0
13.997,0.376,-0.685,4.0
13.649,0.363,-0.74,3.0
13.746,0.363,-0.82,0.0
13.443,0.352,-0.873,1.0
12.062,0.313,-0.848,0.0
15.053,0.388,-0.635,4.0
14.277,0.365,-0.678,4.0
14.015,0.355,-0.739,3.0
14.078,0.354,-0.819,0.0
13.0,0.324,-0.825,0.0
12.23,0.302,-0.841,0.0
15.38,0.377,-0.625,3.0
14.484,0.352,-0.665,5.0
14.353,0.346,-0.736,4.0
14.496,0.346,-0.821,0.0
13.173,0.312,-0.816,0.0
12.442,0.292,-0.837,0.0
15.751,0.367,-0.617,3.0
14.832,0.342,-0.659,4.0
14.778,0.338,-0.735,2.0
14.897,0.337,-0.821,0.0
13.463,0.302,-0.813,0.0
12.643,0.281,-0.831,0.0
16.179,0.357,-0.608,3.0
15.21,0.332,-0.652,3.0
15.212,0.329,-0.732,1.0
15.262,0.327,-0.817,0.0
13.698,0.291,-0.806,0.0
12.864,0.27,-0.825,0.0
16.662,0.348,-0.6,4.0
15.58,0.322,-0.643,3.0
15.619,0.32,-0.727,2.0
15.259,0.309,-0.792,1.0
15.73,0.315,-0.9,0.0
13.132,0.261,-0.821,0.0
17.165,0.338,-0.59,2.0
15.937,0.311,-0.632,4.0
15.953,0.308,-0.716,2.0
15.777,0.301,-0.793,1.0
13.402,0.25,-0.815,1.0
17.699,0.328,-0.579,4.0
16.313,0.299,-0.62,3.0
16.337,0.297,-0.707,2.0
16.184,0.291,-0.787,1.0
14.809,0.263,-0.798,0.0
13.609,0.239,-0.805,1.0
18.308,0.319,-0.568,3.0
16.859,0.29,-0.612,2.0
16.799,0.286,-0.698,2.0
16.272,0.274,-0.763,2.0
15.005,0.25,-0.782,1.0
13.93,0.229,-0.799,0.0
18.869,0.308,-0.553,4.0
17.428,0.281,-0.602,2.0
17.34,0.276,-0.69,2.0
17.504,0.276,-0.79,2.0
15.204,0.237,-0.766,1.0
14.369,0.221,-0.8,0.0
19.549,0.298,-0.539,3.0
17.985,0.271,-0.59,4.0
17.902,0.266,-0.681,3.0
18.096,0.266,-0.785,2.0
15.639,0.227,-0.76,0.0
14.697,0.21,-0.792,0.0
20.333,0.289,-0.525,4.0
18.615,0.261,-0.578,4.0
18.513,0.256,-0.671,3.0
18.736,0.256,-0.78,2.0
16.038,0.216,-0.751,0.0
15.017,0.2,-0.782,2.0
21.113,0.279,-0.507,4.0
19.243,0.25,-0.563,4.0
19.132,0.246,-0.66,3.0
19.419,0.246,-0.773,3.0
15.202,0.187,-0.764,1.0
22.029,0.269,-0.489,4.0
19.924,0.24,-0.546,4.0
19.739,0.234,-0.644,3.0
19.99,0.233,-0.758,3.0
15.652,0.177,-0.757,0.0
26.072,0.293,-0.531,2.0
20.685,0.229,-0.529,4.0
20.386,0.222,-0.627,3.0
19.315,0.207,-0.697,0.0
48.183,0.51,-1.99,35.0
16.203,0.169,-0.754,0.0
27.003,0.278,-0.499,2.0
21.517,0.218,-0.51,4.0
21.092,0.211,-0.61,4.0
21.301,0.209,-0.729,2.0
48.176,0.467,-1.899,11.0
16.871,0.161,-0.753,0.0
28.151,0.265,-0.468,1.0
25.5,0.236,-0.556,1.0
21.828,0.199,-0.59,4.0
20.87,0.187,-0.674,1.0
18.758,0.165,-0.704,0.0
29.392,0.252,-0.432,2.0
26.341,0.222,-0.524,2.0
23.639,0.195,-0.593,2.0
21.626,0.175,-0.657,3.0
19.328,0.154,-0.688,1.0
48.205,0.378,-1.967,7.0
30.597,0.237,-0.391,2.0
27.276,0.207,-0.49,1.0
24.373,0.181,-0.564,1.0
22.137,0.161,-0.629,1.0
20.193,0.144,-0.679,0.0
18.382,0.129,-0.713,1.0
32.406,0.225,-0.351,1.0
28.64,0.194,-0.458,1.0
25.728,0.171,-0.545,1.0
23.055,0.15,-0.61,2.0
20.948,0.134,-0.663,1.0
18.953,0.118,-0.698,2.0
37.636,0.232,-0.333,0.0
29.852,0.18,-0.419,2.0
26.749,0.158,-0.514,2.0
23.782,0.137,-0.582,2.0
21.762,0.123,-0.646,1.0
19.627,0.108,-0.684,1.0
37.975,0.206,-0.261,10.0
31.299,0.166,-0.377,1.0
27.935,0.145,-0.481,1.0
24.968,0.126,-0.562,1.0
22.596,0.111,-0.626,2.0
20.484,0.099,-0.673,1.0
38.86,0.184,-0.19,45.0
33.353,0.154,-0.335,1.0
29.193,0.131,-0.444,2.0
26.195,0.115,-0.537,2.0
23.409,0.1,-0.601,2.0
21.223,0.088,-0.654,3.0
40.404,0.165,-0.116,17.0
37.809,0.15,-0.304,18.0
30.31,0.116,-0.4,1.0
27.089,0.101,-0.5,1.0
24.22,0.087,-0.572,1.0
22.182,0.078,-0.639,2.0
0.0,0.0,0.0,0.0
38.606,0.128,-0.231,14.0
32.328,0.104,-0.36,1.0
28.54,0.089,-0.468,2.0
25.592,0.077,-0.552,1.0
23.033,0.067,-0.616,2.0
48.046,0.137,0.058,16.0
39.66,0.109,-0.156,35.0
35.323,0.093,-0.321,0.0
29.7,0.075,-0.426,2.0
26.643,0.065,-0.519,3.0
23.78,0.056,-0.587,2.0
55.253,0.126,0.181,13.0
0.0,0.0,0.0,0.0
38.275,0.08,-0.268,8.0
31.297,0.062,-0.383,1.0
27.864,0.053,-0.485,1.0
24.913,0.045,-0.562,1.0
75.933,0.133,0.406,12.0
47.513,0.079,0.01,22.0
39.262,0.062,-0.194,34.0
33.396,0.049,-0.339,1.0
29.24,0.041,-0.448,2.0
26.266,0.035,-0.538,2.0
79.378,0.1,0.592,20.0
54.734,0.065,0.125,14.0
43.901,0.048,-0.124,4.0
38.225,0.039,-0.309,4.0
30.475,0.029,-0.404,1.0
27.227,0.023,-0.501,2.0
79.461,0.064,0.759,150.0
0.0,0.0,0.0,0.0
0.0,0.0,0.0,0.0
38.962,0.023,-0.233,15.0
32.641,0.017,-0.363,1.0
28.665,0.013,-0.467,2.0
79.461,0.031,0.926,164.0
76.345,0.025,0.496,16.0
54.487,0.014,0.073,5.0
40.249,0.008,-0.156,20.0
38.097,0.005,-0.344,2.0
29.921,0.002,-0.424,2.0
79.464,0.001,1.094,151.0
79.433,-0.003,0.684,150.0
61.644,-0.006,0.214,13.0
0.0,0.0,0.0,0.0
38.7,-0.008,-0.267,9.0
31.34,-0.008,-0.377,1.0
79.455,-0.026,1.263,152.0
79.472,-0.03,0.855,159.0
76.207,-0.033,0.428,20.0
48.027,-0.023,0.017,10.0
39.765,-0.021,-0.19,27.0
33.477,-0.019,-0.332,0.0
79.445,-0.05,1.432,166.0
79.462,-0.054,1.024,155.0
79.365,-0.057,0.614,61.0
55.946,-0.043,0.14,30.0
0.0,0.0,0.0,0.0
38.537,-0.033,-0.299,4.0
79.458,-0.072,1.602,151.0
79.455,-0.075,1.193,155.0
79.469,-0.078,0.785,151.0
76.05,-0.077,0.351,12.0
46.142,-0.048,-0.023,16.0
39.388,-0.042,-0.223,15.0
79.452,-0.09,1.771,151.0
79.445,-0.093,1.363,169.0
79.451,-0.095,0.955,156.0
79.226,-0.097,0.536,18.0
0.0,0.0,0.0,0.0
41.192,-0.053,-0.144,17.0
79.44,-0.106,1.942,151.0
79.439,-0.108,1.532,169.0
79.454,-0.11,1.123,155.0
79.453,-0.111,0.707,150.0
61.725,-0.088,0.232,15.0
0.0,0.0,0.0,0.0
79.431,-0.119,2.111,150.0
79.448,-0.12,1.701,151.0
79.444,-0.121,1.293,158.0
79.464,-0.122,0.877,151.0
76.371,-0.118,0.449,15.0
0.0,0.0,0.0,0.0
79.431,-0.128,2.28,150.0
79.439,-0.129,1.87,151.0
79.445,-0.129,1.462,173.0
79.463,-0.13,1.046,151.0
79.413,-0.13,0.637,150.0
56.171,-0.092,0.161,10.0
79.43,-0.135,2.449,150.0
79.425,-0.135,2.04,151.0
79.437,-0.135,1.631,154.0
79.445,-0.135,1.215,151.0
79.463,-0.135,0.807,151.0
76.29,-0.129,0.382,11.0
79.424,-0.138,2.619,150.0
79.429,-0.138,2.21,150.0
79.443,-0.137,1.802,151.0
79.445,-0.137,1.386,163.0
79.458,-0.136,0.977,151.0
79.331,-0.135,0.567,46.0
79.423,-0.139,2.788,150.0
79.425,-0.138,2.379,150.0
79.424,-0.137,1.971,151.0
79.448,-0.135,1.552,161.0
79.461,-0.134,1.144,152.0
79.456,-0.133,0.735,151.0
79.432,-0.136,2.957,150.0
79.433,-0.135,2.547,150.0
79.418,-0.133,2.138,150.0
79.444,-0.131,1.723,151.0
79.454,-0.13,1.314,155.0
79.461,-0.128,0.904,151.0
79.408,-0.131,3.126,132.0
79.431,-0.129,2.716,150.0
79.427,-0.127,2.306,150.0
79.437,-0.124,1.89,151.0
79.448,-0.122,1.479,163.0
79.456,-0.119,1.071,151.0
59.449,-0.092,2.465,97.0
79.425,-0.12,2.884,151.0
79.43,-0.117,2.473,150.0
79.426,-0.114,2.055,150.0
79.448,-0.111,1.646,151.0
79.456,-0.108,1.237,151.0
59.451,-0.083,2.589,95.0
79.428,-0.108,3.049,150.0
79.422,-0.105,2.64,150.0
79.428,-0.101,2.222,150.0
79.449,-0.098,1.813,151.0
79.449,-0.094,1.405,160.0
59.446,-0.072,2.715,103.0
59.435,-0.07,2.407,95.0
79.419,-0.089,2.805,151.0
79.433,-0.086,2.388,150.0
79.427,-0.082,1.977,150.0
79.451,-0.077,1.568,151.0
59.444,-0.06,2.838,108.0
59.438,-0.056,2.531,98.0
79.421,-0.071,2.972,150.0
79.424,-0.067,2.555,150.0
79.425,-0.062,2.145,150.0
79.447,-0.057,1.735,151.0
59.427,-0.045,2.962,110.0
59.446,-0.041,2.656,102.0
79.425,-0.05,3.137,48.0
79.427,-0.045,2.719,150.0
79.43,-0.04,2.309,150.0
79.423,-0.034,1.899,150.0
59.429,-0.027,3.086,112.0
59.432,-0.023,2.778,101.0
59.438,-0.019,2.47,99.0
79.442,-0.02,2.882,151.0
79.433,-0.015,2.472,150.0
79.436,-0.009,2.061,150.0
59.419,-0.008,3.206,114.0
59.436,-0.004,2.899,100.0
59.438,0.0,2.592,99.0
79.442,0.006,3.045,150.0
79.424,0.013,2.633,150.0
79.433,0.019,2.224,150.0
59.408,0.013,3.329,118.0
59.425,0.018,3.022,102.0
59.433,0.022,2.714,104.0
59.422,0.027,2.398,93.0
79.444,0.044,2.796,151.0
79.439,0.051,2.385,150.0
63.092,0.038,3.662,9.0
59.409,0.041,3.14,102.0
59.419,0.047,2.832,99.0
59.42,0.052,2.518,99.0
79.428,0.077,2.954,151.0
79.427,0.085,2.544,150.0
75.708,0.079,4.547,34.0
85.062,0.097,4.667,23.0
91.645,0.113,4.552,36.0
79.481,0.106,3.527,24.0
79.423,0.114,3.113,138.0
79.437,0.122,2.701,151.0
63.731,0.096,3.954,17.0
63.135,0.102,3.589,41.0
77.367,0.133,3.996,90.0
79.282,0.144,3.676,150.0
79.387,0.153,3.268,3.0
79.446,0.162,2.858,151.0
48.205,0.097,3.087,64.0
48.314,0.102,2.841,5.0
77.376,0.173,4.148,37.0
79.178,0.185,3.825,37.0
85.92,0.21,3.702,149.0
79.424,0.203,3.01,150.0
48.104,0.122,3.174,87.0
48.24,0.128,2.931,55.0
48.247,0.134,2.679,44.0
62.554,0.181,3.142,23.0
79.387,0.239,3.575,150.0
79.419,0.248,3.163,111.0
48.053,0.15,3.263,93.0
48.181,0.156,3.021,87.0
48.202,0.162,2.771,87.0
48.199,0.168,2.514,59.0
48.237,0.174,2.265,31.0
59.301,0.221,2.476,23.0
48.038,0.179,3.355,80.0
48.124,0.185,3.109,100.0
48.172,0.191,2.86,94.0
48.161,0.197,2.602,98.0
48.181,0.203,2.352,82.0
48.196,0.21,2.102,59.0
59.24,0.258,4.249,14.0
48.099,0.215,3.197,112.0
48.161,0.222,2.949,106.0
48.15,0.229,2.693,97.0
48.155,0.235,2.442,91.0
48.164,0.242,2.19,82.0
54.239,0.273,3.992,7.0
48.084,0.248,3.286,97.0
48.149,0.255,3.038,111.0
48.142,0.261,2.781,106.0
48.143,0.268,2.529,108.0
48.144,0.275,2.277,97.0
48.523,0.278,3.66,55.0
48.144,0.282,3.379,53.0
48.137,0.289,3.125,109.0
48.144,0.296,2.868,109.0
48.148,0.303,2.617,105.0
48.132,0.31,2.365,104.0
48.536,0.314,3.75,44.0
48.262,0.319,3.475,71.0
48.137,0.325,3.213,93.0
48.155,0.332,2.957,97.0
48.156,0.339,2.704,112.0
48.156,0.346,2.451,121.0
48.52,0.35,3.835,46.0
48.278,0.356,3.562,64.0
48.193,0.362,3.302,52.0
48.186,0.37,3.043,74.0
48.18,0.377,2.79,82.0
48.156,0.384,2.536,87.0
48.537,0.389,3.922,46.0
48.358,0.395,3.652,74.0
48.331,0.402,3.396,56.0
48.244,0.409,3.131,45.0
48.27,0.417,2.879,49.0
48.223,0.424,2.623,61.0
48.641,0.43,4.016,58.0
48.399,0.435,3.74,100.0
48.368,0.443,3.482,52.0
75.285,0.701,5.015,27.0
54.915,0.52,3.369,102.0
59.37,0.572,3.329,112.0
48.684,0.471,4.102,66.0
48.427,0.477,3.824,112.0
48.469,0.485,3.572,17.0
55.747,0.567,3.807,53.0
77.828,0.805,4.905,39.0
59.37,0.624,3.43,14.0
48.54,0.513,4.173,58.0
48.441,0.52,3.907,102.0
56.13,0.612,4.23,33.0
55.784,0.617,3.903,61.0
77.754,0.874,5.03,1.0
54.958,0.627,3.264,100.0
48.407,0.555,4.241,63.0
48.454,0.564,3.987,105.0
56.121,0.663,4.32,67.0
55.897,0.67,4.002,29.0
99.442,1.21,6.593,8.0
91.593,1.131,5.588,15.0
48.367,0.6,4.316,14.0
56.238,0.707,4.719,7.0
56.155,0.716,4.413,62.0
64.15,0.83,4.695,9.0
91.319,1.197,6.199,8.0
91.594,1.217,5.732,32.0
39.784,0.531,3.612,66.0
56.191,0.761,4.803,89.0
64.457,0.884,5.167,40.0
64.157,0.891,4.795,41.0
64.139,0.903,4.453,92.0
64.055,0.914,4.108,77.0
40.041,0.574,3.699,46.0
39.873,0.579,3.47,51.0
89.031,1.31,7.274,6.0
91.764,1.367,7.0,42.0
91.356,1.378,6.482,58.0
91.812,1.402,6.027,55.0
40.147,0.616,3.769,47.0
39.799,0.618,3.523,60.0
40.005,0.629,3.328,6.0
78.053,1.242,6.07,10.0
85.045,1.37,6.162,3.0
91.816,1.496,6.163,33.0
48.393,0.793,4.615,6.0
49.031,0.812,4.414,6.0
39.889,0.668,3.377,61.0
76.972,1.305,6.098,59.0
77.321,1.325,5.713,8.0
77.295,1.34,5.299,10.0
56.114,0.979,5.433,8.0
40.027,0.706,3.661,54.0
39.87,0.71,3.433,72.0
53.296,0.96,4.299,58.0
53.365,0.972,4.019,57.0
76.342,1.405,5.342,68.0
40.332,0.747,3.963,36.0
40.029,0.749,3.717,69.0
39.956,0.755,3.496,47.0
73.524,1.404,6.032,18.0
76.991,1.486,5.904,54.0
74.315,1.449,5.302,36.0
40.442,0.793,4.029,43.0
42.776,0.847,4.031,2.0
40.137,0.803,3.566,38.0
39.988,0.808,3.334,69.0
91.305,1.863,7.123,11.0
74.24,1.529,5.394,11.0
40.606,0.842,4.1,40.0
40.062,0.838,3.828,53.0
61.15,1.292,5.514,8.0
39.945,0.852,3.383,53.0
53.936,1.161,4.279,8.0
63.287,1.375,4.68,10.0
41.017,0.896,4.194,16.0
40.023,0.883,3.876,34.0
40.017,0.891,3.66,46.0
54.003,1.213,4.642,16.0
53.891,1.221,4.343,90.0
53.834,1.231,4.049,101.0
41.203,0.948,4.265,32.0
40.192,0.932,3.943,60.0
40.174,0.94,3.724,25.0
40.137,0.948,3.5,38.0
61.377,1.461,5.021,42.0
53.417,1.283,4.082,39.0
41.369,1.0,4.333,28.0
40.376,0.984,4.01,46.0
42.906,1.054,4.028,3.0
40.167,0.995,3.55,65.0
67.506,1.687,5.603,19.0
61.49,1.55,4.772,16.0
41.683,1.057,4.415,40.0
40.259,1.029,4.046,41.0
56.784,1.464,5.399,23.0
40.231,1.045,3.603,64.0
64.002,1.677,5.385,11.0
56.617,1.495,4.458,64.0
53.918,1.433,5.774,13.0
49.343,1.322,5.015,11.0
40.686,1.098,3.914,34.0
42.963,1.168,3.895,32.0
56.736,1.555,4.837,12.0
56.613,1.563,4.52,89.0
41.196,1.145,4.457,58.0
40.944,1.146,4.206,42.0
42.906,1.21,4.174,32.0
42.963,1.22,3.941,29.0
62.938,1.801,5.432,13.0
62.866,1.812,5.086,66.0
38.358,1.113,4.19,28.0
40.939,1.196,4.249,57.0
42.98,1.265,4.226,3.0
42.929,1.272,3.983,45.0
40.269,1.202,3.517,37.0
61.305,1.843,5.021,7.0
38.365,1.161,4.23,31.0
41.334,1.259,4.331,16.0
40.885,1.254,4.061,30.0
42.584,1.315,3.993,7.0
67.717,2.105,5.981,20.0
55.832,1.748,4.627,64.0
38.343,1.209,4.265,40.0
38.264,1.214,4.047,37.0
40.845,1.304,4.096,40.0
63.624,2.045,6.026,21.0
67.803,2.194,6.052,22.0
55.89,1.82,4.685,55.0
38.113,1.25,4.276,55.0
38.298,1.264,4.086,63.0
41.179,1.367,4.168,13.0
61.082,2.041,5.842,36.0
61.018,2.052,5.502,52.0
55.967,1.893,4.741,39.0
38.021,1.295,4.299,64.0
38.427,1.317,4.134,55.0
41.199,1.421,4.206,36.0
42.614,1.478,4.112,42.0
67.772,2.365,6.169,31.0
56.043,1.967,4.795,22.0
38.063,1.346,4.336,56.0
38.479,1.368,4.172,51.0
41.653,1.489,4.286,24.0
42.586,1.532,4.144,9.0
67.752,2.451,6.222,34.0
62.146,2.261,5.367,63.0
37.912,1.389,4.35,43.0
38.507,1.418,4.205,28.0
41.691,1.544,4.323,29.0
55.798,2.078,5.473,39.0
55.939,2.095,5.179,84.0
67.899,2.558,5.915,9.0
37.723,1.431,4.357,60.0
42.277,1.612,4.649,4.0
41.697,1.599,4.355,16.0
56.309,2.17,5.565,28.0
56.204,2.178,5.245,4.0
67.898,2.645,5.963,28.0
37.702,1.479,4.381,45.0
38.312,1.511,4.24,66.0
56.322,2.232,5.921,8.0
53.288,2.123,5.303,21.0
53.167,2.129,4.998,69.0
53.248,2.144,4.712,87.0
43.025,1.745,5.029,4.0
38.193,1.556,4.252,62.0
41.712,1.708,4.413,16.0
53.076,2.184,5.316,9.0
65.222,2.697,6.173,14.0
67.983,2.825,6.06,18.0
52.89,2.214,6.215,10.0
38.054,1.601,4.26,34.0
41.909,1.771,4.459,20.0
54.614,2.319,5.503,9.0
61.009,2.604,5.81,6.0
54.509,2.337,4.891,24.0
41.597,1.796,4.913,3.0
37.715,1.636,4.244,41.0
42.057,1.833,4.499,17.0
41.361,1.811,4.191,40.0
41.352,1.818,3.961,11.0
54.473,2.407,4.917,48.0
37.96,1.689,4.503,61.0
41.47,1.853,4.688,9.0
42.197,1.894,4.536,18.0
41.487,1.871,4.225,33.0
41.4,1.875,3.987,13.0
54.466,2.478,4.943,18.0
37.952,1.739,4.521,49.0
41.364,1.903,4.697,6.0
62.028,2.866,6.698,11.0
63.345,2.94,6.481,38.0
54.405,2.536,5.264,19.0
54.425,2.548,4.964,17.0
37.943,1.79,4.537,61.0
63.993,3.03,7.295,17.0
41.812,1.988,4.533,20.0
54.385,2.596,5.587,30.0
54.723,2.623,5.318,11.0
54.911,2.643,5.031,29.0
37.917,1.838,4.55,66.0
41.667,2.027,4.766,31.0
54.294,2.652,5.907,30.0
41.468,2.033,4.276,26.0
53.448,2.631,5.213,9.0
64.325,3.179,5.917,22.0
38.061,1.894,4.58,58.0
54.247,2.71,6.224,10.0
41.829,2.098,4.565,13.0
41.557,2.092,4.299,16.0
63.165,3.192,6.182,12.0
64.215,3.257,5.927,16.0
54.212,2.769,6.541,8.0
41.996,2.153,4.831,46.0
41.889,2.155,4.584,21.0
41.644,2.15,4.32,16.0
52.89,2.74,5.191,20.0
64.062,3.332,5.93,25.0
44.749,2.344,5.411,3.0
41.746,2.194,4.813,12.0
38.608,2.036,4.234,37.0
41.527,2.198,4.318,16.0
52.599,2.794,5.174,5.0
64.207,3.423,5.958,17.0
37.828,2.031,4.583,8.0
44.653,2.405,5.158,10.0
38.542,2.083,4.235,57.0
41.467,2.248,4.32,8.0
41.436,2.254,4.084,7.0
54.369,2.967,5.055,11.0
44.914,2.469,5.449,3.0
38.233,2.108,4.423,37.0
38.405,2.124,4.226,69.0
41.7,2.314,4.35,6.0
0.0,0.0,0.0,0.0
63.848,3.567,5.945,25.0
41.321,2.324,5.018,38.0
38.192,2.154,4.423,34.0
38.414,2.174,4.232,49.0
53.917,3.06,5.63,19.0
64.248,3.658,6.349,19.0
63.686,3.637,5.936,9.0
38.634,2.222,4.696,12.0
38.202,2.203,4.427,57.0
38.422,2.223,4.235,63.0
52.369,3.039,5.472,4.0
41.442,2.412,4.097,44.0
41.606,2.429,3.88,41.0
38.349,2.254,4.662,24.0
38.31,2.258,4.441,42.0
38.3,2.264,4.223,64.0
52.985,3.14,5.538,17.0
41.385,2.46,4.092,56.0
63.707,3.798,5.941,38.0
41.408,2.485,5.034,3.0
38.152,2.296,4.422,43.0
38.258,2.308,4.217,51.0
63.383,3.835,6.623,33.0
41.379,2.51,4.09,58.0
55.841,3.397,5.205,6.0
38.367,2.35,4.662,17.0
38.08,2.338,4.411,60.0
38.268,2.356,4.216,55.0
63.172,3.9,6.596,38.0
63.369,3.921,6.259,34.0
41.344,2.565,3.851,23.0
38.193,2.386,4.638,28.0
38.092,2.385,4.409,65.0
38.326,2.406,4.218,59.0
63.379,3.988,6.611,24.0
63.27,3.992,6.241,27.0
55.889,3.535,5.198,1.0
38.163,2.43,4.629,51.0
38.169,2.436,4.412,61.0
38.342,2.453,4.214,66.0
63.756,4.089,6.64,39.0
63.299,4.069,6.234,14.0
70.343,4.533,6.53,23.0
38.255,2.482,4.633,48.0
38.217,2.484,4.41,66.0
38.38,2.501,4.211,54.0
64.089,4.185,6.662,25.0
54.376,3.559,5.344,3.0
70.425,4.62,6.523,15.0
45.017,2.973,5.442,3.0
38.249,2.531,4.406,54.0
38.689,2.566,4.236,44.0
64.226,4.268,6.66,17.0
54.326,3.618,5.325,11.0
63.278,4.223,5.845,23.0
41.082,2.76,4.955,4.0
38.192,2.571,4.388,69.0
38.833,2.619,4.241,28.0
64.214,4.34,6.641,28.0
70.632,4.784,6.904,19.0
70.661,4.797,6.506,17.0
38.542,2.633,4.637,31.0
38.254,2.618,4.384,57.0
41.909,2.874,4.563,23.0
64.197,4.412,6.618,29.0
70.79,4.875,6.895,17.0
70.748,4.881,6.49,40.0
38.452,2.67,4.613,61.0
38.42,2.673,4.388,48.0
41.907,2.921,4.547,22.0
64.244,4.486,6.599,32.0
70.864,4.957,6.876,21.0
64.343,4.511,5.877,23.0
38.492,2.715,4.602,35.0
38.43,2.715,4.374,24.0
41.926,2.967,4.533,7.0
38.727,2.746,3.962,22.0
64.019,4.547,6.185,9.0
64.087,4.561,5.827,31.0
38.753,2.775,4.616,28.0
44.945,3.223,5.096,7.0
41.662,2.993,4.486,44.0
67.492,4.858,6.874,27.0
64.001,4.614,6.154,11.0
64.008,4.623,5.79,38.0
38.674,2.81,4.588,47.0
41.554,3.024,4.691,16.0
41.666,3.037,4.465,24.0
38.618,2.819,3.914,51.0
64.088,4.687,6.13,23.0
63.754,4.669,5.735,31.0
38.943,2.87,4.6,37.0
40.988,3.025,4.606,5.0
38.556,2.849,4.112,35.0
67.827,5.02,6.838,10.0
64.298,4.766,6.116,35.0
64.375,4.779,5.756,40.0
41.315,3.086,4.857,22.0
41.469,3.101,4.637,19.0
38.4,2.876,4.073,58.0
67.348,5.051,6.752,11.0
64.0,4.807,6.051,38.0
64.135,4.825,5.697,39.0
38.912,2.944,4.551,56.0
38.954,2.951,4.332,14.0
38.37,2.911,4.047,47.0
38.682,2.938,3.854,34.0
64.206,4.883,6.031,38.0
63.801,4.859,5.629,38.0
38.576,2.956,4.487,38.0
38.777,2.974,4.288,33.0
38.359,2.946,4.021,65.0
38.695,2.975,3.83,54.0
63.915,4.92,5.962,33.0
63.868,4.923,5.592,39.0
40.928,3.173,4.733,2.0
38.644,2.999,4.247,63.0
38.398,2.984,3.999,63.0
38.707,3.011,3.805,31.0
64.056,4.99,5.93,31.0
63.722,4.969,5.535,34.0
38.678,3.033,4.446,36.0
38.581,3.029,4.212,41.0
38.427,3.02,3.974,62.0
38.66,3.041,3.772,50.0
63.983,5.04,5.877,38.0
63.963,5.044,5.509,39.0
40.939,3.246,4.675,3.0
41.757,3.314,4.527,26.0
38.385,3.049,3.941,69.0
38.645,3.073,3.741,68.0
63.937,5.09,5.824,38.0
63.758,5.081,5.443,39.0
38.506,3.086,4.366,63.0
38.71,3.104,4.166,38.0
38.436,3.085,3.915,56.0
38.635,3.104,3.71,37.0
64.128,5.157,5.79,38.0
63.484,5.11,5.368,43.0
38.548,3.119,4.34,52.0
38.647,3.13,4.127,44.0
38.462,3.118,3.886,38.0
64.945,5.268,6.183,9.0
64.204,5.214,5.743,39.0
63.45,5.157,5.312,17.0
38.524,3.147,4.304,65.0
38.584,3.154,4.088,56.0
38.708,3.167,3.878,11.0
65.237,5.341,6.154,41.0
63.986,5.243,5.669,38.0
65.933,5.408,5.463,21.0
38.527,3.176,4.27,52.0
38.494,3.175,4.044,28.0
64.481,5.323,6.402,11.0
64.536,5.331,6.03,31.0
64.076,5.297,5.618,38.0
66.024,5.462,5.411,25.0
38.387,3.191,4.219,57.0
38.43,3.197,4.002,25.0
47.982,3.994,4.72,18.0
64.474,5.37,5.964,14.0
64.105,5.343,5.561,46.0
66.567,5.552,5.393,42.0
38.326,3.212,4.176,55.0
47.564,3.988,4.907,7.0
64.551,5.415,6.288,9.0
64.478,5.412,5.903,18.0
64.135,5.387,5.502,18.0
66.72,5.608,5.341,13.0
38.319,3.236,4.137,66.0
47.597,4.021,4.864,6.0
64.563,5.456,6.225,13.0
47.284,3.998,4.281,30.0
0.0,0.0,0.0,0.0
66.542,5.633,5.26,20.0
38.237,3.252,4.09,62.0
47.679,4.056,4.823,9.0
62.027,5.279,5.917,10.0
47.477,4.042,4.25,41.0
66.356,5.652,5.559,16.0
66.195,5.642,5.165,38.0
38.352,3.283,4.062,61.0
47.646,4.08,4.77,39.0
47.654,4.082,4.496,17.0
47.532,4.073,4.205,33.0
66.4,5.693,5.492,41.0
66.357,5.691,5.107,42.0
38.459,3.312,4.032,68.0
47.803,4.118,4.735,14.0
47.324,4.078,4.414,10.0
47.573,4.1,4.158,44.0
66.362,5.723,5.417,39.0
66.13,5.705,5.018,26.0
38.503,3.335,3.994,69.0
47.883,4.148,4.69,7.0
47.169,4.087,4.347,21.0
47.565,4.122,4.104,47.0
66.278,5.745,5.338,34.0
66.328,5.752,4.96,31.0
47.63,4.147,4.887,9.0
47.833,4.165,4.631,20.0
47.342,4.123,4.309,21.0
47.619,4.148,4.055,41.0
66.184,5.766,5.255,38.0
66.299,5.778,4.882,41.0
47.579,4.162,4.827,20.0
47.631,4.167,4.556,21.0
47.398,4.147,4.26,34.0
66.546,5.823,5.589,17.0
66.603,5.829,5.21,42.0
65.819,5.761,4.77,15.0
47.557,4.178,4.769,33.0
47.46,4.169,4.484,21.0
47.502,4.173,4.212,51.0
70.983,6.236,5.878,16.0
66.426,5.837,5.117,41.0
65.581,5.763,4.675,16.0
47.866,4.221,4.741,17.0
47.459,4.185,4.426,21.0
47.557,4.194,4.159,44.0
70.949,6.256,5.789,13.0
66.291,5.846,5.026,41.0
65.557,5.781,4.593,11.0
62.207,5.504,6.086,24.0
47.594,4.211,4.38,21.0
47.648,4.215,4.109,22.0
65.899,5.829,5.296,19.0
72.254,6.391,5.39,16.0
74.36,6.577,5.119,8.0
62.134,5.513,6.001,22.0
47.432,4.208,4.306,18.0
47.744,4.235,4.058,51.0
66.461,5.894,5.259,25.0
0.0,0.0,0.0,0.0
74.254,6.584,5.02,20.0
61.983,5.513,5.908,11.0
47.484,4.222,4.25,43.0
47.78,4.247,4.001,48.0
66.756,5.933,5.197,43.0
65.568,5.826,4.727,8.0
74.171,6.591,4.919,23.0
47.572,4.239,4.473,22.0
47.536,4.234,4.194,41.0
70.916,6.316,5.846,23.0
66.479,5.919,5.089,38.0
65.55,5.835,4.64,17.0
74.18,6.602,4.824,8.0
47.617,4.249,4.415,38.0
47.633,4.249,4.14,21.0
71.016,6.333,5.762,11.0
66.513,5.929,5.005,8.0
65.918,5.875,4.58,30.0
75.769,6.751,4.829,5.0
47.552,4.248,4.346,28.0
47.708,4.26,4.084,55.0
66.377,5.924,5.297,12.0
67.515,6.024,4.991,10.0
74.121,6.61,5.053,11.0
75.87,6.765,4.735,10.0
47.477,4.243,4.275,35.0
47.771,4.267,4.024,62.0
66.546,5.941,5.221,42.0
72.314,6.454,5.249,6.0
74.11,6.612,4.952,27.0
75.886,6.767,4.634,23.0
47.526,4.247,4.215,41.0
70.924,6.335,5.879,10.0
66.518,5.939,5.128,42.0
65.541,5.848,4.668,18.0
74.159,6.614,4.854,9.0
75.913,6.768,4.531,12.0
47.616,4.254,4.157,18.0
71.008,6.339,5.787,10.0
66.502,5.933,5.035,14.0
65.842,5.872,4.598,33.0
115.101,10.259,7.373,9.0
117.281,10.448,6.838,23.0
47.712,4.258,4.099,51.0
66.292,5.912,5.311,11.0
67.615,6.026,5.025,10.0
74.191,6.608,5.078,10.0
75.869,6.753,4.755,7.0
103.227,9.185,5.875,5.0
47.787,4.258,4.038,63.0
66.842,5.952,5.261,42.0
67.729,6.027,4.938,12.0
74.148,6.594,4.971,25.0
75.872,6.743,4.649,12.0
103.115,9.159,5.724,5.0
70.919,6.308,5.893,20.0
66.581,5.917,5.146,42.0
65.562,5.822,4.688,18.0
74.176,6.582,4.868,25.0
75.867,6.727,4.542,20.0
157.321,13.943,8.514,5.0
70.904,6.292,5.791,19.0
66.323,5.88,5.032,38.0
65.616,5.812,4.599,13.0
0.0,0.0,0.0,0.0
149.411,13.214,8.732,10.0
119.002,10.517,6.269,3.0
65.887,5.829,5.286,22.0
66.42,5.871,4.944,30.0
74.336,6.564,5.103,9.0
75.779,6.686,4.757,11.0
119.073,10.498,6.789,8.0
119.092,10.491,6.104,7.0
66.331,5.848,5.226,20.0
66.222,5.832,4.834,41.0
76.535,6.735,5.145,17.0
75.924,6.675,4.656,25.0
119.09,10.46,6.62,17.0
106.324,9.331,5.297,3.0
66.492,5.839,5.142,43.0
65.57,5.752,4.691,17.0
76.506,6.704,5.031,17.0
75.904,6.645,4.545,5.0
119.084,10.416,6.445,16.0
103.168,9.015,4.99,19.0
66.29,5.796,5.03,40.0
72.7,6.349,5.095,8.0
75.88,6.619,4.879,17.0
120.835,10.529,7.061,15.0
120.802,10.515,6.362,16.0
103.238,8.978,4.843,14.0
66.307,5.768,4.933,41.0
72.573,6.305,4.98,11.0
75.768,6.575,4.761,5.0
120.82,10.474,6.884,16.0
120.762,10.457,6.185,8.0
106.316,9.196,4.834,9.0
65.537,5.67,4.78,15.0
76.333,6.595,5.126,18.0
120.735,10.418,7.411,17.0
120.731,10.406,6.703,28.0
103.158,8.881,5.133,5.0
112.206,9.649,4.938,7.0
65.531,5.635,4.683,15.0
0.0,0.0,0.0,0.0
120.762,10.356,7.236,30.0
120.794,10.346,6.529,27.0
103.184,8.827,4.983,19.0
34.275,2.928,1.458,53.0
74.339,6.351,5.205,48.0
75.902,6.475,4.875,36.0
120.82,10.292,7.062,44.0
103.184,8.777,5.426,18.0
106.321,9.032,4.979,13.0
34.286,2.909,1.408,67.0
74.307,6.302,5.093,48.0
75.816,6.42,4.758,9.0
121.239,10.252,6.91,10.0
103.156,8.711,5.274,18.0
34.277,2.89,1.555,1.0
122.106,10.284,4.838,8.0
75.048,6.316,5.032,16.0
121.546,10.213,7.45,14.0
109.302,9.169,6.069,6.0
74.556,6.246,3.702,16.0
74.579,6.238,3.275,15.0
74.557,6.228,2.846,6.0
75.275,6.282,4.937,24.0
74.605,6.216,4.463,9.0
74.591,6.205,4.032,21.0
74.533,6.19,3.592,26.0
74.534,6.181,3.164,31.0
74.545,6.173,2.736,23.0
74.619,6.172,4.785,13.0
74.508,6.153,4.348,16.0
74.559,6.146,3.922,32.0
74.527,6.133,3.483,45.0
74.519,6.123,3.055,37.0
74.508,6.113,2.626,30.0
74.48,6.102,4.667,21.0
74.531,6.096,4.241,28.0
74.554,6.087,3.813,29.0
74.549,6.075,3.375,32.0
74.514,6.062,2.945,33.0
74.518,6.053,2.518,29.0
74.483,6.041,4.558,16.0
74.567,6.036,4.133,32.0
74.569,6.024,3.703,27.0
74.58,6.015,3.268,22.0
74.542,6.001,2.838,23.0
74.551,5.991,2.41,32.0
74.563,5.982,4.453,21.0
74.648,5.977,4.029,12.0
74.665,5.967,3.6,8.0
118.158,9.425,5.007,6.0
74.627,5.941,2.733,13.0
74.615,5.93,2.304,19.0
74.587,5.916,4.347,20.0
127.694,10.107,6.707,12.0
106.246,8.392,4.969,13.0
128.472,10.128,5.258,9.0
128.826,10.136,4.533,13.0
129.096,10.138,3.803,10.0
128.621,10.078,7.311,10.0
129.133,10.097,6.595,9.0
109.486,8.542,4.963,8.0
129.719,10.1,5.123,11.0
130.065,10.107,4.391,11.0
103.236,8.006,2.893,34.0
130.062,10.061,7.206,11.0
106.411,8.214,5.284,14.0
118.167,9.101,5.188,15.0
130.983,10.066,4.987,12.0
131.429,10.078,4.25,11.0
103.285,7.905,2.748,23.0
131.33,10.024,7.09,10.0
107.77,8.206,5.198,7.0
66.254,5.034,2.815,2.0
132.405,10.036,4.853,11.0
132.846,10.047,4.107,12.0
103.474,7.808,2.606,11.0
132.826,9.995,6.982,11.0
109.424,8.214,5.124,20.0
66.648,4.991,2.739,8.0
66.503,4.969,2.345,3.0
66.532,4.959,1.965,41.0
66.531,4.947,1.584,150.0
134.418,9.966,6.879,12.0
66.524,4.919,3.023,42.0
66.476,4.904,2.64,2.0
157.147,11.564,5.324,17.0
114.552,8.408,3.225,17.0
114.485,8.383,2.568,21.0
157.191,11.473,7.828,20.0
118.18,8.603,5.208,8.0
157.391,11.427,6.034,22.0
157.499,11.406,5.12,23.0
114.512,8.272,3.068,22.0
114.417,8.243,2.41,20.0
157.494,11.306,7.627,4.0
157.623,11.285,6.729,15.0
157.761,11.264,5.832,21.0
157.799,11.235,4.914,37.0
114.617,8.14,2.914,36.0
139.622,9.889,2.751,21.0
115.08,8.12,5.417,15.0
157.832,11.106,6.526,37.0
157.903,11.078,5.624,31.0
157.903,11.047,4.706,26.0
114.379,7.981,2.755,35.0
114.698,7.98,2.107,17.0
116.696,8.086,5.338,7.0
157.938,10.912,6.319,40.0
157.95,10.879,5.416,30.0
114.685,7.875,3.264,29.0
114.53,7.841,2.605,52.0
114.648,7.827,1.954,11.0
118.082,8.027,5.243,28.0
158.001,10.707,6.112,41.0
158.046,10.676,5.21,43.0
114.725,7.725,3.114,19.0
114.451,7.684,2.454,15.0
139.636,9.346,2.196,30.0
157.96,10.526,6.807,46.0
158.069,10.498,5.908,46.0
158.077,10.464,5.005,83.0
114.722,7.571,2.966,20.0
139.636,9.185,2.813,25.0
120.932,7.929,1.747,3.0
158.04,10.313,6.607,42.0
158.103,10.282,5.707,37.0
158.165,10.251,4.807,43.0
114.833,7.417,2.823,22.0
139.628,8.989,2.635,60.0
120.884,7.756,1.592,20.0
158.15,10.094,6.41,28.0
157.926,10.044,5.5,15.0
158.115,10.021,4.604,13.0
33.431,2.111,0.779,0.0
33.445,2.104,0.589,4.0
33.45,2.098,0.398,60.0
33.423,2.085,1.313,6.0
33.457,2.079,1.123,153.0
33.457,2.071,0.933,154.0
33.426,2.062,0.738,11.0
33.439,2.055,0.548,8.0
33.442,2.048,0.357,4.0
33.453,2.037,1.273,3.0
157.228,9.538,5.089,6.0
157.292,9.505,4.194,10.0
0.0,0.0,0.0,0.0
147.683,8.855,2.241,8.0
75.186,4.492,0.713,16.0
157.666,9.364,5.813,20.0
162.103,9.587,5.052,15.0
164.117,9.667,4.179,4.0
162.304,9.522,3.194,15.0
0.0,0.0,0.0,0.0
74.114,4.313,0.615,23.0
157.847,9.13,5.633,11.0
162.357,9.35,4.869,12.0
163.236,9.362,3.967,4.0
0.0,0.0,0.0,0.0
96.349,5.479,1.237,6.0
73.524,4.164,0.525,16.0
157.315,8.85,5.431,16.0
163.305,9.146,4.709,15.0
162.958,9.085,3.772,25.0
105.85,5.875,1.837,30.0
78.438,4.334,0.916,8.0
58.294,3.207,0.35,4.0
157.302,8.593,5.251,8.0
162.699,8.847,4.505,7.0
162.539,8.795,3.577,13.0
105.787,5.698,1.717,23.0
77.912,4.176,0.822,18.0
54.742,2.921,0.266,28.0
162.372,8.6,5.237,10.0
156.638,8.256,4.163,12.0
162.715,8.533,3.4,6.0
105.823,5.522,1.6,77.0
75.935,3.943,0.717,20.0
54.383,2.81,0.205,28.0
157.649,8.085,4.914,8.0
167.149,8.528,4.26,17.0
0.0,0.0,0.0,0.0
105.799,5.341,1.486,65.0
74.949,3.765,0.628,20.0
54.096,2.703,0.147,5.0
156.34,7.751,4.707,19.0
0.0,0.0,0.0,0.0
0.0,0.0,0.0,0.0
94.814,4.624,1.232,5.0
73.656,3.572,0.54,12.0
0.0,0.0,0.0,0.0
174.261,8.335,5.064,15.0
0.0,0.0,0.0,0.0
0.0,0.0,0.0,0.0
82.182,3.864,0.984,6.0
73.577,3.439,0.465,9.0
0.0,0.0,0.0,0.0
173.93,8.015,4.881,11.0
0.0,0.0,0.0,0.0
0.0,0.0,0.0,0.0
78.751,3.563,0.865,13.0
58.511,2.631,0.312,7.0
42.063,1.879,-0.013,18.0
160.045,7.088,4.334,5.0
0.0,0.0,0.0,0.0
101.28,4.428,1.598,1.0
77.753,3.377,0.779,21.0
54.733,2.362,0.239,28.0
41.317,1.771,-0.052,29.0
173.2,7.356,4.528,3.0
0.0,0.0,0.0,0.0
101.215,4.24,1.501,2.0
0.0,0.0,0.0,0.0
54.471,2.25,0.187,27.0
40.377,1.657,-0.088,37.0
0.0,0.0,0.0,0.0
0.0,0.0,0.0,0.0
101.069,4.048,1.408,3.0
74.478,2.961,0.609,10.0
54.166,2.138,0.138,7.0
39.858,1.562,-0.123,54.0
0.0,0.0,0.0,0.0
0.0,0.0,0.0,0.0
93.217,3.559,1.216,7.0
74.082,2.806,0.541,14.0
48.297,1.815,0.08,23.0
39.609,1.477,-0.156,31.0
0.0,0.0,0.0,0.0
0.0,0.0,0.0,0.0
93.92,3.407,1.146,5.0
60.085,2.162,0.388,14.0
47.472,1.694,0.039,22.0
36.695,1.298,-0.175,28.0
0.0,0.0,0.0,0.0
0.0,0.0,0.0,0.0
79.446,2.73,0.904,8.0
59.346,2.021,0.335,34.0
0.0,0.0,0.0,0.0
36.599,1.224,-0.204,29.0
0.0,0.0,0.0,0.0
0.0,0.0,0.0,0.0
78.531,2.546,0.832,17.0
58.944,1.893,0.287,33.0
46.484,1.478,-0.034,7.0
36.549,1.151,-0.232,15.0
0.0,0.0,0.0,0.0
100.635,3.095,1.556,2.0
77.993,2.374,0.767,31.0
54.89,1.654,0.226,15.0
40.681,1.213,-0.06,15.0
36.451,1.076,-0.258,9.0
0.0,0.0,0.0,0.0
106.083,3.055,1.564,2.0
77.859,2.218,0.711,29.0
54.836,1.544,0.187,23.0
39.888,1.11,-0.087,23.0
36.395,1.002,-0.283,7.0
0.0,0.0,0.0,0.0
106.034,2.842,1.49,52.0
77.813,2.06,0.657,12.0
54.703,1.432,0.149,6.0
39.361,1.017,-0.112,42.0
36.42,0.929,-0.308,5.0
100.488,2.522,1.908,4.0
106.04,2.629,1.42,41.0
74.823,1.83,0.582,18.0
48.727,1.176,0.101,14.0
38.77,0.923,-0.136,47.0
36.586,0.859,-0.333,0.0
0.0,0.0,0.0,0.0
95.036,2.163,1.213,3.0
74.636,1.674,0.535,22.0
48.104,1.063,0.07,22.0
38.198,0.832,-0.157,39.0
33.25,0.713,-0.322,1.0
106.205,2.236,1.888,6.0
120.863,2.504,1.472,6.0
74.728,1.524,0.492,11.0
47.521,0.954,0.042,21.0
37.83,0.746,-0.177,42.0
32.795,0.636,-0.337,1.0
127.68,2.427,2.198,33.0
89.855,1.677,1.045,9.0
61.471,1.127,0.371,16.0
46.845,0.843,0.016,22.0
37.626,0.665,-0.196,40.0
32.186,0.558,-0.347,1.0
127.252,2.154,2.124,36.0
89.696,1.489,0.996,7.0
61.244,0.995,0.338,35.0
0.0,0.0,0.0,0.0
37.592,0.586,-0.215,28.0
31.623,0.482,-0.357,1.0
127.076,1.886,2.059,39.0
89.802,1.302,0.954,8.0
48.122,0.682,0.243,28.0
0.0,0.0,0.0,0.0
37.58,0.507,-0.232,13.0
31.189,0.41,-0.366,1.0
48.236,0.616,0.76,33.0
48.119,0.598,0.49,80.0
48.029,0.58,0.221,80.0
44.304,0.52,-0.046,18.0
37.511,0.427,-0.248,13.0
30.886,0.341,-0.376,1.0
48.1,0.513,0.737,107.0
48.079,0.495,0.469,98.0
48.027,0.478,0.202,88.0
43.996,0.424,-0.063,18.0
37.508,0.348,-0.263,7.0
30.484,0.272,-0.383,2.0
48.104,0.412,0.719,128.0
48.072,0.395,0.452,99.0
48.045,0.378,0.184,72.0
43.955,0.331,-0.079,10.0
37.654,0.27,-0.277,5.0
30.308,0.206,-0.391,2.0
48.159,0.311,0.704,57.0
48.208,0.294,0.437,44.0
54.914,0.316,0.193,58.0
40.649,0.22,-0.086,16.0
37.723,0.191,-0.289,8.0
30.144,0.142,-0.398,2.0
79.431,0.346,1.137,150.0
77.15,0.308,0.676,56.0
54.869,0.199,0.176,28.0
40.534,0.133,-0.098,16.0
38.037,0.112,-0.302,2.0
29.907,0.077,-0.403,2.0
79.457,0.175,1.116,151.0
79.41,0.148,0.675,41.0
54.633,0.082,0.162,9.0
40.671,0.046,-0.108,17.0
38.093,0.029,-0.312,1.0
29.722,0.013,-0.408,2.0
79.461,0.006,1.097,151.0
79.244,-0.02,0.656,38.0
0.0,0.0,0.0,0.0
40.813,-0.039,-0.117,17.0
37.626,-0.049,-0.316,1.0
29.69,-0.049,-0.414,2.0
79.463,-0.162,1.082,151.0
79.318,-0.189,0.642,59.0
0.0,0.0,0.0,0.0
41.436,-0.128,-0.126,17.0
37.004,-0.127,-0.317,0.0
29.636,-0.113,-0.418,2.0
79.464,-0.329,1.07,151.0
79.276,-0.357,0.629,56.0
55.851,-0.272,0.135,26.0
41.755,-0.219,-0.133,7.0
34.273,-0.191,-0.298,0.0
29.515,-0.175,-0.42,2.0
79.458,-0.5,1.06,167.0
0.0,0.0,0.0,0.0
54.248,-0.38,0.125,10.0
47.284,-0.348,-0.156,17.0
34.203,-0.264,-0.301,0.0
29.425,-0.238,-0.421,2.0
79.456,-0.67,1.054,176.0
0.0,0.0,0.0,0.0
54.618,-0.501,0.122,4.0
50.818,-0.484,-0.17,5.0
38.496,-0.381,-0.341,1.0
29.461,-0.303,-0.423,5.0
79.449,-0.841,1.05,161.0
79.047,-0.866,0.609,41.0
79.267,-0.898,0.175,5.0
46.373,-0.542,-0.157,2.0
34.734,-0.418,-0.308,1.0
29.462,-0.365,-0.424,2.0
86.97,-1.106,1.149,51.0
79.142,-1.036,0.61,7.0
183.507,-2.47,0.407,12.0
49.103,-0.679,-0.165,2.0
35.027,-0.497,-0.31,1.0
29.453,-0.429,-0.423,2.0
148.674,-2.211,1.969,12.0
91.588,-1.394,0.71,5.0
248.349,-3.873,0.561,66.0
46.257,-0.738,-0.154,0.0
34.492,-0.563,-0.304,0.0
29.496,-0.493,-0.422,1.0
205.398,-3.491,2.734,7.0
40.241,-0.699,0.314,50.0
40.271,-0.714,0.094,68.0
40.306,-0.73,-0.13,58.0
0.0,0.0,0.0,0.0
29.583,-0.557,-0.42,2.0
40.247,-0.77,0.539,56.0
40.263,-0.785,0.319,48.0
66.934,-1.33,0.164,0.0
47.339,-0.959,-0.147,0.0
36.122,-0.745,-0.31,0.0
29.679,-0.623,-0.417,1.0
40.285,-0.856,0.546,43.0
40.21,-0.87,0.325,0.0
40.293,-0.887,0.105,7.0
40.311,-0.902,-0.119,110.0
35.391,-0.805,-0.298,0.0
29.676,-0.686,-0.412,1.0
40.313,-0.942,0.554,150.0
40.296,-0.957,0.333,16.0
40.277,-0.971,0.113,0.0
40.947,-1.003,-0.112,2.0
37.121,-0.922,-0.305,0.0
29.942,-0.755,-0.409,1.0
40.217,-1.026,0.561,56.0
40.194,-1.039,0.341,62.0
40.213,-1.055,0.122,52.0
40.982,-1.089,-0.103,163.0
40.183,-1.083,-0.32,0.0
30.098,-0.822,-0.404,1.0
40.278,-1.111,0.572,2.0
40.215,-1.124,0.352,46.0
40.194,-1.138,0.132,46.0
40.199,-1.153,-0.09,61.0
40.121,-1.165,-0.309,2.0
30.401,-0.894,-0.399,1.0
40.36,-1.198,0.585,4.0
0.0,0.0,0.0,0.0
0.0,0.0,0.0,0.0
51.378,-1.581,-0.099,0.0
40.222,-1.253,-0.297,3.0
30.654,-0.965,-0.393,1.0
40.355,-1.281,0.598,1.0
0.0,0.0,0.0,0.0
0.0,0.0,0.0,0.0
0.0,0.0,0.0,0.0
40.324,-1.339,-0.283,0.0
30.981,-1.04,-0.386,1.0
0.0,0.0,0.0,0.0
0.0,0.0,0.0,0.0
0.0,0.0,0.0,0.0
52.587,-1.836,-0.064,2.0
40.101,-1.414,-0.266,9.0
31.515,-1.123,-0.38,1.0
0.0,0.0,0.0,0.0
0.0,0.0,0.0,0.0
0.0,0.0,0.0,0.0
40.126,-1.483,-0.032,14.0
40.116,-1.497,-0.249,99.0
31.903,-1.202,-0.371,1.0
0.0,0.0,0.0,0.0
0.0,0.0,0.0,0.0
0.0,0.0,0.0,0.0
37.795,-1.473,-0.013,29.0
37.803,-1.488,-0.218,153.0
32.306,-1.283,-0.361,1.0
174.744,-6.978,2.882,31.0
0.0,0.0,0.0,0.0
0.0,0.0,0.0,0.0
0.0,0.0,0.0,0.0
42.42,-1.755,-0.223,2.0
33.103,-1.381,-0.353,1.0
175.238,-7.35,2.978,22.0
0.0,0.0,0.0,0.0
0.0,0.0,0.0,0.0
0.0,0.0,0.0,0.0
0.0,0.0,0.0,0.0
33.819,-1.479,-0.343,3.0
0.0,0.0,0.0,0.0
0.0,0.0,0.0,0.0
0.0,0.0,0.0,0.0
0.0,0.0,0.0,0.0
0.0,0.0,0.0,0.0
34.2,-1.564,-0.327,1.0
0.0,0.0,0.0,0.0
0.0,0.0,0.0,0.0
0.0,0.0,0.0,0.0
0.0,0.0,0.0,0.0
50.471,-2.388,-0.181,3.0
35.601,-1.697,-0.319,0.0
0.0,0.0,0.0,0.0
0.0,0.0,0.0,0.0
0.0,0.0,0.0,0.0
0.0,0.0,0.0,0.0
50.498,-2.487,-0.149,8.0
37.755,-1.873,-0.315,0.0
0.0,0.0,0.0,0.0
0.0,0.0,0.0,0.0
0.0,0.0,0.0,0.0
0.0,0.0,0.0,0.0
50.462,-2.581,-0.116,9.0
0.0,0.0,0.0,0.0
0.0,0.0,0.0,0.0
0.0,0.0,0.0,0.0
0.0,0.0,0.0,0.0
50.463,-2.677,-0.081,1.0
39.815,-2.126,-0.278,0.0
233.849,-12.605,3.589,9.0
0.0,0.0,0.0,0.0
0.0,0.0,0.0,0.0
58.96,-3.238,-0.052,4.0
0.0,0.0,0.0,0.0
0.0,0.0,0.0,0.0
227.993,-12.711,3.668,156.0
0.0,0.0,0.0,0.0
0.0,0.0,0.0,0.0
58.724,-3.333,-0.008,6.0
0.0,0.0,0.0,0.0
0.0,0.0,0.0,0.0
0.0,0.0,0.0,0.0
0.0,0.0,0.0,0.0
0.0,0.0,0.0,0.0
59.507,-3.485,0.038,6.0
44.947,-2.647,-0.212,0.0
272.084,-16.064,6.262,39.0
0.0,0.0,0.0,0.0
0.0,0.0,0.0,0.0
0.0,0.0,0.0,0.0
62.574,-3.776,0.091,2.0
50.349,-3.055,-0.196,2.0
263.569,-16.033,6.286,15.0
0.0,0.0,0.0,0.0
0.0,0.0,0.0,0.0
0.0,0.0,0.0,0.0
62.704,-3.895,0.144,2.0
50.401,-3.148,-0.153,2.0
248.331,-15.544,6.133,132.0
0.0,0.0,0.0,0.0
0.0,0.0,0.0,0.0
0.0,0.0,0.0,0.0
0.0,0.0,0.0,0.0
50.416,-3.235,-0.109,2.0
248.36,-15.969,6.352,255.0
248.276,-16.042,5.022,9.0
187.048,-12.146,2.782,22.0
0.0,0.0,0.0,0.0
0.0,0.0,0.0,0.0
56.761,-3.74,-0.071,0.0
237.14,-15.656,6.284,61.0
237.196,-15.734,5.017,35.0
187.224,-12.474,2.958,150.0
0.0,0.0,0.0,0.0
0.0,0.0,0.0,0.0
62.115,-4.197,-0.02,2.0
228.346,-15.458,6.267,23.0
228.645,-15.548,5.053,22.0
161.762,-11.049,2.71,4.0
0.0,0.0,0.0,0.0
0.0,0.0,0.0,0.0
62.016,-4.292,0.039,4.0
212.736,-14.749,6.044,20.0
212.884,-14.822,4.909,65.0
160.768,-11.241,2.848,3.0
151.794,-10.66,1.864,4.0
0.0,0.0,0.0,0.0
61.273,-4.34,0.099,4.0
204.823,-14.531,6.021,61.0
204.9,-14.594,4.929,66.0
154.744,-11.067,2.897,4.0
149.593,-10.741,1.988,5.0
0.0,0.0,0.0,0.0
0.0,0.0,0.0,0.0
196.328,-14.238,5.97,23.0
0.0,0.0,0.0,0.0
284.955,-20.825,5.627,12.0
0.0,0.0,0.0,0.0
0.0,0.0,0.0,0.0
0.0,0.0,0.0,0.0
196.966,-14.587,6.194,60.0
197.024,-14.644,5.146,25.0
197.068,-14.701,4.096,23.0
148.44,-11.116,2.28,43.0
0.0,0.0,0.0,0.0
0.0,0.0,0.0,0.0
195.942,-14.807,6.371,18.0
196.835,-14.928,5.351,47.0
285.108,-21.697,6.233,13.0
148.451,-11.339,2.441,150.0
0.0,0.0,0.0,0.0
0.0,0.0,0.0,0.0
196.748,-15.157,6.61,44.0
212.958,-16.462,6.02,27.0
257.582,-19.979,5.912,16.0
129.062,-10.045,2.263,7.0
0.0,0.0,0.0,0.0
0.0,0.0,0.0,0.0
164.349,-12.9,5.704,32.0
206.339,-16.247,6.064,9.0
214.763,-16.967,5.17,23.0
0.0,0.0,0.0,0.0
128.121,-10.187,1.708,61.0
0.0,0.0,0.0,0.0
197.089,-15.742,7.061,27.0
164.703,-13.197,5.025,51.0
206.285,-16.581,5.196,16.0
0.0,0.0,0.0,0.0
122.142,-9.879,1.766,14.0
0.0,0.0,0.0,0.0
163.676,-13.298,6.053,28.0
157.278,-12.816,4.979,55.0
193.657,-15.829,5.103,36.0
201.847,-16.548,4.225,26.0
122.159,-10.045,1.909,4.0
0.0,0.0,0.0,0.0
163.872,-13.534,6.253,15.0
157.541,-13.048,5.173,40.0
165.052,-13.708,4.544,58.0
165.135,-13.756,3.654,40.0
0.0,0.0,0.0,0.0
121.754,-10.202,1.402,9.0
149.918,-12.575,5.898,73.0
164.298,-13.82,5.593,21.0
165.017,-13.919,4.742,44.0
165.08,-13.961,3.851,46.0
0.0,0.0,0.0,0.0
121.746,-10.355,1.55,150.0
0.0,0.0,0.0,0.0
156.933,-13.396,5.532,37.0
157.375,-13.469,4.711,96.0
157.391,-13.506,3.861,44.0
0.0,0.0,0.0,0.0
121.747,-10.503,1.698,27.0
166.067,-14.343,6.938,15.0
149.848,-12.975,5.466,32.0
190.618,-16.546,5.942,26.0
157.361,-13.694,4.056,70.0
157.228,-13.715,3.219,53.0
110.941,-9.703,1.684,5.0
205.282,-17.973,8.833,7.0
157.195,-13.795,5.93,32.0
149.646,-13.163,4.851,19.0
188.574,-16.625,5.096,46.0
188.491,-16.659,4.096,43.0
110.214,-9.764,1.81,1.0
148.551,-13.176,6.577,22.0
204.345,-18.162,7.963,26.0
149.67,-13.333,5.039,21.0
188.407,-16.819,5.326,30.0
188.335,-16.851,4.325,52.0
0.0,0.0,0.0,0.0
158.956,-14.271,7.238,5.0
164.034,-14.757,6.598,16.0
189.361,-17.069,6.613,18.0
149.409,-13.497,4.411,19.0
188.469,-17.063,4.568,35.0
0.0,0.0,0.0,0.0
150.499,-13.67,7.045,8.0
148.559,-13.52,6.165,41.0
203.804,-18.584,7.377,10.0
188.265,-17.203,5.801,40.0
188.455,-17.254,4.809,36.0
188.571,-17.3,3.813,22.0
147.201,-13.521,7.08,31.0
147.766,-13.596,6.323,45.0
148.619,-13.701,5.574,77.0
188.159,-17.379,6.04,30.0
149.441,-13.828,4.006,21.0
188.399,-17.468,4.055,45.0
106.299,-9.867,5.251,22.0
164.099,-15.258,7.237,28.0
148.565,-13.838,5.765,34.0
148.793,-13.884,4.97,75.0
149.412,-13.967,4.201,36.0
188.279,-17.631,4.298,52.0
106.291,-9.966,5.391,52.0
122.865,-11.538,5.58,26.0
157.457,-14.811,6.316,35.0
149.782,-14.112,5.201,45.0
148.882,-14.051,4.383,65.0
188.058,-17.779,4.541,35.0
115.548,-10.938,6.013,38.0
122.877,-11.649,5.744,38.0
151.1,-14.346,6.264,23.0
188.699,-17.944,6.805,13.0
149.482,-14.237,4.6,55.0
149.39,-14.252,3.808,68.0
108.017,-10.317,5.768,24.0
106.478,-10.184,5.122,21.0
123.103,-11.791,5.27,19.0
150.693,-14.455,5.637,34.0
149.615,-14.373,4.805,13.0
149.392,-14.372,4.009,39.0
107.835,-10.387,5.903,27.0
115.644,-11.153,5.716,9.0
123.124,-11.89,5.434,22.0
148.06,-14.317,5.737,32.0
188.265,-18.23,6.299,33.0
149.588,-14.505,4.213,19.0
106.913,-10.379,5.997,17.0
108.036,-10.501,5.487,62.0
157.921,-15.368,7.183,9.0
205.017,-19.976,8.219,9.0
188.853,-18.422,6.572,31.0
188.027,-18.366,5.547,26.0
106.928,-10.457,6.14,14.0
124.259,-12.165,6.477,13.0
106.657,-10.453,4.993,29.0
0.0,0.0,0.0,0.0
188.967,-18.561,6.827,19.0
148.671,-14.62,4.585,36.0
99.152,-9.763,5.828,40.0
106.81,-10.527,5.71,28.0
124.187,-12.252,5.981,29.0
123.184,-12.164,5.267,22.0
148.204,-14.65,5.553,16.0
148.654,-14.711,4.784,49.0
99.206,-9.831,5.964,20.0
147.408,-14.619,8.079,11.0
106.759,-10.597,5.285,59.0
123.213,-12.242,5.434,29.0
150.226,-14.939,5.831,6.0
148.906,-14.822,4.991,39.0
99.466,-9.913,6.114,24.0
99.186,-9.893,5.569,57.0
122.191,-12.197,6.213,31.0
106.692,-10.658,4.848,44.0
124.872,-12.485,5.013,27.0
148.554,-14.866,5.177,35.0
99.459,-9.967,6.247,38.0
99.388,-9.965,5.715,44.0
116.174,-11.657,6.064,15.0
0.0,0.0,0.0,0.0
123.171,-12.377,5.111,10.0
148.313,-14.914,5.37,59.0
99.421,-10.012,6.381,11.0
99.436,-10.019,5.852,65.0
99.188,-9.999,5.312,11.0
116.087,-11.71,5.588,5.0
123.157,-12.432,5.275,18.0
148.269,-14.976,5.567,24.0
81.338,-8.227,5.33,3.0
99.447,-10.064,5.987,17.0
99.24,-10.047,5.448,49.0
116.098,-11.76,5.745,41.0
106.665,-10.81,4.713,33.0
124.657,-12.642,4.848,28.0
89.445,-9.083,5.982,3.0
86.249,-8.762,5.308,9.0
99.3,-10.091,5.585,53.0
114.952,-11.687,5.842,9.0
0.0,0.0,0.0,0.0
123.106,-12.528,4.952,6.0
101.592,-10.354,6.931,3.0
81.622,-8.32,5.135,4.0
99.352,-10.131,5.721,5.0
114.938,-11.724,5.997,15.0
108.175,-11.038,5.07,57.0
123.085,-12.565,5.116,21.0
86.282,-8.821,6.004,4.0
81.592,-8.343,5.242,6.0
86.286,-8.824,5.085,7.0
99.165,-10.144,5.307,19.0
107.654,-11.014,5.189,35.0
106.573,-10.907,4.572,62.0
82.623,-8.469,5.859,5.0
99.206,-10.169,6.506,8.0
86.211,-8.838,5.194,13.0
99.207,-10.171,5.439,33.0
107.164,-10.989,5.306,51.0
106.649,-10.938,4.713,52.0
82.522,-8.477,5.961,7.0
99.534,-10.224,6.658,5.0
86.234,-8.858,5.309,1.0
99.192,-10.189,5.569,3.0
107.158,-11.008,5.445,81.0
0.0,0.0,0.0,0.0
84.477,-8.693,6.212,3.0
99.556,-10.243,6.79,4.0
81.673,-8.403,5.134,4.0
105.08,-10.809,6.036,12.0
107.162,-11.024,5.586,65.0
107.298,-11.038,5.022,66.0
84.424,-8.698,6.32,5.0
86.289,-8.889,5.998,6.0
81.682,-8.413,5.242,8.0
105.11,-10.824,6.175,16.0
107.149,-11.033,5.724,27.0
107.158,-11.033,5.155,71.0
83.509,-8.612,6.36,3.0
82.676,-8.524,5.854,6.0
89.437,-9.218,5.856,2.0
86.237,-8.886,5.177,11.0
99.179,-10.218,5.424,29.0
107.148,-11.037,5.29,66.0
83.911,-8.657,6.499,9.0
82.516,-8.51,5.949,15.0
96.317,-9.93,6.429,5.0
99.221,-10.226,6.082,5.0
99.256,-10.226,5.555,3.0
107.171,-11.039,5.427,66.0
83.966,-8.663,6.61,10.0
82.272,-8.484,6.036,8.0
99.618,-10.269,6.775,3.0
81.41,-8.388,5.093,4.0
105.122,-10.827,6.016,15.0
107.181,-11.035,5.562,58.0
69.411,-7.159,5.552,3.0
84.442,-8.704,6.301,4.0
86.217,-8.882,5.972,5.0
81.614,-8.403,5.208,7.0
105.125,-10.819,6.147,11.0
107.181,-11.025,5.696,42.0
69.107,-7.121,5.613,9.0
86.911,-8.95,6.594,1.0
82.659,-8.506,5.829,5.0
81.544,-8.387,5.305,5.0
86.209,-8.862,5.146,11.0
99.201,-10.192,5.392,29.0
69.082,-7.109,5.697,12.0
83.838,-8.622,6.463,5.0
82.486,-8.477,5.916,9.0
99.396,-10.207,6.587,6.0
105.01,-10.776,6.397,16.0
99.222,-10.177,5.513,13.0
68.733,-7.062,5.752,7.0
84.21,-8.645,6.593,5.0
68.361,-7.012,4.985,3.0
99.412,-10.189,6.707,5.0
104.978,-10.751,6.52,12.0
90.652,-9.278,5.144,4.0
77.644,-7.961,6.59,6.0
69.346,-7.103,5.512,1.0
84.489,-8.647,6.262,6.0
104.843,-10.72,7.196,5.0
81.583,-8.335,5.162,4.0
105.082,-10.727,6.087,4.0
83.887,-8.579,7.219,5.0
83.805,-8.562,6.76,3.0
91.426,-9.331,6.883,4.0
86.341,-8.804,6.027,4.0
99.266,-10.112,6.396,6.0
86.275,-8.781,5.096,6.0
78.469,-8.001,6.844,4.0
83.649,-8.52,6.843,2.0
96.899,-9.859,7.405,10.0
81.763,-8.31,5.8,14.0
89.338,-9.071,5.858,3.0
86.247,-8.749,5.191,11.0
78.471,-7.975,6.933,4.0
76.427,-7.758,6.339,3.0
96.978,-9.833,7.52,6.0
82.145,-8.319,5.919,5.0
89.601,-9.064,5.974,1.0
99.408,-10.046,6.093,17.0
95.216,-9.64,8.519,6.0
68.57,-6.933,5.763,4.0
84.353,-8.519,6.634,2.0
81.909,-8.262,5.992,3.0
98.87,-9.961,6.7,13.0
99.442,-10.007,6.204,36.0
85.049,-8.574,7.702,7.0
77.655,-7.818,6.612,4.0
98.222,-9.876,7.832,6.0
84.52,-8.487,6.274,6.0
84.07,-8.431,5.787,4.0
99.472,-9.964,6.311,18.0
84.997,-8.53,7.787,11.0
77.961,-7.813,6.72,6.0
84.351,-8.441,6.814,8.0
68.349,-6.83,5.144,2.0
82.712,-8.254,5.779,12.0
99.548,-9.921,6.419,18.0
85.012,-8.489,7.877,11.0
78.163,-7.793,6.818,5.0
69.521,-6.921,5.688,2.0
68.385,-6.798,5.217,2.0
82.659,-8.205,5.859,10.0
84.086,-8.336,5.505,11.0
85.044,-8.446,7.967,6.0
78.473,-7.781,6.925,4.0
69.779,-6.908,5.778,1.0
91.47,-9.041,7.069,5.0
99.561,-9.826,7.156,6.0
84.064,-8.284,5.587,10.0
80.969,-7.995,7.665,4.0
84.975,-8.376,7.581,4.0
81.116,-7.982,6.796,2.0
68.482,-6.728,5.359,1.0
96.774,-9.493,7.048,5.0
83.867,-8.214,5.654,5.0
83.38,-8.181,7.973,7.0
90.106,-8.825,8.125,4.0
69.756,-6.82,5.91,2.0
96.608,-9.429,7.651,5.0
84.654,-8.249,6.244,6.0
99.839,-9.712,6.824,14.0
80.971,-7.892,7.819,9.0
84.899,-8.259,7.734,2.0
96.848,-9.404,8.295,3.0
96.621,-9.366,7.74,4.0
84.667,-8.192,6.322,6.0
99.851,-9.645,6.914,19.0
77.117,-7.462,7.516,9.0
83.086,-8.024,7.644,2.0
85.229,-8.216,7.375,5.0
96.599,-9.294,7.823,7.0
84.77,-8.141,6.404,6.0
84.091,-8.061,5.896,27.0
81.054,-7.784,7.971,9.0
84.396,-8.089,7.838,13.0
83.636,-8.0,7.31,2.0
84.504,-8.067,6.916,7.0
98.024,-9.34,7.488,21.0
98.528,-9.371,6.99,12.0
77.316,-7.366,7.669,9.0
84.539,-8.038,7.921,10.0
80.353,-7.624,7.089,4.0
96.658,-9.153,7.989,5.0
85.951,-8.122,6.636,2.0
85.085,-8.025,6.105,6.0
81.271,-7.679,8.127,10.0
99.785,-9.407,9.43,6.0
99.063,-9.319,8.819,11.0
91.653,-8.603,7.65,3.0
84.665,-7.931,6.603,6.0
86.712,-8.106,6.29,3.0
81.004,-7.586,8.163,12.0
99.798,-9.325,9.509,8.0
97.994,-9.136,8.799,22.0
85.568,-7.96,7.205,14.0
99.047,-9.193,7.799,16.0
84.458,-7.823,6.188,2.0
80.976,-7.514,8.221,10.0
97.725,-9.047,9.383,17.0
96.48,-8.912,8.733,1.0
95.802,-8.829,8.136,15.0
83.928,-7.716,6.668,4.0
84.662,-7.767,6.263,3.0
80.93,-7.437,8.274,9.0
98.412,-9.023,9.518,9.0
84.484,-7.727,7.706,4.0
97.385,-8.885,8.338,5.0
105.72,-9.624,8.471,7.0
84.735,-7.696,6.325,10.0
81.005,-7.37,8.336,5.0
98.651,-8.952,9.607,21.0
96.429,-8.73,8.859,8.0
85.529,-7.723,7.379,4.0
85.664,-7.717,6.919,4.0
84.73,-7.615,6.379,9.0
80.874,-7.28,8.375,5.0
106.656,-9.577,10.454,6.0
96.377,-8.632,8.915,4.0
105.353,-9.412,9.154,6.0
105.474,-9.399,8.584,11.0
84.629,-7.523,6.422,7.0
80.855,-7.199,8.421,4.0
98.85,-8.777,9.749,6.0
99.598,-8.821,9.272,13.0
107.785,-9.52,9.428,8.0
115.867,-10.208,9.497,6.0
84.574,-7.432,6.467,7.0
81.441,-7.168,8.529,1.0
84.877,-7.45,8.418,9.0
85.423,-7.477,8.0,3.0
96.785,-8.448,8.52,6.0
108.063,-9.407,8.916,17.0
105.714,-9.179,8.14,23.0
84.053,-7.309,8.848,4.0
98.721,-8.559,9.845,12.0
85.488,-7.391,8.051,9.0
105.653,-9.11,9.354,24.0
105.773,-9.096,8.78,14.0
105.113,-9.015,8.145,9.0
107.99,-9.275,11.421,6.0
105.639,-9.046,10.586,12.0
108.287,-9.245,10.25,9.0
106.687,-9.083,9.497,13.0
106.315,-9.025,8.875,7.0
84.239,-7.131,6.567,10.0
84.88,-7.195,9.017,2.0
106.705,-9.019,10.741,7.0
106.66,-8.988,10.143,14.0
106.169,-8.92,9.497,12.0
85.097,-7.13,7.139,5.0
96.823,-8.089,7.588,2.0
0.0,0.0,0.0,0.0
99.246,-8.276,10.031,6.0
106.703,-8.872,10.19,2.0
106.088,-8.793,9.531,1.0
96.712,-7.993,8.151,4.0
86.195,-7.103,6.787,1.0
99.714,-8.227,10.672,1.0
100.11,-8.234,10.155,2.0
106.596,-8.74,10.218,2.0
105.31,-8.607,9.499,15.0
107.86,-8.788,9.129,2.0
107.923,-8.767,8.535,16.0
0.0,0.0,0.0,0.0
0.0,0.0,0.0,0.0
0.0,0.0,0.0,0.0
98.356,-7.923,8.902,9.0
107.828,-8.658,9.16,9.0
98.419,-7.878,7.813,13.0
0.0,0.0,0.0,0.0
0.0,0.0,0.0,0.0
0.0,0.0,0.0,0.0
108.48,-8.606,9.849,1.0
98.69,-7.804,8.409,6.0
97.792,-7.71,7.788,6.0
0.0,0.0,0.0,0.0
0.0,0.0,0.0,0.0
0.0,0.0,0.0,0.0
0.0,0.0,0.0,0.0
105.971,-8.25,9.054,5.0
107.976,-8.379,8.623,7.0
0.0,0.0,0.0,0.0
0.0,0.0,0.0,0.0
0.0,0.0,0.0,0.0
0.0,0.0,0.0,0.0
0.0,0.0,0.0,0.0
107.976,-8.245,8.642,4.0
0.0,0.0,0.0,0.0
0.0,0.0,0.0,0.0
0.0,0.0,0.0,0.0
0.0,0.0,0.0,0.0
108.456,-8.172,9.301,7.0
148.019,-11.116,11.867,2.0
0.0,0.0,0.0,0.0
0.0,0.0,0.0,0.0
0.0,0.0,0.0,0.0
108.697,-8.079,9.942,1.0
0.0,0.0,0.0,0.0
108.925,-8.039,8.743,5.0
0.0,0.0,0.0,0.0
0.0,0.0,0.0,0.0
0.0,0.0,0.0,0.0
0.0,0.0,0.0,0.0
0.0,0.0,0.0,0.0
108.351,-7.856,8.703,2.0
0.0,0.0,0.0,0.0
0.0,0.0,0.0,0.0
0.0,0.0,0.0,0.0
0.0,0.0,0.0,0.0
0.0,0.0,0.0,0.0
109.061,-7.764,8.76,2.0
0.0,0.0,0.0,0.0
0.0,0.0,0.0,0.0
0.0,0.0,0.0,0.0
0.0,0.0,0.0,0.0
0.0,0.0,0.0,0.0
0.0,0.0,0.0,0.0
0.0,0.0,0.0,0.0
0.0,0.0,0.0,0.0
0.0,0.0,0.0,0.0
0.0,0.0,0.0,0.0
0.0,0.0,0.0,0.0
109.144,-7.479,8.754,2.0
0.0,0.0,0.0,0.0
0.0,0.0,0.0,0.0
0.0,0.0,0.0,0.0
0.0,0.0,0.0,0.0
0.0,0.0,0.0,0.0
0.0,0.0,0.0,0.0
0.0,0.0,0.0,0.0
0.0,0.0,0.0,0.0
0.0,0.0,0.0,0.0
0.0,0.0,0.0,0.0
0.0,0.0,0.0,0.0
0.0,0.0,0.0,0.0
0.0,0.0,0.0,0.0
0.0,0.0,0.0,0.0
0.0,0.0,0.0,0.0
0.0,0.0,0.0,0.0
0.0,0.0,0.0,0.0
0.0,0.0,0.0,0.0
0.0,0.0,0.0,0.0
0.0,0.0,0.0,0.0
0.0,0.0,0.0,0.0
0.0,0.0,0.0,0.0
0.0,0.0,0.0,0.0
0.0,0.0,0.0,0.0
0.0,0.0,0.0,0.0
0.0,0.0,0.0,0.0
0.0,0.0,0.0,0.0
0.0,0.0,0.0,0.0
0.0,0.0,0.0,0.0
0.0,0.0,0.0,0.0
0.0,0.0,0.0,0.0
0.0,0.0,0.0,0.0
0.0,0.0,0.0,0.0
0.0,0.0,0.0,0.0
0.0,0.0,0.0,0.0
0.0,0.0,0.0,0.0
0.0,0.0,0.0,0.0
0.0,0.0,0.0,0.0
0.0,0.0,0.0,0.0
0.0,0.0,0.0,0.0
0.0,0.0,0.0,0.0
0.0,0.0,0.0,0.0
0.0,0.0,0.0,0.0
0.0,0.0,0.0,0.0
0.0,0.0,0.0,0.0
0.0,0.0,0.0,0.0
0.0,0.0,0.0,0.0
0.0,0.0,0.0,0.0
0.0,0.0,0.0,0.0
0.0,0.0,0.0,0.0
0.0,0.0,0.0,0.0
0.0,0.0,0.0,0.0
0.0,0.0,0.0,0.0
93.029,-5.21,7.212,1.0
0.0,0.0,0.0,0.0
56.675,-3.153,5.664,0.0
92.236,-5.107,8.69,2.0
0.0,0.0,0.0,0.0
0.0,0.0,0.0,0.0
0.0,0.0,0.0,0.0
0.0,0.0,0.0,0.0
56.534,-3.065,5.619,5.0
56.851,-3.067,5.325,1.0
92.361,-4.958,8.114,5.0
0.0,0.0,0.0,0.0
92.789,-4.933,7.093,2.0
0.0,0.0,0.0,0.0
0.0,0.0,0.0,0.0
56.722,-2.979,5.279,2.0
91.908,-4.803,8.019,12.0
83.155,-4.324,6.781,4.0
92.763,-4.799,7.035,2.0
55.237,-2.852,5.741,2.0
63.609,-3.267,6.245,0.0
56.752,-2.899,5.246,2.0
91.988,-4.675,7.968,6.0
83.653,-4.231,6.767,3.0
83.056,-4.179,6.244,5.0
55.148,-2.768,5.695,4.0
92.661,-4.627,9.036,5.0
56.682,-2.815,5.201,8.0
91.991,-4.545,7.905,6.0
93.307,-4.586,7.484,3.0
92.776,-4.537,6.911,3.0
55.115,-2.688,5.653,4.0
92.634,-4.493,8.967,8.0
56.707,-2.736,5.163,8.0
92.023,-4.417,7.841,3.0
91.6,-4.372,7.28,4.0
92.563,-4.396,6.827,1.0
55.097,-2.608,5.609,4.0
83.235,-3.919,7.993,13.0
56.724,-2.656,5.121,7.0
83.885,-3.907,7.083,5.0
92.869,-4.303,7.309,9.0
83.412,-3.844,6.088,6.0
55.035,-2.528,5.559,18.0
90.836,-4.149,8.652,10.0
56.73,-2.576,5.076,8.0
83.836,-3.787,7.011,9.0
93.151,-4.186,7.255,4.0
83.334,-3.723,6.014,8.0
64.361,-2.865,6.447,11.0
63.82,-2.825,6.024,3.0
56.751,-2.498,5.03,8.0
92.797,-4.062,7.682,12.0
92.851,-4.042,7.154,4.0
83.262,-3.605,5.937,7.0
57.318,-2.472,5.691,9.0
63.698,-2.731,5.957,4.0
56.79,-2.42,4.983,4.0
83.296,-3.529,6.821,13.0
90.469,-3.812,6.888,10.0
83.273,-3.488,5.861,8.0
63.369,-2.643,6.233,14.0
54.978,-2.28,5.09,13.0
56.889,-2.345,4.938,3.0
83.29,-3.414,6.741,8.0
92.438,-3.766,6.95,14.0
83.241,-3.372,5.78,8.0
53.265,-2.148,5.188,3.0
54.947,-2.202,5.034,14.0
82.899,-3.302,7.116,9.0
92.631,-3.669,7.407,4.0
93.027,-3.662,6.903,8.0
91.21,-3.569,6.244,4.0
63.343,-2.467,6.106,13.0
54.788,-2.12,4.963,16.0
91.236,-3.509,7.739,7.0
91.463,-3.496,7.22,5.0
93.023,-3.535,6.807,11.0
90.211,-3.407,6.082,6.0
63.213,-2.375,6.027,10.0
40.783,-1.523,3.652,40.0
82.191,-3.05,6.884,10.0
91.581,-3.376,7.133,8.0
90.66,-3.321,6.537,7.0
90.232,-3.285,5.986,11.0
63.939,-2.315,6.026,14.0
54.837,-1.973,4.85,15.0
92.39,-3.303,7.637,9.0
91.726,-3.258,7.043,17.0
82.59,-2.915,5.864,13.0
93.184,-3.268,6.079,14.0
40.669,-1.417,3.787,33.0
54.803,-1.897,4.784,6.0
83.042,-2.857,6.768,9.0
92.637,-3.166,7.006,59.0
83.176,-2.824,5.809,19.0
93.188,-3.144,5.971,21.0
40.735,-1.365,3.745,58.0
41.054,-1.366,3.536,16.0
83.024,-2.746,6.669,9.0
90.311,-2.967,6.722,8.0
83.187,-2.715,5.712,71.0
93.175,-3.021,5.859,11.0
40.806,-1.314,3.702,35.0
54.743,-1.75,4.648,8.0
83.063,-2.637,6.571,11.0
83.175,-2.623,6.089,32.0
83.504,-2.616,5.63,33.0
93.046,-2.894,5.736,38.0
40.788,-1.26,3.649,71.0
54.704,-1.678,4.576,5.0
83.633,-2.547,6.511,9.0
172.454,-5.217,12.409,26.0
83.595,-2.511,5.531,18.0
90.573,-2.701,5.468,57.0
53.299,-1.577,4.7,5.0
54.661,-1.606,4.502,4.0
83.649,-2.44,6.403,16.0
92.459,-2.679,6.532,13.0
90.612,-2.606,5.877,42.0
83.463,-2.384,4.93,23.0
53.52,-1.516,4.648,13.0
41.181,-1.158,3.337,43.0
41.269,-1.151,3.104,48.0
93.436,-2.589,6.476,3.0
92.31,-2.539,5.862,64.0
83.545,-2.281,4.821,25.0
53.57,-1.45,4.579,6.0
41.247,-1.108,3.285,49.0
84.798,-2.261,6.261,3.0
94.266,-2.494,6.403,2.0
129.087,-3.391,8.02,33.0
99.001,-2.581,5.577,30.0
53.642,-1.386,4.509,11.0
41.141,-1.054,3.219,56.0
84.778,-2.156,6.14,1.0
91.63,-2.312,6.094,11.0
97.944,-2.452,5.945,27.0
83.678,-2.079,4.595,20.0
41.287,-1.016,3.411,25.0
41.216,-1.006,3.165,52.0
41.192,-0.997,2.923,7.0
84.353,-2.027,5.488,15.0
91.425,-2.179,5.416,18.0
92.164,-2.18,4.926,41.0
41.17,-0.964,3.341,49.0
41.213,-0.957,3.104,57.0
84.177,-1.939,5.849,59.0
84.061,-1.921,5.345,35.0
91.389,-2.071,5.279,84.0
92.091,-2.07,4.785,41.0
41.142,-0.915,3.276,38.0
41.217,-0.909,3.041,4.0
84.706,-1.852,5.758,17.0
84.108,-1.824,5.219,46.0
91.326,-1.964,5.135,28.0
91.825,-1.958,4.631,79.0
41.267,-0.87,3.222,31.0
83.927,-1.755,6.064,6.0
129.822,-2.692,8.624,19.0
84.11,-1.729,5.089,39.0
83.779,-1.707,4.582,41.0
91.246,-1.844,4.461,79.0
41.244,-0.824,3.156,26.0
126.473,-2.504,8.94,27.0
85.817,-1.684,5.566,69.0
84.115,-1.637,4.958,30.0
127.143,-2.453,6.756,38.0
90.676,-1.734,4.291,27.0
41.17,-0.778,3.085,5.0
126.352,-2.365,8.732,33.0
85.327,-1.583,5.399,68.0
84.111,-1.546,4.823,20.0
127.223,-2.318,6.556,37.0
93.008,-1.679,4.251,35.0
63.89,-1.138,4.684,70.0
126.374,-2.231,8.528,29.0
85.236,-1.491,5.254,57.0
83.824,-1.453,4.671,36.0
90.782,-1.559,4.53,15.0
92.964,-1.581,4.097,39.0
63.696,-1.068,4.565,39.0
124.921,-2.075,8.222,36.0
85.318,-1.404,5.117,11.0
83.878,-1.367,4.533,61.0
90.857,-1.466,4.382,56.0
91.449,-1.462,3.878,62.0
63.347,-0.998,4.432,15.0
124.874,-1.947,8.007,21.0
128.733,-1.988,7.503,8.0
83.872,-1.282,4.39,29.0
85.77,-1.298,3.989,114.0
91.551,-1.371,3.725,39.0
94.263,-1.39,6.431,46.0
94.25,-1.376,5.879,41.0
127.365,-1.841,7.201,22.0
151.298,-2.164,7.656,34.0
85.792,-1.214,3.841,150.0
99.466,-1.394,3.876,26.0
82.571,-1.138,5.489,59.0
82.75,-1.129,5.017,44.0
83.599,-1.128,4.58,23.0
79.197,-1.057,3.868,167.0
86.012,-1.136,3.7,150.0
79.495,-1.038,2.956,1.0
86.043,-1.105,5.567,13.0
83.226,-1.057,4.898,12.0
90.36,-1.135,4.789,16.0
79.231,-0.984,3.73,164.0
79.393,-0.975,3.274,150.0
79.405,-0.965,2.811,150.0
86.09,-1.027,5.413,44.0
83.375,-0.983,4.755,56.0
83.736,-0.976,4.286,87.0
85.837,-0.989,3.883,150.0
79.42,-0.904,3.13,165.0
79.422,-0.894,2.667,151.0
83.088,-0.918,5.072,44.0
83.609,-0.913,4.616,26.0
79.199,-0.854,3.908,150.0
85.892,-0.915,3.728,91.0
79.428,-0.836,2.984,163.0
79.414,-0.826,2.521,150.0
85.915,-0.876,5.086,43.0
93.832,-0.944,5.004,37.0
79.282,-0.788,3.765,188.0
89.532,-0.879,3.72,21.0
79.426,-0.77,2.836,151.0
79.412,-0.76,2.372,150.0
85.831,-0.804,4.917,38.0
93.834,-0.867,4.827,10.0
85.892,-0.784,3.916,150.0
79.424,-0.715,3.148,181.0
79.42,-0.706,2.685,150.0
79.425,-0.697,2.221,151.0
85.605,-0.734,4.742,37.0
79.197,-0.67,3.922,150.0
86.021,-0.718,3.757,40.0
79.43,-0.653,2.996,162.0
79.422,-0.645,2.532,150.0
79.434,-0.636,2.07,153.0
59.455,-0.464,3.178,111.0
79.269,-0.611,3.773,150.0
79.388,-0.603,3.314,53.0
79.406,-0.594,2.843,150.0
79.416,-0.586,2.379,150.0
79.426,-0.578,1.917,169.0
59.458,-0.422,3.063,113.0
59.475,-0.416,2.717,102.0
79.413,-0.547,3.162,150.0
79.416,-0.538,2.689,150.0
79.436,-0.53,2.225,153.0
79.417,-0.522,1.762,197.0
59.467,-0.38,2.946,110.0
59.48,-0.375,2.599,101.0
79.422,-0.492,3.005,150.0
79.43,-0.485,2.532,151.0
79.438,-0.477,2.069,167.0
79.42,-0.47,1.604,206.0
59.479,-0.341,2.828,114.0
59.457,-0.336,2.48,95.0
79.413,-0.441,2.847,150.0
79.429,-0.434,2.376,154.0
79.436,-0.426,1.911,174.0
79.428,-0.419,1.446,185.0
59.471,-0.304,2.708,109.0
79.397,-0.398,3.15,106.0
79.417,-0.392,2.687,150.0
79.432,-0.385,2.215,151.0
79.437,-0.378,1.75,173.0
79.449,-0.371,1.287,157.0
59.466,-0.269,2.589,103.0
79.421,-0.352,2.992,150.0
79.417,-0.346,2.528,150.0
79.436,-0.339,2.055,151.0
79.43,-0.333,1.59,255.0
79.451,-0.327,1.126,151.0
59.453,-0.236,2.467,94.0
79.424,-0.309,2.83,150.0
79.409,-0.302,2.364,150.0
79.435,-0.296,1.892,151.0
79.447,-0.29,1.427,185.0
79.459,-0.284,0.963,151.0
79.41,-0.273,3.132,150.0
79.424,-0.267,2.667,150.0
79.415,-0.262,2.201,151.0
79.438,-0.256,1.73,153.0
79.453,-0.251,1.266,152.0
79.445,-0.245,0.801,151.0
79.419,-0.235,2.969,150.0
79.414,-0.229,2.503,150.0
79.438,-0.224,2.039,151.0
79.437,-0.219,1.566,170.0
79.453,-0.214,1.102,151.0
79.359,-0.208,0.636,52.0
79.427,-0.199,2.804,150.0
79.423,-0.194,2.338,150.0
79.441,-0.189,1.873,151.0
79.45,-0.184,1.4,159.0
79.469,-0.179,0.934,151.0
76.271,-0.167,0.45,12.0
79.429,-0.166,2.637,150.0
79.423,-0.161,2.171,150.0
79.439,-0.157,1.708,153.0
79.454,-0.153,1.234,153.0
79.437,-0.148,0.768,150.0
61.578,-0.111,0.235,10.0
79.431,-0.136,2.47,150.0
79.44,-0.132,2.004,151.0
79.443,-0.128,1.539,174.0
79.457,-0.124,1.066,153.0
79.244,-0.119,0.599,23.0
0.0,0.0,0.0,0.0
79.428,-0.108,2.3,150.0
79.445,-0.105,1.835,151.0
79.449,-0.101,1.369,165.0
79.455,-0.097,0.897,154.0
76.047,-0.09,0.412,11.0
45.418,-0.051,-0.019,19.0
79.438,-0.084,2.131,150.0
79.455,-0.081,1.666,151.0
79.451,-0.077,1.2,156.0
79.419,-0.074,0.726,150.0
55.892,-0.05,0.185,28.0
41.053,-0.035,-0.104,17.0
79.439,-0.063,1.964,150.0
79.447,-0.06,1.498,171.0
79.462,-0.057,1.033,158.0
76.374,-0.052,0.539,17.0
47.983,-0.031,0.057,13.0
39.373,-0.024,-0.183,25.0
79.452,-0.045,1.795,151.0
79.456,-0.042,1.329,157.0
79.454,-0.04,0.864,191.0
61.745,-0.029,0.304,20.0
0.0,0.0,0.0,0.0
38.441,-0.016,-0.26,6.0
79.452,-0.029,1.627,151.0
79.466,-0.027,1.161,155.0
79.396,-0.025,0.694,83.0
0.0,0.0,0.0,0.0
40.45,-0.011,-0.124,16.0
33.847,-0.008,-0.302,1.0
79.446,-0.017,1.454,162.0
79.462,-0.015,0.989,171.0
76.167,-0.013,0.503,19.0
47.326,-0.007,0.03,21.0
39.028,-0.005,-0.203,14.0
31.758,-0.003,-0.351,1.0
79.454,-0.007,1.285,151.0
79.472,-0.006,0.819,162.0
61.605,-0.004,0.273,12.0
0.0,0.0,0.0,0.0
38.292,-0.001,-0.282,3.0
30.024,0.0,-0.397,2.0
79.459,-0.001,1.112,151.0
79.347,0.0,0.647,27.0
0.0,0.0,0.0,0.0
39.728,0.0,-0.145,37.0
33.375,0.0,-0.318,1.0
28.839,0.0,-0.443,2.0
79.463,0.002,0.941,158.0
76.009,0.002,0.455,13.0
0.0,0.0,0.0,0.0
38.698,0.001,-0.225,14.0
31.127,0.001,-0.363,1.0
27.35,0.001,-0.479,2.0
79.46,0.002,0.771,150.0
56.078,0.002,0.215,10.0
43.808,0.001,-0.087,4.0
38.072,0.001,-0.302,1.0
29.736,0.0,-0.41,2.0
26.268,0.0,-0.516,2.0
76.414,0.0,0.577,17.0
48.08,0.0,0.081,6.0
39.485,0.0,-0.163,34.0
32.79,0.0,-0.331,1.0
28.371,0.0,-0.452,2.0
24.94,0.0,-0.543,1.0
61.865,-0.003,0.335,15.0
44.946,-0.003,-0.019,22.0
38.499,-0.003,-0.242,8.0
30.629,-0.002,-0.375,1.0
26.981,-0.002,-0.488,2.0
23.779,-0.002,-0.57,2.0
0.0,0.0,0.0,0.0
40.582,-0.007,-0.104,16.0
38.175,-0.007,-0.322,0.0
29.336,-0.006,-0.422,2.0
25.937,-0.006,-0.525,1.0
22.938,-0.005,-0.599,3.0
47.625,-0.014,0.053,22.0
39.168,-0.013,-0.185,14.0
32.051,-0.011,-0.338,1.0
27.945,-0.01,-0.462,2.0
24.553,-0.009,-0.55,2.0
22.039,-0.009,-0.622,3.0
43.778,-0.021,-0.044,19.0
38.395,-0.019,-0.263,5.0
30.281,-0.016,-0.385,1.0
26.665,-0.015,-0.498,2.0
23.502,-0.014,-0.577,2.0
21.064,-0.013,-0.64,3.0
40.008,-0.028,-0.126,30.0
33.624,-0.025,-0.303,1.0
29.049,-0.022,-0.432,2.0
25.479,-0.02,-0.53,1.0
22.651,-0.019,-0.604,3.0
20.205,-0.017,-0.657,2.0
38.994,-0.037,-0.205,14.0
31.424,-0.031,-0.349,1.0
27.519,-0.028,-0.467,1.0
24.199,-0.026,-0.554,2.0
21.756,-0.024,-0.626,3.0
19.291,-0.022,-0.668,3.0
38.082,-0.047,-0.28,2.0
29.83,-0.038,-0.394,2.0
26.468,-0.035,-0.504,2.0
23.297,-0.032,-0.583,3.0
20.849,-0.029,-0.643,2.0
18.696,-0.027,-0.687,2.0
32.978,-0.052,-0.311,1.0
28.695,-0.046,-0.439,2.0
25.267,-0.042,-0.535,1.0
22.434,-0.038,-0.608,3.0
19.982,-0.035,-0.658,2.0
18.026,-0.032,-0.7,1.0
30.987,-0.06,-0.358,1.0
27.258,-0.054,-0.474,1.0
24.048,-0.049,-0.559,3.0
21.469,-0.045,-0.627,3.0
19.163,-0.041,-0.672,2.0
17.429,-0.038,-0.713,1.0
29.575,-0.069,-0.403,2.0
26.188,-0.062,-0.51,2.0
23.104,-0.056,-0.585,2.0
20.572,-0.051,-0.643,2.0
18.497,-0.047,-0.687,2.0
16.834,-0.044,-0.724,1.0
28.346,-0.078,-0.444,1.0
24.835,-0.07,-0.534,1.0
22.207,-0.064,-0.608,3.0
19.742,-0.058,-0.658,2.0
17.874,-0.054,-0.7,2.0
16.251,-0.05,-0.732,1.0
26.946,-0.087,-0.478,2.0
23.845,-0.079,-0.562,2.0
21.268,-0.072,-0.626,2.0
19.031,-0.065,-0.673,2.0
17.287,-0.061,-0.713,1.0
15.767,-0.056,-0.743,1.0
25.978,-0.097,-0.514,1.0
22.941,-0.088,-0.588,2.0
20.432,-0.079,-0.643,2.0
18.352,-0.073,-0.687,2.0
16.738,-0.068,-0.725,1.0
15.308,-0.063,-0.752,1.0
24.691,-0.106,-0.538,1.0
22.039,-0.096,-0.609,3.0
19.611,-0.087,-0.657,2.0
17.775,-0.08,-0.701,1.0
16.158,-0.074,-0.732,1.0
14.915,-0.07,-0.763,1.0
23.749,-0.116,-0.565,1.0
21.101,-0.104,-0.626,3.0
18.944,-0.095,-0.673,2.0
17.196,-0.088,-0.713,1.0
15.689,-0.082,-0.742,1.0
14.514,-0.077,-0.771,1.0
22.861,-0.125,-0.589,2.0
20.266,-0.113,-0.641,3.0
18.319,-0.103,-0.686,2.0
16.665,-0.096,-0.724,1.0
15.276,-0.089,-0.753,1.0
14.111,-0.084,-0.778,0.0
21.883,-0.134,-0.607,2.0
19.596,-0.122,-0.659,2.0
17.73,-0.112,-0.699,1.0
16.138,-0.103,-0.733,1.0
14.862,-0.096,-0.762,1.0
13.759,-0.091,-0.785,1.0
21.077,-0.143,-0.626,3.0
18.851,-0.13,-0.67,1.0
17.208,-0.12,-0.712,1.0
15.673,-0.111,-0.742,1.0
14.473,-0.104,-0.77,1.0
13.465,-0.098,-0.795,1.0
20.196,-0.151,-0.638,3.0
18.271,-0.139,-0.684,1.0
16.654,-0.128,-0.721,0.0
15.254,-0.119,-0.751,1.0
14.111,-0.112,-0.777,1.0
13.149,-0.105,-0.801,1.0
19.599,-0.161,-0.657,2.0
17.731,-0.148,-0.697,1.0
16.118,-0.136,-0.728,1.0
14.88,-0.127,-0.76,1.0
13.764,-0.119,-0.784,1.0
12.879,-0.113,-0.809,0.0
18.886,-0.17,-0.668,1.0
17.201,-0.157,-0.709,1.0
15.725,-0.145,-0.74,1.0
14.499,-0.136,-0.768,1.0
13.493,-0.128,-0.794,1.0
12.571,-0.12,-0.813,0.0
18.317,-0.18,-0.682,1.0
16.711,-0.166,-0.72,0.0
15.303,-0.154,-0.748,1.0
14.122,-0.144,-0.774,1.0
13.18,-0.136,-0.8,1.0
12.329,-0.128,-0.821,0.0
17.802,-0.19,-0.695,1.0
16.202,-0.175,-0.727,1.0
14.913,-0.163,-0.757,1.0
13.785,-0.152,-0.781,0.0
12.915,-0.144,-0.808,0.0
12.08,-0.136,-0.826,0.0
17.287,-0.199,-0.707,1.0
15.788,-0.184,-0.737,1.0
14.557,-0.171,-0.765,1.0
13.535,-0.161,-0.792,1.0
12.622,-0.152,-0.812,1.0
11.852,-0.144,-0.832,1.0
16.803,-0.209,-0.717,1.0
15.388,-0.193,-0.746,1.0
14.212,-0.18,-0.772,1.0
13.261,-0.17,-0.799,1.0
12.395,-0.161,-0.819,1.0
11.62,-0.152,-0.836,0.0
16.292,-0.217,-0.723,1.0
14.999,-0.202,-0.753,1.0
13.891,-0.189,-0.779,1.0
12.98,-0.178,-0.805,0.0
12.148,-0.169,-0.824,0.0
11.433,-0.16,-0.842,0.0
15.918,-0.227,-0.734,1.0
14.67,-0.212,-0.762,1.0
13.605,-0.198,-0.786,1.0
12.719,-0.187,-0.81,0.0
11.919,-0.177,-0.829,1.0
11.228,-0.168,-0.846,0.0
15.515,-0.237,-0.742,1.0
14.326,-0.221,-0.768,1.0
13.359,-0.208,-0.794,1.0
12.457,-0.196,-0.814,1.0
11.716,-0.186,-0.834,0.0
11.046,-0.177,-0.851,0.0
15.174,-0.247,-0.75,1.0
14.029,-0.23,-0.775,1.0
13.102,-0.217,-0.8,1.0
12.249,-0.205,-0.821,0.0
11.513,-0.194,-0.839,0.0
10.857,-0.185,-0.854,0.0
14.83,-0.256,-0.757,1.0
13.746,-0.24,-0.782,1.0
12.828,-0.226,-0.804,0.0
12.02,-0.213,-0.825,1.0
11.322,-0.203,-0.843,0.0
10.683,-0.193,-0.858,0.0
14.519,-0.266,-0.765,1.0
13.497,-0.25,-0.789,1.0
12.616,-0.235,-0.811,0.0
11.827,-0.222,-0.83,1.0
11.134,-0.211,-0.847,0.0
10.538,-0.202,-0.863,0.0
14.202,-0.276,-0.77,1.0
13.253,-0.259,-0.796,1.0
12.401,-0.245,-0.817,0.0
11.615,-0.231,-0.834,1.0
10.967,-0.22,-0.851,0.0
10.361,-0.21,-0.865,0.0
13.91,-0.285,-0.776,1.0
13.005,-0.269,-0.801,1.0
12.168,-0.254,-0.82,0.0
11.468,-0.241,-0.841,0.0
10.789,-0.229,-0.854,0.0
10.2,-0.218,-0.867,0.0
13.656,-0.295,-0.782,1.0
12.789,-0.279,-0.806,1.0
11.974,-0.263,-0.825,1.0
11.273,-0.25,-0.843,0.0
10.651,-0.238,-0.859,0.0
10.012,-0.225,-0.865,0.0
13.465,-0.306,-0.791,1.0
12.571,-0.288,-0.811,1.0
11.799,-0.273,-0.83,1.0
11.108,-0.259,-0.847,0.0
10.516,-0.247,-0.863,0.0
9.886,-0.234,-0.869,1.0
13.23,-0.317,-0.796,1.0
12.363,-0.298,-0.815,1.0
11.628,-0.283,-0.834,0.0
10.968,-0.268,-0.852,0.0
10.34,-0.255,-0.863,0.0
9.782,-0.243,-0.873,2.0
13.007,-0.327,-0.8,0.0
12.159,-0.308,-0.819,0.0
11.478,-0.293,-0.839,0.0
10.79,-0.277,-0.853,0.0
10.213,-0.264,-0.866,0.0
9.714,-0.253,-0.881,1.0
12.797,-0.337,-0.805,1.0
11.994,-0.318,-0.824,0.0
11.289,-0.301,-0.841,0.0
10.656,-0.287,-0.856,0.0
10.05,-0.272,-0.866,0.0
9.577,-0.262,-0.881,0.0
12.61,-0.347,-0.81,0.0
11.824,-0.328,-0.828,1.0
11.146,-0.311,-0.845,0.0
10.525,-0.296,-0.86,0.0
9.913,-0.281,-0.867,1.0
9.466,-0.27,-0.883,0.0
12.415,-0.357,-0.813,1.0
11.677,-0.338,-0.832,0.0
10.995,-0.321,-0.847,0.0
10.403,-0.306,-0.863,0.0
9.812,-0.29,-0.871,2.0
9.371,-0.279,-0.886,0.0
12.254,-0.368,-0.818,0.0
11.512,-0.348,-0.835,0.0
10.857,-0.331,-0.85,0.0
10.273,-0.315,-0.865,0.0
9.753,-0.301,-0.878,1.0
9.266,-0.288,-0.888,0.0
12.087,-0.379,-0.821,0.0
11.38,-0.359,-0.839,0.0
10.75,-0.341,-0.854,0.0
10.132,-0.324,-0.865,0.0
9.65,-0.31,-0.88,0.0
9.174,-0.297,-0.89,0.0
11.93,-0.389,-0.824,0.0
11.244,-0.369,-0.842,0.0
10.611,-0.35,-0.856,0.0
10.012,-0.333,-0.866,0.0
9.541,-0.319,-0.881,0.0
9.076,-0.306,-0.89,0.0
11.784,-0.4,-0.827,0.0
11.119,-0.379,-0.845,0.0
10.511,-0.361,-0.859,0.0
9.894,-0.342,-0.867,1.0
9.458,-0.329,-0.883,0.0
8.992,-0.315,-0.892,0.0
11.664,-0.411,-0.831,0.0
11.014,-0.39,-0.848,0.0
10.402,-0.371,-0.861,0.0
9.8,-0.352,-0.869,2.0
9.373,-0.338,-0.885,0.0
8.911,-0.324,-0.893,0.0
11.538,-0.421,-0.834,0.0
10.9,-0.401,-0.851,0.0
10.302,-0.381,-0.864,0.0
9.757,-0.363,-0.875,1.0
9.281,-0.347,-0.886,0.0
8.799,-0.331,-0.891,0.0
11.418,-0.432,-0.837,0.0
10.792,-0.411,-0.853,0.0
10.168,-0.39,-0.862,0.0
9.698,-0.374,-0.879,0.0
9.225,-0.358,-0.89,0.0
8.754,-0.342,-0.895,0.0
11.302,-0.443,-0.839,0.0
10.687,-0.421,-0.855,0.0
10.052,-0.399,-0.862,0.0
9.591,-0.383,-0.879,0.0
9.128,-0.366,-0.889,0.0
8.691,-0.351,-0.897,0.0
11.197,-0.454,-0.842,0.0
10.561,-0.431,-0.855,0.0
9.96,-0.409,-0.863,1.0
9.515,-0.393,-0.88,0.0
9.05,-0.376,-0.89,0.0
8.636,-0.361,-0.899,0.0
11.102,-0.465,-0.844,0.0
10.489,-0.442,-0.858,0.0
9.878,-0.419,-0.865,2.0
9.427,-0.402,-0.88,0.0
8.982,-0.385,-0.89,0.0
8.564,-0.369,-0.899,0.0
11.016,-0.477,-0.847,0.0
10.431,-0.454,-0.862,0.0
9.827,-0.43,-0.868,3.0
9.369,-0.412,-0.882,0.0
8.928,-0.395,-0.892,0.0
8.529,-0.379,-0.902,0.0
10.924,-0.488,-0.848,0.0
10.347,-0.464,-0.863,0.0
9.775,-0.441,-0.871,2.0
9.324,-0.423,-0.885,0.0
8.869,-0.405,-0.893,0.0
8.473,-0.389,-0.902,0.0
10.844,-0.499,-0.85,0.0
10.257,-0.474,-0.863,0.0
9.748,-0.453,-0.876,1.0
9.266,-0.433,-0.887,0.0
8.808,-0.414,-0.893,0.0
8.412,-0.398,-0.902,0.0
10.762,-0.51,-0.851,0.0
10.166,-0.484,-0.862,0.0
9.693,-0.464,-0.877,0.0
9.203,-0.443,-0.887,0.0
8.76,-0.424,-0.894,0.0
8.374,-0.407,-0.903,0.0
10.719,-0.523,-0.855,0.0
10.09,-0.495,-0.862,0.0
9.623,-0.474,-0.877,0.0
9.145,-0.453,-0.887,0.0
8.71,-0.434,-0.895,0.0
8.34,-0.417,-0.905,0.0
10.641,-0.534,-0.855,0.0
10.022,-0.505,-0.862,0.0
9.561,-0.484,-0.877,0.0
9.106,-0.464,-0.889,0.0
8.669,-0.444,-0.896,0.0
8.29,-0.426,-0.904,0.0
10.587,-0.546,-0.857,0.0
9.962,-0.516,-0.863,1.0
9.511,-0.495,-0.878,0.0
9.062,-0.474,-0.889,0.0
8.634,-0.454,-0.897,0.0
8.268,-0.437,-0.906,0.0
10.515,-0.557,-0.857,0.0
9.926,-0.528,-0.865,1.0
9.478,-0.506,-0.88,0.0
9.012,-0.484,-0.889,0.0
8.598,-0.464,-0.897,0.0
8.242,-0.447,-0.907,0.0
10.493,-0.57,-0.86,0.0
9.893,-0.54,-0.867,2.0
9.437,-0.517,-0.881,0.0
9.011,-0.496,-0.893,0.0
8.563,-0.474,-0.898,0.0
8.211,-0.457,-0.908,0.0
10.441,-0.582,-0.86,0.0
9.854,-0.551,-0.868,2.0
9.404,-0.529,-0.881,0.0
8.949,-0.505,-0.891,0.0
8.538,-0.484,-0.899,0.0
8.181,-0.466,-0.908,0.0
10.408,-0.594,-0.861,0.0
9.817,-0.563,-0.868,2.0
9.372,-0.54,-0.882,0.0
8.919,-0.516,-0.891,0.0
8.511,-0.495,-0.899,0.0
8.177,-0.477,-0.91,0.0
10.352,-0.605,-0.86,0.0
9.803,-0.576,-0.87,2.0
9.34,-0.551,-0.882,0.0
8.886,-0.526,-0.891,0.0
8.51,-0.506,-0.901,0.0
8.144,-0.487,-0.909,0.0
10.333,-0.618,-0.862,0.0
9.79,-0.588,-0.872,2.0
9.325,-0.563,-0.883,0.0
8.877,-0.538,-0.892,0.0
8.475,-0.516,-0.9,0.0
8.123,-0.496,-0.909,0.0
10.304,-0.63,-0.862,0.0
9.763,-0.6,-0.872,2.0
9.296,-0.573,-0.883,0.0
8.867,-0.549,-0.893,0.0
8.455,-0.526,-0.9,0.0
8.103,-0.506,-0.908,0.0
10.272,-0.642,-0.862,0.0
9.765,-0.613,-0.874,2.0
9.291,-0.586,-0.884,0.0
8.858,-0.561,-0.894,0.0
8.441,-0.537,-0.9,0.0
8.1,-0.517,-0.91,0.0
10.261,-0.655,-0.863,0.0
9.755,-0.626,-0.875,1.0
9.28,-0.598,-0.885,0.0
8.835,-0.571,-0.893,0.0
8.436,-0.548,-0.901,0.0
8.092,-0.528,-0.91,0.0
10.245,-0.668,-0.863,0.0
9.745,-0.638,-0.875,1.0
9.265,-0.609,-0.884,0.0
8.82,-0.582,-0.893,0.0
8.429,-0.558,-0.901,0.0
8.083,-0.538,-0.909,0.0
10.232,-0.681,-0.862,0.0
9.757,-0.652,-0.877,2.0
9.251,-0.62,-0.884,0.0
8.815,-0.593,-0.893,0.0
8.437,-0.57,-0.902,0.0
8.086,-0.548,-0.91,0.0
10.222,-0.693,-0.862,0.0
9.755,-0.664,-0.877,2.0
9.253,-0.632,-0.884,0.0
8.807,-0.604,-0.892,0.0
8.438,-0.581,-0.902,0.0
8.076,-0.558,-0.909,0.0
10.226,-0.707,-0.862,0.0
9.752,-0.676,-0.877,2.0
9.271,-0.645,-0.885,0.0
8.807,-0.615,-0.892,0.0
8.439,-0.592,-0.902,0.0
8.083,-0.569,-0.91,0.0
10.229,-0.72,-0.862,0.0
9.748,-0.689,-0.876,2.0
9.275,-0.658,-0.885,0.0
8.823,-0.628,-0.893,0.0
8.435,-0.603,-0.901,0.0
8.103,-0.581,-0.911,0.0
10.255,-0.735,-0.863,0.0
9.76,-0.702,-0.876,2.0
9.28,-0.67,-0.885,0.0
8.837,-0.64,-0.893,0.0
8.468,-0.616,-0.903,0.0
8.091,-0.59,-0.909,0.0
10.279,-0.75,-0.864,0.0
9.776,-0.715,-0.876,2.0
9.309,-0.684,-0.886,0.0
8.839,-0.651,-0.892,0.0
8.48,-0.627,-0.903,0.0
8.104,-0.601,-0.909,0.0
10.308,-0.764,-0.864,0.0
9.769,-0.727,-0.874,2.0
9.305,-0.695,-0.884,0.0
8.857,-0.663,-0.892,0.0
8.489,-0.638,-0.902,0.0
8.128,-0.613,-0.91,0.0
10.3,-0.776,-0.861,0.0
9.787,-0.74,-0.873,2.0
9.327,-0.707,-0.884,0.0
8.882,-0.676,-0.892,0.0
8.513,-0.65,-0.903,0.0
8.155,-0.625,-0.911,0.0
10.349,-0.792,-0.863,0.0
9.794,-0.752,-0.871,2.0
9.363,-0.721,-0.885,0.0
8.915,-0.689,-0.893,0.0
8.524,-0.661,-0.901,0.0
8.158,-0.635,-0.908,0.0
10.376,-0.806,-0.862,0.0
9.806,-0.764,-0.869,3.0
9.375,-0.733,-0.883,0.0
8.938,-0.701,-0.892,0.0
8.54,-0.672,-0.9,0.0
8.18,-0.646,-0.908,0.0
10.395,-0.82,-0.86,0.0
9.828,-0.777,-0.868,2.0
9.405,-0.746,-0.882,0.0
8.966,-0.713,-0.892,0.0
8.556,-0.683,-0.899,0.0
8.211,-0.657,-0.908,0.0
10.448,-0.836,-0.86,0.0
9.866,-0.791,-0.867,2.0
9.434,-0.759,-0.881,0.0
9.009,-0.727,-0.893,0.0
8.602,-0.696,-0.9,0.0
8.242,-0.669,-0.908,0.0
10.473,-0.849,-0.858,0.0
9.903,-0.805,-0.866,2.0
9.482,-0.773,-0.882,0.0
9.019,-0.738,-0.89,0.0
8.625,-0.707,-0.899,0.0
8.271,-0.68,-0.908,0.0
10.537,-0.866,-0.858,0.0
9.927,-0.818,-0.864,1.0
9.528,-0.787,-0.881,0.0
9.062,-0.751,-0.889,0.0
8.658,-0.719,-0.898,0.0
8.295,-0.691,-0.906,0.0
10.583,-0.881,-0.857,0.0
9.975,-0.832,-0.863,1.0
9.559,-0.8,-0.879,0.0
9.135,-0.766,-0.892,0.0
8.701,-0.732,-0.898,0.0
8.327,-0.702,-0.905,0.0
10.643,-0.897,-0.856,0.0
10.042,-0.848,-0.863,0.0
9.604,-0.813,-0.878,0.0
9.177,-0.779,-0.891,0.0
8.724,-0.743,-0.895,0.0
8.359,-0.714,-0.904,0.0
10.699,-0.912,-0.854,0.0
10.124,-0.865,-0.864,0.0
9.674,-0.829,-0.879,0.0
9.197,-0.79,-0.887,0.0
8.776,-0.756,-0.895,0.0
8.41,-0.726,-0.904,0.0
10.777,-0.929,-0.854,1.0
10.189,-0.881,-0.863,0.0
9.731,-0.843,-0.878,1.0
9.287,-0.807,-0.89,0.0
8.813,-0.767,-0.893,0.0
8.456,-0.738,-0.904,0.0
10.814,-0.943,-0.85,1.0
10.29,-0.899,-0.865,0.0
9.768,-0.855,-0.875,2.0
9.312,-0.817,-0.886,0.0
8.886,-0.782,-0.894,0.0
8.487,-0.749,-0.901,0.0
10.881,-0.958,-0.848,0.0
10.36,-0.915,-0.864,0.0
9.801,-0.867,-0.871,3.0
9.36,-0.83,-0.884,0.0
8.941,-0.795,-0.894,0.0
8.544,-0.761,-0.901,0.0
10.983,-0.977,-0.848,0.0
10.412,-0.928,-0.861,1.0
9.861,-0.881,-0.869,2.0
9.438,-0.845,-0.884,0.0
9.006,-0.808,-0.893,0.0
8.61,-0.774,-0.901,0.0
11.069,-0.994,-0.846,0.0
10.468,-0.942,-0.857,1.0
9.913,-0.894,-0.866,2.0
9.497,-0.858,-0.883,0.0
9.066,-0.821,-0.892,0.0
8.654,-0.786,-0.899,0.0
11.136,-1.009,-0.842,0.0
10.539,-0.957,-0.855,0.0
9.997,-0.91,-0.865,1.0
9.559,-0.872,-0.881,0.0
9.141,-0.835,-0.892,0.0
8.704,-0.797,-0.897,0.0
11.227,-1.026,-0.84,0.0
10.614,-0.972,-0.852,0.0
10.097,-0.927,-0.865,0.0
9.658,-0.888,-0.881,0.0
9.188,-0.846,-0.889,0.0
8.76,-0.809,-0.895,0.0
11.331,-1.044,-0.838,0.0
10.733,-0.991,-0.852,0.0
10.155,-0.939,-0.862,0.0
9.744,-0.903,-0.881,1.0
9.265,-0.86,-0.888,0.0
8.851,-0.824,-0.897,0.0
11.427,-1.061,-0.835,0.0
10.82,-1.007,-0.85,0.0
10.266,-0.957,-0.862,0.0
9.787,-0.914,-0.876,3.0
9.347,-0.874,-0.888,0.0
8.919,-0.836,-0.896,0.0
11.561,-1.082,-0.835,0.0
10.938,-1.025,-0.849,0.0
10.367,-0.973,-0.861,0.0
9.84,-0.925,-0.871,3.0
9.416,-0.887,-0.885,0.0
8.985,-0.848,-0.894,0.0
11.69,-1.101,-0.833,0.0
11.034,-1.041,-0.846,0.0
10.49,-0.991,-0.861,0.0
9.914,-0.938,-0.869,2.0
9.49,-0.9,-0.883,0.0
9.061,-0.861,-0.892,0.0
11.786,-1.117,-0.828,0.0
11.132,-1.057,-0.842,0.0
10.557,-1.004,-0.856,0.0
10.004,-0.953,-0.866,1.0
9.606,-0.916,-0.884,0.0
9.166,-0.876,-0.893,0.0
11.852,-1.131,-0.821,0.0
11.248,-1.074,-0.84,0.0
10.686,-1.022,-0.856,0.0
10.101,-0.968,-0.864,0.0
9.706,-0.931,-0.883,0.0
9.251,-0.889,-0.892,0.0
12.062,-1.157,-0.823,0.0
11.394,-1.094,-0.839,0.0
10.756,-1.035,-0.85,0.0
10.205,-0.983,-0.863,0.0
9.77,-0.942,-0.879,2.0
9.323,-0.901,-0.889,0.0
12.26,-1.182,-0.824,0.0
11.497,-1.11,-0.834,0.0
10.902,-1.054,-0.85,0.0
10.354,-1.002,-0.864,0.0
9.824,-0.952,-0.873,3.0
9.403,-0.913,-0.886,0.0
12.364,-1.198,-0.817,0.0
11.612,-1.126,-0.83,0.0
11.034,-1.072,-0.848,0.0
10.458,-1.017,-0.861,0.0
9.91,-0.965,-0.87,2.0
9.506,-0.927,-0.885,0.0
12.528,-1.219,-0.814,0.0
11.866,-1.156,-0.835,0.0
11.157,-1.088,-0.845,0.0
10.581,-1.033,-0.86,0.0
10.032,-0.98,-0.869,1.0
9.604,-0.94,-0.884,0.0
12.684,-1.239,-0.81,0.0
11.967,-1.17,-0.829,0.0
11.272,-1.103,-0.841,0.0
10.713,-1.05,-0.858,0.0
10.121,-0.993,-0.865,1.0
9.728,-0.955,-0.884,1.0
12.859,-1.26,-0.807,0.0
12.085,-1.185,-0.823,0.0
11.414,-1.121,-0.838,0.0
10.795,-1.061,-0.852,0.0
10.257,-1.009,-0.865,0.0
9.784,-0.964,-0.878,3.0
13.07,-1.285,-0.805,0.0
12.255,-1.206,-0.82,0.0
11.585,-1.141,-0.837,0.0
10.954,-1.08,-0.852,0.0
10.381,-1.024,-0.863,0.0
9.868,-0.974,-0.873,3.0
13.252,-1.306,-0.8,0.0
12.436,-1.227,-0.817,0.0
11.776,-1.162,-0.837,0.0
11.074,-1.094,-0.848,0.0
10.521,-1.04,-0.862,0.0
9.962,-0.986,-0.869,2.0
13.433,-1.327,-0.795,0.0
12.624,-1.247,-0.814,0.0
11.921,-1.179,-0.833,0.0
11.203,-1.109,-0.844,0.0
10.665,-1.056,-0.86,0.0
10.082,-0.999,-0.867,1.0
13.66,-1.351,-0.791,0.0
12.82,-1.269,-0.811,0.0
12.062,-1.195,-0.827,0.0
11.328,-1.123,-0.839,0.0
10.762,-1.067,-0.855,0.0
10.208,-1.013,-0.865,0.0
13.865,-1.374,-0.786,0.0
13.012,-1.289,-0.807,0.0
12.234,-1.213,-0.824,0.0
11.577,-1.149,-0.843,0.0
10.913,-1.083,-0.853,0.0
10.353,-1.028,-0.864,0.0
14.068,-1.395,-0.78,0.0
13.198,-1.309,-0.802,0.0
12.41,-1.231,-0.82,0.0
11.744,-1.166,-0.84,0.0
11.063,-1.099,-0.85,0.0
10.5,-1.043,-0.863,0.0
14.353,-1.423,-0.777,0.0
13.414,-1.331,-0.798,0.0
12.589,-1.249,-0.816,0.0
11.901,-1.181,-0.836,0.0
11.182,-1.111,-0.845,0.0
10.659,-1.059,-0.863,0.0
14.567,-1.445,-0.77,1.0
13.613,-1.35,-0.792,0.0
12.774,-1.267,-0.811,0.0
12.035,-1.194,-0.83,0.0
11.359,-1.128,-0.844,0.0
10.761,-1.069,-0.857,1.0
14.797,-1.467,-0.763,1.0
13.844,-1.373,-0.787,0.0
12.986,-1.288,-0.808,0.0
12.204,-1.21,-0.825,0.0
11.58,-1.149,-0.845,0.0
10.913,-1.083,-0.854,0.0
15.132,-1.499,-0.76,1.0
14.045,-1.391,-0.78,0.0
13.183,-1.306,-0.802,0.0
12.39,-1.227,-0.821,0.0
11.765,-1.165,-0.842,0.0
11.073,-1.097,-0.852,0.0
15.425,-1.526,-0.755,1.0
14.325,-1.417,-0.777,0.0
13.42,-1.327,-0.799,0.0
12.571,-1.243,-0.816,0.0
11.91,-1.178,-0.837,0.0
11.189,-1.106,-0.846,0.0
15.774,-1.557,-0.75,1.0
14.597,-1.441,-0.772,1.0
13.629,-1.345,-0.793,0.0
12.808,-1.264,-0.815,0.0
12.05,-1.189,-0.83,0.0
11.323,-1.117,-0.841,0.0
16.159,-1.592,-0.747,2.0
14.834,-1.461,-0.764,0.0
13.854,-1.364,-0.787,0.0
12.982,-1.278,-0.808,0.0
12.245,-1.205,-0.827,0.0
11.582,-1.139,-0.844,0.0
16.291,-1.6,-0.731,11.0
15.182,-1.491,-0.762,0.0
14.094,-1.383,-0.782,0.0
13.227,-1.298,-0.805,0.0
12.421,-1.218,-0.822,0.0
11.779,-1.155,-0.842,0.0
16.321,-1.598,-0.71,8.0
15.482,-1.515,-0.755,1.0
14.372,-1.406,-0.777,0.0
13.451,-1.315,-0.8,0.0
12.627,-1.234,-0.818,0.0
11.943,-1.167,-0.837,0.0
16.413,-1.601,-0.692,6.0
15.815,-1.542,-0.75,1.0
14.615,-1.424,-0.77,0.0
13.67,-1.331,-0.794,1.0
12.847,-1.251,-0.815,0.0
12.089,-1.176,-0.831,0.0
0.0,0.0,0.0,0.0
16.205,-1.573,-0.746,2.0
14.914,-1.447,-0.765,0.0
13.88,-1.346,-0.787,0.0
13.042,-1.264,-0.809,0.0
12.294,-1.191,-0.828,0.0
17.893,-1.73,-0.705,0.0
16.29,-1.574,-0.728,10.0
15.235,-1.471,-0.761,0.0
14.117,-1.362,-0.782,0.0
13.27,-1.28,-0.805,0.0
12.457,-1.2,-0.822,0.0
18.294,-1.76,-0.696,0.0
16.341,-1.571,-0.708,9.0
15.546,-1.493,-0.756,0.0
14.436,-1.385,-0.779,0.0
13.499,-1.294,-0.8,0.0
12.688,-1.216,-0.82,0.0
18.763,-1.795,-0.688,1.0
16.471,-1.574,-0.691,4.0
15.898,-1.518,-0.751,1.0
14.645,-1.397,-0.771,0.0
13.728,-1.309,-0.795,0.0
12.908,-1.229,-0.816,0.0
19.209,-1.827,-0.678,1.0
17.363,-1.649,-0.704,0.0
16.243,-1.541,-0.745,6.0
14.964,-1.418,-0.767,0.0
13.924,-1.319,-0.787,0.0
13.119,-1.241,-0.811,0.0
19.765,-1.867,-0.67,1.0
17.975,-1.696,-0.704,0.0
16.295,-1.536,-0.725,10.0
15.303,-1.441,-0.763,0.0
14.225,-1.338,-0.785,0.0
13.342,-1.253,-0.807,0.0
20.232,-1.898,-0.658,0.0
18.417,-1.726,-0.697,0.0
16.374,-1.532,-0.706,10.0
15.601,-1.458,-0.757,0.0
14.467,-1.35,-0.778,1.0
13.569,-1.265,-0.802,0.0
20.807,-1.937,-0.649,1.0
18.847,-1.752,-0.687,1.0
16.456,-1.528,-0.687,3.0
16.006,-1.484,-0.754,1.0
14.73,-1.364,-0.772,1.0
13.765,-1.273,-0.794,0.0
21.357,-1.972,-0.637,1.0
19.33,-1.782,-0.678,0.0
17.623,-1.623,-0.711,0.0
16.241,-1.493,-0.743,8.0
15.049,-1.381,-0.768,0.0
13.984,-1.282,-0.788,0.0
21.909,-2.006,-0.623,1.0
19.881,-1.817,-0.671,0.0
18.076,-1.649,-0.705,0.0
16.304,-1.485,-0.724,9.0
15.335,-1.395,-0.762,0.0
14.298,-1.299,-0.786,0.0
22.516,-2.042,-0.61,1.0
20.389,-1.846,-0.66,0.0
18.491,-1.671,-0.696,0.0
16.361,-1.476,-0.704,7.0
15.658,-1.41,-0.757,0.0
14.522,-1.306,-0.779,0.0
23.217,-2.085,-0.598,1.0
20.882,-1.872,-0.648,1.0
18.918,-1.693,-0.687,0.0
16.527,-1.476,-0.689,2.0
16.075,-1.433,-0.755,1.0
14.778,-1.315,-0.772,0.0
23.838,-2.119,-0.582,1.0
21.468,-1.905,-0.637,0.0
19.525,-1.729,-0.683,1.0
17.707,-1.565,-0.714,0.0
16.285,-1.436,-0.743,6.0
15.104,-1.33,-0.769,0.0
24.748,-2.176,-0.571,1.0
22.011,-1.931,-0.624,1.0
19.88,-1.741,-0.669,0.0
18.089,-1.581,-0.706,0.0
16.313,-1.423,-0.723,9.0
15.385,-1.339,-0.763,0.0
25.395,-2.207,-0.552,1.0
22.593,-1.959,-0.611,1.0
20.379,-1.763,-0.659,0.0
18.511,-1.598,-0.698,0.0
16.376,-1.411,-0.704,6.0
15.679,-1.348,-0.757,0.0
26.035,-2.236,-0.532,1.0
23.29,-1.995,-0.599,1.0
20.932,-1.789,-0.649,0.0
18.909,-1.612,-0.688,1.0
16.595,-1.412,-0.692,1.0
16.029,-1.361,-0.753,1.0
26.873,-2.279,-0.515,1.0
23.837,-2.016,-0.583,1.0
21.403,-1.806,-0.636,1.0
19.345,-1.628,-0.679,0.0
17.695,-1.486,-0.715,0.0
16.261,-1.362,-0.743,1.0
27.794,-2.325,-0.497,1.0
24.741,-2.064,-0.573,1.0
21.969,-1.828,-0.625,1.0
19.857,-1.648,-0.672,0.0
18.075,-1.496,-0.707,0.0
16.328,-1.348,-0.725,1.0
28.695,-2.366,-0.476,1.0
25.427,-2.091,-0.556,1.0
22.577,-1.852,-0.613,1.0
20.301,-1.66,-0.661,0.0
18.487,-1.508,-0.7,1.0
16.401,-1.334,-0.708,1.0
29.545,-2.401,-0.453,1.0
25.993,-2.106,-0.536,1.0
23.211,-1.875,-0.601,1.0
20.838,-1.679,-0.652,0.0
18.86,-1.515,-0.69,1.0
17.211,-1.379,-0.721,1.0
30.492,-2.439,-0.43,1.0
26.668,-2.127,-0.517,1.0
23.729,-1.887,-0.586,1.0
21.313,-1.69,-0.641,1.0
19.248,-1.521,-0.681,0.0
17.649,-1.391,-0.718,1.0
31.931,-2.513,-0.411,1.0
27.682,-2.172,-0.503,1.0
24.639,-1.926,-0.577,1.0
21.827,-1.701,-0.629,1.0
19.768,-1.536,-0.675,0.0
18.006,-1.395,-0.71,0.0
32.812,-2.538,-0.382,1.0
28.26,-2.179,-0.479,1.0
25.237,-1.939,-0.561,1.0
22.372,-1.714,-0.618,1.0
20.203,-1.542,-0.666,0.0
18.389,-1.399,-0.703,1.0
34.681,-2.636,-0.363,0.0
29.191,-2.211,-0.46,2.0
25.854,-1.951,-0.544,1.0
22.938,-1.725,-0.607,1.0
20.632,-1.547,-0.656,0.0
18.731,-1.399,-0.695,1.0
36.343,-2.711,-0.338,0.0
29.979,-2.228,-0.438,1.0
26.522,-1.964,-0.528,1.0
23.488,-1.733,-0.594,1.0
21.158,-1.556,-0.648,0.0
19.093,-1.399,-0.686,1.0
39.188,-2.867,-0.319,0.0
30.744,-2.24,-0.414,3.0
27.113,-1.968,-0.509,1.0
24.099,-1.743,-0.582,1.0
21.661,-1.561,-0.638,1.0
19.518,-1.401,-0.679,0.0
40.909,-2.932,-0.287,0.0
32.361,-2.31,-0.399,1.0
27.958,-1.988,-0.493,1.0
24.796,-1.756,-0.571,1.0
22.087,-1.558,-0.626,1.0
19.949,-1.402,-0.672,0.0
0.0,0.0,0.0,0.0
33.536,-2.343,-0.376,1.0
28.804,-2.004,-0.476,1.0
25.37,-1.758,-0.557,1.0
22.603,-1.559,-0.616,1.0
20.299,-1.395,-0.661,0.0
0.0,0.0,0.0,0.0
34.922,-2.385,-0.354,0.0
29.38,-1.998,-0.454,1.0
25.984,-1.759,-0.542,1.0
23.171,-1.562,-0.607,1.0
20.772,-1.395,-0.655,0.0
50.373,-3.376,-0.189,1.0
37.581,-2.507,-0.341,0.0
30.205,-2.006,-0.435,1.0
26.545,-1.755,-0.526,2.0
23.596,-1.553,-0.593,1.0
21.084,-1.382,-0.642,3.0
50.447,-3.299,-0.137,2.0
0.0,0.0,0.0,0.0
30.955,-2.005,-0.414,1.0
27.086,-1.746,-0.509,2.0
24.172,-1.551,-0.583,1.0
21.547,-1.376,-0.635,0.0
50.437,-3.216,-0.086,1.0
40.951,-2.598,-0.288,0.0
32.026,-2.022,-0.396,1.0
27.794,-1.746,-0.495,2.0
24.767,-1.548,-0.573,1.0
21.764,-1.354,-0.619,1.0
56.98,-3.537,-0.041,1.0
41.871,-2.586,-0.253,0.0
32.993,-2.027,-0.376,1.0
28.453,-1.739,-0.479,1.0
25.271,-1.537,-0.56,1.0
22.349,-1.352,-0.615,4.0
59.791,-3.61,0.013,4.0
45.031,-2.704,-0.23,0.0
34.579,-2.066,-0.361,0.0
29.113,-1.73,-0.462,1.0
25.794,-1.524,-0.548,1.0
22.989,-1.351,-0.611,5.0
62.878,-3.687,0.072,2.0
50.389,-2.938,-0.211,1.0
0.0,0.0,0.0,0.0
29.5,-1.701,-0.441,1.0
26.221,-1.503,-0.532,1.0
23.327,-1.33,-0.598,11.0
63.194,-3.593,0.13,0.0
50.434,-2.85,-0.165,1.0
37.385,-2.101,-0.322,0.0
30.237,-1.689,-0.425,1.0
26.823,-1.49,-0.521,1.0
23.652,-1.306,-0.586,13.0
0.0,0.0,0.0,0.0
50.474,-2.763,-0.122,2.0
38.207,-2.078,-0.297,0.0
31.121,-1.683,-0.411,1.0
27.45,-1.475,-0.51,3.0
24.082,-1.286,-0.576,7.0
0.0,0.0,0.0,0.0
50.5,-2.673,-0.08,0.0
40.967,-2.154,-0.284,0.0
31.901,-1.667,-0.395,1.0
28.09,-1.458,-0.499,7.0
24.733,-1.275,-0.572,1.0
0.0,0.0,0.0,0.0
59.861,-3.056,-0.046,2.0
41.781,-2.119,-0.256,0.0
32.466,-1.635,-0.376,1.0
28.413,-1.421,-0.482,7.0
25.17,-1.251,-0.562,1.0
0.0,0.0,0.0,0.0
60.057,-2.954,0.0,2.0
0.0,0.0,0.0,0.0
33.355,-1.617,-0.361,2.0
28.77,-1.385,-0.466,7.0
25.559,-1.222,-0.551,1.0
0.0,0.0,0.0,0.0
0.0,0.0,0.0,0.0
0.0,0.0,0.0,0.0
34.041,-1.586,-0.343,2.0
29.362,-1.358,-0.454,2.0
25.934,-1.191,-0.541,1.0
0.0,0.0,0.0,0.0
0.0,0.0,0.0,0.0
50.375,-2.269,-0.197,1.0
37.78,-1.688,-0.355,1.0
29.827,-1.322,-0.441,2.0
26.33,-1.158,-0.531,1.0
0.0,0.0,0.0,0.0
0.0,0.0,0.0,0.0
50.366,-2.171,-0.163,2.0
37.687,-1.611,-0.329,5.0
30.249,-1.282,-0.427,2.0
26.718,-1.123,-0.521,1.0
0.0,0.0,0.0,0.0
0.0,0.0,0.0,0.0
37.793,-1.554,-0.098,11.0
37.733,-1.538,-0.305,50.0
30.612,-1.237,-0.413,1.0
27.032,-1.083,-0.51,1.0
0.0,0.0,0.0,0.0
0.0,0.0,0.0,0.0
40.109,-1.57,-0.08,53.0
37.76,-1.464,-0.283,39.0
31.124,-1.196,-0.401,1.0
27.423,-1.044,-0.501,2.0
0.0,0.0,0.0,0.0
0.0,0.0,0.0,0.0
40.063,-1.487,-0.056,0.0
40.092,-1.474,-0.277,11.0
31.857,-1.16,-0.392,1.0
27.668,-0.998,-0.491,1.0
0.0,0.0,0.0,0.0
0.0,0.0,0.0,0.0
0.0,0.0,0.0,0.0
40.975,-1.425,-0.262,0.0
32.248,-1.109,-0.38,1.0
28.079,-0.956,-0.483,1.0
0.0,0.0,0.0,0.0
0.0,0.0,0.0,0.0
0.0,0.0,0.0,0.0
41.908,-1.371,-0.246,1.0
32.521,-1.052,-0.367,1.0
28.387,-0.908,-0.474,1.0
0.0,0.0,0.0,0.0
0.0,0.0,0.0,0.0
0.0,0.0,0.0,0.0
40.229,-1.234,-0.218,3.0
33.58,-1.017,-0.364,1.0
28.615,-0.856,-0.465,2.0
0.0,0.0,0.0,0.0
40.239,-1.18,0.239,11.0
40.195,-1.164,0.021,60.0
40.215,-1.15,-0.201,45.0
33.581,-0.948,-0.35,1.0
28.887,-0.805,-0.458,1.0
40.227,-1.111,0.474,40.0
40.173,-1.095,0.255,59.0
40.333,-1.084,0.037,50.0
40.981,-1.087,-0.188,157.0
35.217,-0.921,-0.353,0.0
29.09,-0.75,-0.45,1.0
40.214,-1.027,0.489,61.0
40.265,-1.014,0.271,6.0
40.284,-0.999,0.051,0.0
40.283,-0.985,-0.171,35.0
35.352,-0.851,-0.342,0.0
29.345,-0.696,-0.444,1.0
40.306,-0.945,0.504,57.0
40.299,-0.931,0.284,150.0
40.292,-0.916,0.065,5.0
0.0,0.0,0.0,0.0
0.0,0.0,0.0,0.0
29.523,-0.638,-0.438,2.0
40.25,-0.86,0.515,58.0
40.297,-0.846,0.296,14.0
66.918,-1.38,0.127,1.0
46.689,-0.946,-0.17,2.0
35.573,-0.707,-0.324,0.0
29.673,-0.579,-0.432,1.0
40.265,-0.775,0.526,44.0
40.233,-0.759,0.306,54.0
40.276,-0.746,0.086,67.0
40.296,-0.731,-0.137,60.0
35.441,-0.63,-0.314,0.0
29.703,-0.517,-0.425,1.0
205.369,-3.519,2.732,18.0
40.279,-0.675,0.315,0.0
248.402,-4.075,0.589,65.0
0.0,0.0,0.0,0.0
0.0,0.0,0.0,0.0
29.834,-0.457,-0.421,1.0
148.284,-2.225,2.001,8.0
87.849,-1.286,0.704,12.0
183.468,-2.619,0.468,8.0
50.876,-0.707,-0.153,2.0
36.521,-0.494,-0.31,0.0
29.924,-0.394,-0.418,2.0
79.412,-1.022,1.083,150.0
79.222,-0.99,0.647,12.0
79.274,-0.961,0.213,4.0
53.913,-0.634,-0.155,3.0
38.422,-0.438,-0.321,6.0
30.074,-0.332,-0.416,3.0
79.447,-0.853,1.093,176.0
79.429,-0.823,0.657,150.0
61.26,-0.612,0.171,1.0
50.592,-0.487,-0.141,13.0
36.771,-0.34,-0.304,0.0
30.089,-0.268,-0.414,2.0
79.451,-0.681,1.1,178.0
79.437,-0.653,0.663,150.0
61.048,-0.479,0.174,8.0
45.696,-0.342,-0.124,5.0
39.598,-0.281,-0.325,2.0
30.103,-0.203,-0.412,1.0
79.459,-0.511,1.103,159.0
79.456,-0.482,0.666,151.0
56.093,-0.32,0.162,10.0
42.125,-0.225,-0.113,3.0
39.292,-0.195,-0.322,0.0
30.048,-0.138,-0.411,2.0
79.467,-0.34,1.104,151.0
79.424,-0.311,0.666,150.0
56.099,-0.2,0.161,12.0
41.888,-0.134,-0.113,18.0
38.521,-0.109,-0.316,2.0
30.116,-0.075,-0.413,2.0
79.46,-0.169,1.101,151.0
79.412,-0.141,0.663,150.0
56.031,-0.08,0.159,29.0
0.0,0.0,0.0,0.0
38.29,-0.026,-0.317,4.0
30.015,-0.01,-0.414,2.0
79.466,0.0,1.095,151.0
79.417,0.029,0.657,117.0
54.852,0.04,0.151,6.0
40.789,0.044,-0.116,16.0
37.985,0.054,-0.318,2.0
30.002,0.054,-0.416,2.0
79.472,0.171,1.087,151.0
79.464,0.2,0.648,38.0
54.777,0.157,0.144,28.0
40.458,0.13,-0.12,16.0
37.708,0.134,-0.32,13.0
29.89,0.117,-0.419,2.0
59.308,0.256,0.802,135.0
59.3,0.277,0.474,115.0
54.808,0.275,0.135,40.0
39.771,0.214,-0.125,19.0
37.692,0.216,-0.327,1.0
29.812,0.182,-0.423,2.0
48.109,0.311,0.642,74.0
48.094,0.328,0.376,62.0
48.026,0.344,0.109,80.0
39.513,0.296,-0.132,36.0
37.42,0.294,-0.332,1.0
29.778,0.245,-0.429,3.0
48.085,0.413,0.631,109.0
48.053,0.43,0.364,101.0
47.981,0.446,0.098,65.0
39.188,0.377,-0.14,41.0
37.28,0.372,-0.34,1.0
29.553,0.305,-0.433,2.0
48.114,0.516,0.619,100.0
48.07,0.532,0.352,76.0
47.927,0.548,0.085,64.0
38.869,0.458,-0.15,47.0
37.057,0.448,-0.348,0.0
29.383,0.366,-0.439,2.0
121.292,1.56,1.526,16.0
75.395,0.994,0.53,9.0
47.958,0.649,0.07,56.0
38.646,0.536,-0.161,51.0
33.55,0.477,-0.326,1.0
29.269,0.426,-0.447,2.0
121.143,1.814,1.484,15.0
75.141,1.15,0.503,12.0
47.898,0.749,0.054,35.0
38.304,0.612,-0.173,45.0
33.28,0.543,-0.335,1.0
29.052,0.484,-0.454,2.0
121.073,2.067,1.439,11.0
74.852,1.303,0.473,12.0
47.689,0.846,0.036,22.0
37.942,0.686,-0.186,42.0
32.905,0.606,-0.344,1.0
28.74,0.538,-0.46,1.0
89.88,1.723,1.032,7.0
61.64,1.202,0.364,14.0
47.418,0.941,0.016,22.0
37.604,0.758,-0.2,39.0
32.541,0.667,-0.354,1.0
28.38,0.591,-0.467,1.0
80.798,1.717,0.892,9.0
60.893,1.314,0.333,35.0
46.872,1.027,-0.004,21.0
37.217,0.828,-0.215,37.0
32.02,0.723,-0.363,1.0
28.106,0.644,-0.476,1.0
79.702,1.861,0.841,13.0
0.0,0.0,0.0,0.0
0.0,0.0,0.0,0.0
36.964,0.899,-0.232,27.0
31.339,0.772,-0.371,2.0
27.678,0.691,-0.482,1.0
78.297,1.988,0.787,17.0
58.941,1.516,0.263,33.0
43.272,1.127,-0.048,18.0
36.75,0.969,-0.25,13.0
31.025,0.828,-0.384,2.0
27.41,0.74,-0.492,2.0
78.048,2.141,0.742,39.0
58.813,1.633,0.23,10.0
41.088,1.154,-0.068,17.0
36.466,1.035,-0.268,12.0
30.599,0.879,-0.396,2.0
23.959,0.696,-0.444,1.0
77.818,2.293,0.695,31.0
54.571,1.625,0.182,28.0
40.324,1.213,-0.091,38.0
36.293,1.104,-0.289,10.0
30.17,0.927,-0.409,2.0
23.912,0.742,-0.458,5.0
77.551,2.441,0.645,13.0
54.414,1.73,0.147,28.0
39.924,1.281,-0.115,39.0
36.081,1.169,-0.309,7.0
29.716,0.972,-0.421,2.0
23.349,0.771,-0.462,5.0
74.377,2.489,0.57,15.0
48.966,1.653,0.101,23.0
39.653,1.351,-0.14,44.0
35.867,1.232,-0.331,4.0
29.325,1.017,-0.435,2.0
22.796,0.797,-0.466,5.0
73.969,2.62,0.517,11.0
48.288,1.725,0.066,23.0
39.51,1.424,-0.167,35.0
33.4,1.214,-0.332,1.0
28.883,1.058,-0.449,2.0
22.094,0.816,-0.467,4.0
60.009,2.244,0.376,15.0
47.324,1.784,0.03,23.0
39.388,1.496,-0.195,2.0
0.0,0.0,0.0,0.0
28.404,1.096,-0.463,1.0
21.573,0.839,-0.473,4.0
59.051,2.323,0.326,27.0
0.0,0.0,0.0,0.0
36.368,1.452,-0.208,35.0
31.585,1.27,-0.361,1.0
24.628,0.998,-0.42,1.0
21.226,0.866,-0.481,11.0
58.605,2.418,0.277,7.0
41.835,1.738,-0.036,18.0
36.13,1.511,-0.235,16.0
30.948,1.304,-0.378,2.0
24.322,1.031,-0.434,5.0
20.887,0.892,-0.49,4.0
54.494,2.351,0.214,29.0
40.913,1.777,-0.069,37.0
35.83,1.566,-0.262,11.0
30.275,1.332,-0.395,2.0
23.649,1.047,-0.442,5.0
20.515,0.914,-0.499,3.0
54.282,2.444,0.167,13.0
40.458,1.832,-0.102,44.0
35.68,1.626,-0.291,7.0
29.69,1.361,-0.413,1.0
22.849,1.054,-0.446,4.0
20.124,0.934,-0.507,3.0
48.297,2.262,0.107,25.0
40.049,1.887,-0.136,30.0
35.508,1.683,-0.321,5.0
29.155,1.39,-0.431,2.0
22.139,1.061,-0.452,4.0
19.726,0.951,-0.514,3.0
0.0,0.0,0.0,0.0
36.478,1.786,-0.157,39.0
32.992,1.624,-0.329,1.0
28.733,1.422,-0.451,1.0
21.581,1.074,-0.461,4.0
19.323,0.967,-0.522,3.0
42.4,2.14,0.016,18.0
36.058,1.829,-0.189,39.0
31.887,1.626,-0.348,1.0
24.758,1.27,-0.412,2.0
21.11,1.088,-0.471,4.0
18.87,0.978,-0.528,3.0
41.421,2.164,-0.023,27.0
35.588,1.868,-0.221,10.0
31.024,1.637,-0.368,2.0
24.066,1.276,-0.424,5.0
20.652,1.1,-0.481,3.0
18.504,0.991,-0.536,4.0
40.679,2.195,-0.063,49.0
35.47,1.923,-0.255,11.0
30.258,1.649,-0.389,2.0
23.193,1.27,-0.432,5.0
20.189,1.111,-0.49,3.0
18.079,0.999,-0.542,4.0
40.235,2.24,-0.103,6.0
35.364,1.978,-0.291,7.0
29.569,1.661,-0.411,2.0
22.379,1.263,-0.44,4.0
19.75,1.12,-0.5,3.0
17.727,1.009,-0.549,4.0
36.454,2.091,-0.131,26.0
34.952,2.014,-0.324,3.0
28.927,1.674,-0.432,1.0
21.695,1.261,-0.449,4.0
19.295,1.126,-0.509,3.0
17.399,1.02,-0.558,2.0
36.018,2.126,-0.168,42.0
32.294,1.914,-0.334,1.0
24.838,1.478,-0.398,1.0
21.151,1.264,-0.461,4.0
18.853,1.131,-0.518,3.0
17.007,1.024,-0.564,2.0
35.667,2.163,-0.205,29.0
31.026,1.889,-0.355,1.0
24.033,1.469,-0.411,5.0
20.699,1.27,-0.474,4.0
18.421,1.135,-0.526,4.0
16.585,1.026,-0.568,3.0
33.266,2.07,-0.229,1.0
30.281,1.891,-0.38,2.0
23.114,1.449,-0.422,5.0
20.165,1.269,-0.484,3.0
18.033,1.139,-0.536,4.0
16.224,1.029,-0.574,4.0
35.188,2.245,-0.282,8.0
29.554,1.892,-0.405,2.0
22.196,1.426,-0.43,4.0
19.604,1.264,-0.494,3.0
17.599,1.139,-0.543,2.0
15.996,1.039,-0.585,2.0
34.957,2.283,-0.321,4.0
25.071,1.643,-0.373,1.0
21.462,1.411,-0.441,4.0
19.152,1.264,-0.505,3.0
17.208,1.139,-0.552,2.0
15.29,1.016,-0.577,2.0
31.903,2.131,-0.331,1.0
24.594,1.648,-0.395,2.0
21.015,1.413,-0.457,4.0
18.647,1.258,-0.514,3.0
16.817,1.138,-0.559,4.0
14.671,0.996,-0.571,8.0
30.76,2.099,-0.356,2.0
23.643,1.618,-0.408,5.0
20.516,1.409,-0.471,4.0
18.206,1.254,-0.524,3.0
16.488,1.139,-0.568,2.0
14.568,1.01,-0.585,15.0
30.007,2.09,-0.384,2.0
22.524,1.573,-0.417,4.0
19.91,1.395,-0.482,3.0
17.738,1.247,-0.532,3.0
16.026,1.13,-0.572,1.0
14.114,0.998,-0.585,13.0
29.295,2.081,-0.412,1.0
21.778,1.552,-0.43,4.0
19.328,1.381,-0.492,3.0
17.391,1.246,-0.544,2.0
15.649,1.125,-0.579,2.0
13.862,0.999,-0.592,12.0
24.679,1.786,-0.378,1.0
21.107,1.532,-0.444,4.0
18.859,1.373,-0.504,3.0
16.973,1.239,-0.552,2.0
14.632,1.071,-0.56,5.0
13.621,1.0,-0.599,11.0
23.854,1.758,-0.396,5.0
20.622,1.523,-0.46,4.0
18.379,1.361,-0.515,3.0
16.527,1.227,-0.559,2.0
14.314,1.066,-0.566,10.0
13.456,1.005,-0.609,10.0
22.719,1.703,-0.406,5.0
20.012,1.504,-0.472,3.0
17.901,1.348,-0.525,3.0
16.127,1.218,-0.566,2.0
13.956,1.056,-0.57,11.0
13.238,1.005,-0.617,10.0
21.907,1.669,-0.421,4.0
19.406,1.482,-0.483,3.0
17.442,1.335,-0.534,2.0
15.717,1.206,-0.573,3.0
13.744,1.057,-0.58,11.0
13.095,1.01,-0.627,7.0
21.186,1.639,-0.435,4.0
18.88,1.464,-0.495,3.0
17.012,1.322,-0.544,2.0
14.794,1.152,-0.559,5.0
13.562,1.059,-0.59,11.0
13.074,1.023,-0.644,9.0
20.647,1.621,-0.452,4.0
18.407,1.448,-0.508,3.0
16.607,1.31,-0.553,2.0
14.178,1.121,-0.555,11.0
13.464,1.066,-0.604,11.0
13.071,1.038,-0.661,10.0
20.045,1.596,-0.465,3.0
17.913,1.429,-0.519,3.0
16.182,1.294,-0.561,3.0
13.887,1.113,-0.562,12.0
13.274,1.066,-0.614,8.0
12.937,1.041,-0.672,5.0
19.476,1.572,-0.479,3.0
17.452,1.411,-0.529,2.0
0.0,0.0,0.0,0.0
13.689,1.111,-0.573,9.0
13.087,1.065,-0.623,7.0
12.612,1.028,-0.673,3.0
18.953,1.549,-0.492,2.0
17.008,1.393,-0.539,2.0
14.183,1.163,-0.531,8.0
13.531,1.112,-0.586,9.0
13.067,1.076,-0.641,9.0
12.403,1.024,-0.679,4.0
18.393,1.522,-0.504,3.0
16.612,1.377,-0.55,2.0
13.909,1.155,-0.54,11.0
13.371,1.112,-0.597,8.0
13.051,1.088,-0.658,11.0
12.214,1.02,-0.686,1.0
17.841,1.493,-0.513,3.0
16.223,1.36,-0.56,0.0
13.806,1.159,-0.555,12.0
13.259,1.115,-0.611,9.0
12.939,1.09,-0.67,5.0
11.941,1.008,-0.687,1.0
17.447,1.475,-0.526,2.0
13.928,1.18,-0.5,13.0
13.693,1.162,-0.57,9.0
13.064,1.11,-0.62,7.0
12.58,1.071,-0.67,3.0
11.655,0.994,-0.687,2.0
16.971,1.45,-0.536,2.0
13.854,1.185,-0.517,13.0
13.556,1.161,-0.583,11.0
13.062,1.121,-0.638,10.0
12.398,1.066,-0.677,4.0
11.444,0.985,-0.691,2.0
13.915,1.2,-0.459,6.0
13.808,1.192,-0.535,13.0
13.421,1.161,-0.597,9.0
13.059,1.131,-0.657,12.0
12.15,1.054,-0.681,1.0
11.231,0.976,-0.694,2.0
13.871,1.207,-0.477,13.0
13.765,1.199,-0.553,12.0
13.24,1.155,-0.608,8.0
12.902,1.127,-0.668,4.0
11.848,1.037,-0.682,2.0
11.026,0.966,-0.698,2.0
13.837,1.214,-0.496,18.0
13.612,1.196,-0.566,8.0
13.074,1.15,-0.619,8.0
12.569,1.107,-0.669,4.0
11.633,1.026,-0.686,2.0
10.826,0.956,-0.701,2.0
13.803,1.22,-0.514,16.0
13.508,1.196,-0.581,13.0
13.07,1.159,-0.637,10.0
12.378,1.099,-0.676,2.0
11.424,1.015,-0.69,1.0
10.615,0.945,-0.702,1.0
13.779,1.227,-0.533,16.0
13.375,1.193,-0.594,12.0
13.055,1.165,-0.655,9.0
12.112,1.083,-0.679,1.0
11.202,1.003,-0.693,2.0
10.429,0.935,-0.705,2.0
13.732,1.231,-0.551,13.0
13.213,1.186,-0.606,8.0
12.836,1.154,-0.663,4.0
11.846,1.066,-0.681,1.0
10.988,0.99,-0.695,2.0
10.263,0.926,-0.709,1.0
13.591,1.226,-0.565,11.0
13.089,1.182,-0.619,9.0
12.572,1.137,-0.667,4.0
11.599,1.05,-0.683,2.0
10.804,0.979,-0.699,1.0
10.092,0.916,-0.711,1.0
13.473,1.222,-0.579,12.0
13.076,1.187,-0.637,11.0
12.363,1.124,-0.674,3.0
11.38,1.035,-0.687,2.0
10.594,0.965,-0.7,1.0
9.91,0.904,-0.712,2.0
13.358,1.218,-0.593,12.0
13.043,1.19,-0.654,11.0
12.117,1.107,-0.677,1.0
11.216,1.026,-0.693,1.0
10.412,0.953,-0.703,2.0
9.776,0.896,-0.717,2.0
13.183,1.208,-0.604,7.0
12.808,1.174,-0.66,4.0
11.834,1.086,-0.678,1.0
10.982,1.009,-0.694,1.0
10.228,0.94,-0.705,2.0
9.668,0.89,-0.722,1.0
13.089,1.204,-0.618,11.0
12.555,1.156,-0.665,4.0
11.597,1.068,-0.681,1.0
10.789,0.995,-0.697,1.0
10.079,0.93,-0.709,2.0
9.546,0.882,-0.727,1.0
13.07,1.207,-0.636,12.0
12.355,1.141,-0.672,3.0
11.373,1.051,-0.684,2.0
10.567,0.978,-0.698,1.0
9.91,0.918,-0.711,2.0
9.433,0.874,-0.732,1.0
13.053,1.209,-0.653,13.0
12.096,1.121,-0.675,1.0
11.202,1.039,-0.689,1.0
10.397,0.965,-0.701,2.0
9.78,0.908,-0.716,2.0
9.301,0.864,-0.734,1.0
12.792,1.188,-0.658,4.0
11.84,1.1,-0.677,1.0
10.983,1.021,-0.691,1.0
10.232,0.952,-0.704,2.0
9.668,0.9,-0.721,1.0
9.186,0.856,-0.738,1.0
12.561,1.169,-0.663,5.0
11.621,1.082,-0.68,1.0
10.817,1.008,-0.695,1.0
10.074,0.939,-0.707,2.0
9.555,0.891,-0.726,1.0
9.067,0.846,-0.741,1.0
12.364,1.152,-0.67,3.0
11.384,1.061,-0.682,2.0
10.584,0.987,-0.695,1.0
9.903,0.924,-0.708,2.0
9.437,0.881,-0.73,1.0
8.974,0.839,-0.746,0.0
12.119,1.131,-0.673,2.0
11.227,1.048,-0.688,1.0
10.424,0.973,-0.699,2.0
9.79,0.915,-0.713,1.0
9.317,0.871,-0.733,1.0
8.825,0.826,-0.745,0.0
11.912,1.112,-0.677,2.0
11.007,1.028,-0.689,1.0
10.264,0.959,-0.702,2.0
9.676,0.905,-0.718,1.0
9.211,0.862,-0.737,1.0
8.595,0.804,-0.737,1.0
11.673,1.09,-0.679,2.0
10.852,1.014,-0.694,1.0
10.114,0.945,-0.705,2.0
9.582,0.896,-0.724,1.0
9.084,0.85,-0.739,1.0
8.319,0.778,-0.725,1.0
11.44,1.068,-0.681,2.0
10.638,0.994,-0.694,1.0
9.969,0.931,-0.708,2.0
9.456,0.884,-0.727,1.0
9.015,0.843,-0.745,0.0
8.002,0.748,-0.708,2.0
11.277,1.052,-0.685,2.0
10.474,0.978,-0.697,1.0
9.826,0.917,-0.71,2.0
9.36,0.874,-0.732,1.0
8.872,0.829,-0.745,0.0
7.871,0.735,-0.706,4.0
11.119,1.037,-0.69,1.0
10.324,0.963,-0.7,2.0
9.715,0.906,-0.715,1.0
9.247,0.862,-0.734,1.0
8.699,0.812,-0.741,0.0
7.76,0.724,-0.706,4.0
10.912,1.016,-0.691,1.0
10.171,0.947,-0.702,2.0
9.638,0.897,-0.721,1.0
9.134,0.85,-0.737,0.0
8.48,0.79,-0.733,1.0
7.687,0.716,-0.709,4.0
10.766,1.0,-0.695,1.0
10.032,0.932,-0.705,2.0
9.517,0.884,-0.724,1.0
9.04,0.84,-0.741,0.0
8.107,0.753,-0.711,2.0
7.59,0.705,-0.71,4.0
10.563,0.979,-0.695,1.0
9.902,0.918,-0.708,2.0
9.43,0.874,-0.729,1.0
8.925,0.827,-0.742,0.0
7.939,0.736,-0.706,3.0
7.531,0.698,-0.713,4.0
10.428,0.963,-0.699,2.0
9.788,0.904,-0.712,2.0
9.308,0.86,-0.731,1.0
8.819,0.815,-0.744,0.0
7.835,0.724,-0.706,4.0
7.49,0.692,-0.719,4.0
10.282,0.947,-0.701,2.0
9.683,0.892,-0.716,2.0
9.228,0.85,-0.735,0.0
8.634,0.795,-0.739,1.0
7.749,0.713,-0.708,4.0
7.46,0.687,-0.725,4.0
10.159,0.932,-0.704,2.0
9.611,0.882,-0.722,1.0
9.113,0.836,-0.737,0.0
8.333,0.764,-0.723,1.0
7.665,0.703,-0.709,4.0
7.431,0.681,-0.73,4.0
10.006,0.914,-0.705,2.0
9.502,0.868,-0.724,1.0
9.009,0.823,-0.739,0.0
8.094,0.739,-0.711,2.0
7.563,0.69,-0.708,4.0
7.401,0.675,-0.736,4.0
9.883,0.899,-0.708,2.0
9.424,0.857,-0.729,1.0
8.903,0.809,-0.74,0.0
7.942,0.721,-0.707,3.0
7.508,0.682,-0.711,4.0
7.35,0.667,-0.739,3.0
9.792,0.886,-0.712,2.0
9.32,0.843,-0.731,0.0
8.822,0.797,-0.743,1.0
7.847,0.709,-0.707,4.0
7.486,0.676,-0.717,4.0
7.303,0.66,-0.742,3.0
9.697,0.872,-0.715,2.0
9.257,0.832,-0.736,0.0
8.707,0.782,-0.742,1.0
7.759,0.697,-0.707,4.0
7.468,0.671,-0.724,5.0
7.21,0.647,-0.74,3.0
9.636,0.862,-0.721,2.0
9.149,0.818,-0.737,0.0
8.412,0.751,-0.726,1.0
7.692,0.687,-0.709,4.0
7.453,0.665,-0.73,4.0
7.144,0.637,-0.741,3.0
9.559,0.849,-0.725,1.0
9.067,0.805,-0.739,1.0
8.325,0.739,-0.727,1.0
7.612,0.675,-0.709,4.0
7.439,0.659,-0.736,4.0
7.09,0.628,-0.742,3.0
9.501,0.838,-0.73,1.0
8.963,0.79,-0.74,1.0
8.082,0.712,-0.713,2.0
7.557,0.665,-0.711,4.0
7.413,0.652,-0.741,4.0
7.077,0.622,-0.748,3.0
9.413,0.824,-0.732,0.0
8.881,0.777,-0.741,1.0
7.934,0.694,-0.708,3.0
7.521,0.657,-0.715,4.0
7.387,0.645,-0.745,3.0
7.071,0.617,-0.754,2.0
9.319,0.81,-0.733,1.0
8.823,0.766,-0.744,1.0
7.878,0.683,-0.71,3.0
7.503,0.65,-0.72,4.0
7.349,0.637,-0.748,3.0
7.006,0.607,-0.753,2.0
9.237,0.796,-0.735,1.0
8.777,0.756,-0.748,1.0
7.822,0.673,-0.712,4.0
7.495,0.644,-0.726,4.0
7.319,0.629,-0.751,3.0
6.949,0.596,-0.753,2.0
9.166,0.783,-0.737,1.0
8.706,0.743,-0.75,1.0
7.759,0.661,-0.713,4.0
7.504,0.639,-0.733,4.0
7.282,0.62,-0.753,3.0
6.935,0.59,-0.757,3.0
9.107,0.771,-0.74,1.0
8.632,0.73,-0.75,1.0
7.7,0.65,-0.713,4.0
7.532,0.636,-0.742,3.0
7.297,0.615,-0.761,3.0
6.927,0.583,-0.762,3.0
9.027,0.757,-0.74,1.0
8.53,0.714,-0.748,1.0
7.669,0.641,-0.717,4.0
7.531,0.629,-0.748,3.0
7.305,0.61,-0.767,3.0
6.93,0.578,-0.768,2.0
8.953,0.743,-0.741,1.0
8.326,0.69,-0.737,1.0
7.686,0.636,-0.724,4.0
7.519,0.622,-0.752,3.0
7.266,0.6,-0.769,1.0
6.921,0.571,-0.772,2.0
8.923,0.733,-0.745,1.0
8.108,0.665,-0.723,3.0
7.692,0.63,-0.73,4.0
7.5,0.614,-0.755,3.0
7.237,0.591,-0.771,1.0
6.898,0.563,-0.774,1.0
8.876,0.721,-0.747,0.0
8.02,0.65,-0.721,4.0
7.711,0.624,-0.737,3.0
7.463,0.604,-0.757,3.0
7.172,0.579,-0.768,1.0
6.858,0.553,-0.774,1.0
8.83,0.709,-0.749,1.0
7.979,0.639,-0.722,4.0
7.732,0.619,-0.744,4.0
7.439,0.595,-0.759,3.0
7.161,0.572,-0.772,0.0
6.828,0.544,-0.775,1.0
8.786,0.697,-0.75,1.0
7.964,0.631,-0.725,4.0
7.746,0.612,-0.75,4.0
7.414,0.585,-0.761,3.0
7.127,0.562,-0.772,1.0
6.801,0.536,-0.776,1.0
8.724,0.683,-0.75,1.0
7.953,0.622,-0.729,5.0
7.741,0.604,-0.754,4.0
7.392,0.576,-0.763,3.0
7.098,0.552,-0.773,1.0
6.794,0.528,-0.779,0.0
8.711,0.673,-0.754,2.0
7.957,0.614,-0.734,5.0
7.728,0.595,-0.756,4.0
7.39,0.568,-0.766,2.0
7.062,0.542,-0.773,0.0
6.803,0.522,-0.783,0.0
8.665,0.66,-0.754,2.0
7.967,0.606,-0.738,5.0
7.757,0.589,-0.763,3.0
7.374,0.559,-0.768,2.0
7.053,0.534,-0.775,1.0
6.817,0.515,-0.788,1.0
8.633,0.649,-0.755,2.0
7.97,0.598,-0.742,5.0
7.75,0.58,-0.766,2.0
7.358,0.55,-0.77,1.0
7.036,0.525,-0.776,1.0
6.876,0.512,-0.798,1.0
8.591,0.636,-0.755,3.0
7.986,0.59,-0.747,5.0
7.739,0.571,-0.768,2.0
7.338,0.541,-0.771,1.0
7.044,0.518,-0.78,1.0
6.935,0.509,-0.807,1.0
8.569,0.625,-0.756,3.0
7.991,0.582,-0.75,5.0
7.71,0.56,-0.768,1.0
7.324,0.531,-0.772,1.0
7.068,0.512,-0.785,1.0
7.021,0.508,-0.82,0.0
8.546,0.614,-0.757,4.0
8.01,0.574,-0.755,4.0
7.69,0.55,-0.768,1.0
7.313,0.522,-0.773,1.0
7.11,0.507,-0.792,1.0
7.119,0.506,-0.833,1.0
8.52,0.602,-0.757,5.0
8.031,0.566,-0.759,4.0
7.683,0.541,-0.77,1.0
7.324,0.514,-0.776,1.0
7.187,0.504,-0.802,1.0
7.194,0.503,-0.844,1.0
8.514,0.592,-0.759,5.0
8.041,0.558,-0.762,3.0
7.666,0.531,-0.77,1.0
7.353,0.508,-0.781,1.0
7.294,0.503,-0.816,1.0
7.3,0.502,-0.858,0.0
8.524,0.582,-0.761,4.0
8.047,0.549,-0.764,3.0
7.654,0.52,-0.77,1.0
7.401,0.502,-0.787,1.0
7.392,0.5,-0.828,1.0
7.399,0.5,-0.871,0.0
8.521,0.572,-0.762,3.0
8.051,0.539,-0.766,2.0
7.659,0.512,-0.772,1.0
7.468,0.498,-0.795,1.0
7.503,0.499,-0.842,1.0
7.514,0.498,-0.886,0.0
8.525,0.562,-0.764,1.0
8.053,0.529,-0.767,2.0
7.697,0.505,-0.776,1.0
7.579,0.496,-0.808,1.0
7.6,0.496,-0.853,1.0
7.63,0.497,-0.9,0.0
8.506,0.55,-0.763,1.0
8.056,0.519,-0.768,1.0
7.742,0.498,-0.781,1.0
7.697,0.494,-0.821,1.0
7.714,0.494,-0.867,0.0
7.731,0.493,-0.912,0.0
8.499,0.539,-0.762,1.0
8.061,0.51,-0.768,1.0
7.808,0.492,-0.788,1.0
7.799,0.49,-0.832,1.0
7.829,0.491,-0.879,0.0
7.855,0.491,-0.927,0.0
8.497,0.528,-0.762,1.0
8.084,0.501,-0.77,1.0
7.894,0.488,-0.797,1.0
7.928,0.488,-0.846,1.0
7.939,0.488,-0.891,0.0
7.939,0.486,-0.936,0.0
8.512,0.518,-0.763,2.0
8.125,0.493,-0.774,1.0
8.04,0.486,-0.811,1.0
8.052,0.486,-0.858,0.0
8.056,0.484,-0.904,0.0
8.004,0.48,-0.943,0.0
8.521,0.507,-0.763,2.0
8.185,0.486,-0.779,1.0
8.168,0.483,-0.823,1.0
8.171,0.482,-0.87,0.0
8.183,0.481,-0.917,0.0
8.139,0.477,-0.958,0.0
8.546,0.498,-0.764,2.0
8.319,0.483,-0.79,1.0
8.329,0.482,-0.838,1.0
8.289,0.478,-0.881,0.0
8.343,0.48,-0.934,0.0
8.311,0.477,-0.977,0.0
8.588,0.489,-0.766,2.0
8.44,0.479,-0.8,2.0
8.478,0.48,-0.851,1.0
8.47,0.478,-0.899,0.0
8.479,0.477,-0.947,0.0
8.445,0.473,-0.991,0.0
8.643,0.481,-0.769,2.0
8.555,0.474,-0.809,2.0
8.568,0.473,-0.858,1.0
8.604,0.474,-0.911,0.0
8.574,0.471,-0.955,0.0
8.43,0.461,-0.987,0.0
8.727,0.474,-0.774,2.0
8.693,0.47,-0.819,2.0
8.691,0.469,-0.868,0.0
8.75,0.47,-0.923,0.0
8.73,0.467,-0.97,0.0
8.41,0.449,-0.982,0.0
8.872,0.47,-0.784,2.0
8.849,0.467,-0.831,2.0
8.902,0.468,-0.886,0.0
8.908,0.467,-0.937,0.0
8.848,0.462,-0.98,0.0
7.949,0.413,-0.925,0.0
9.016,0.466,-0.794,2.0
9.046,0.465,-0.846,1.0
9.053,0.464,-0.897,0.0
9.055,0.462,-0.949,0.0
8.89,0.452,-0.981,0.0
7.985,0.405,-0.926,0.0
9.181,0.462,-0.804,2.0
9.176,0.46,-0.855,1.0
9.233,0.461,-0.911,0.0
9.173,0.456,-0.957,0.0
8.79,0.435,-0.966,0.0
7.983,0.394,-0.922,0.0
9.332,0.457,-0.813,2.0
9.369,0.457,-0.868,0.0
9.357,0.455,-0.919,0.0
9.276,0.449,-0.963,0.0
8.447,0.407,-0.924,0.0
8.0,0.384,-0.92,0.0
9.521,0.454,-0.825,1.0
9.577,0.454,-0.883,0.0
9.545,0.451,-0.933,0.0
9.347,0.44,-0.966,0.0
8.397,0.393,-0.914,0.0
8.057,0.376,-0.922,0.0
9.721,0.45,-0.837,1.0
9.758,0.45,-0.894,0.0
9.725,0.446,-0.945,0.0
9.262,0.423,-0.952,0.0
8.427,0.383,-0.913,0.0
8.115,0.367,-0.924,0.0
9.942,0.447,-0.85,1.0
9.95,0.445,-0.906,0.0
9.887,0.441,-0.954,0.0
8.955,0.397,-0.915,0.0
8.45,0.373,-0.91,0.0
8.114,0.357,-0.919,0.0
10.164,0.444,-0.863,3.0
10.077,0.438,-0.911,0.0
9.927,0.429,-0.952,0.0
8.876,0.382,-0.901,0.0
8.499,0.364,-0.91,0.0
8.17,0.348,-0.92,0.0
10.224,0.433,-0.861,10.0
10.288,0.433,-0.923,0.0
9.791,0.41,-0.932,0.0
8.925,0.372,-0.9,0.0
8.567,0.355,-0.911,0.0
8.214,0.339,-0.919,0.0
10.233,0.419,-0.854,7.0
10.384,0.423,-0.924,1.0
9.373,0.38,-0.885,1.0
8.963,0.362,-0.897,0.0
8.618,0.346,-0.91,0.0
8.271,0.33,-0.919,0.0
10.421,0.413,-0.862,1.0
10.591,0.418,-0.934,1.0
9.349,0.367,-0.876,1.0
9.077,0.354,-0.901,0.0
8.671,0.336,-0.908,0.0
8.31,0.321,-0.916,0.0
11.011,0.422,-0.902,0.0
10.722,0.409,-0.937,0.0
9.427,0.357,-0.875,0.0
9.159,0.345,-0.901,0.0
8.729,0.327,-0.907,0.0
8.376,0.312,-0.916,0.0
11.223,0.416,-0.91,0.0
10.189,0.375,-0.882,0.0
9.62,0.352,-0.885,0.0
9.251,0.337,-0.903,0.0
8.782,0.318,-0.905,0.0
8.402,0.302,-0.912,0.0
11.477,0.41,-0.92,0.0
10.253,0.364,-0.878,0.0
9.738,0.344,-0.887,0.0
9.291,0.326,-0.898,0.0
8.869,0.309,-0.906,0.0
8.465,0.293,-0.911,0.0
11.615,0.4,-0.92,0.0
10.281,0.352,-0.871,0.0
9.784,0.333,-0.882,0.0
9.286,0.314,-0.888,1.0
8.926,0.3,-0.903,0.0
8.525,0.285,-0.909,0.0
11.779,0.391,-0.922,0.0
10.357,0.341,-0.867,0.0
9.905,0.324,-0.883,0.0
9.388,0.305,-0.889,0.0
9.004,0.291,-0.901,0.0
8.604,0.276,-0.908,0.0
10.445,0.331,-0.863,0.0
9.978,0.314,-0.879,0.0
9.475,0.296,-0.887,0.0
9.022,0.28,-0.894,2.0
8.681,0.268,-0.907,0.0
10.59,0.322,-0.864,0.0
10.073,0.304,-0.876,0.0
9.582,0.287,-0.886,0.0
9.037,0.269,-0.885,1.0
8.777,0.259,-0.907,0.0
10.723,0.313,-0.863,0.0
10.189,0.295,-0.875,0.0
9.701,0.279,-0.887,0.0
9.247,0.264,-0.895,0.0
8.838,0.25,-0.904,0.0
10.838,0.303,-0.86,0.0
10.32,0.286,-0.874,0.0
9.807,0.27,-0.885,0.0
9.348,0.255,-0.894,0.0
8.948,0.243,-0.904,0.0
10.975,0.293,-0.858,0.0
10.369,0.275,-0.866,4.0
9.888,0.26,-0.88,0.0
9.425,0.246,-0.89,0.0
9.014,0.233,-0.9,0.0
11.124,0.284,-0.856,0.0
10.435,0.264,-0.859,4.0
10.006,0.251,-0.878,0.0
9.538,0.238,-0.889,0.0
9.083,0.224,-0.895,0.0
11.995,0.294,-0.843,0.0
11.261,0.274,-0.852,0.0
10.558,0.255,-0.855,1.0
10.142,0.243,-0.877,0.0
9.655,0.229,-0.887,0.0
9.212,0.217,-0.896,0.0
12.139,0.284,-0.837,0.0
11.436,0.265,-0.85,0.0
10.807,0.248,-0.861,0.0
10.279,0.234,-0.875,1.0
9.775,0.221,-0.885,0.0
9.31,0.208,-0.893,0.0
12.308,0.274,-0.833,0.0
11.652,0.257,-0.851,0.0
10.944,0.239,-0.858,0.0
10.366,0.224,-0.869,3.0
9.878,0.212,-0.881,0.0
9.426,0.2,-0.891,0.0
12.509,0.264,-0.829,0.0
11.805,0.247,-0.846,0.0
11.113,0.23,-0.855,0.0
10.439,0.214,-0.86,5.0
10.015,0.203,-0.879,0.0
9.547,0.192,-0.889,0.0
12.684,0.254,-0.823,1.0
11.97,0.237,-0.841,0.0
11.306,0.222,-0.854,0.0
10.522,0.204,-0.852,2.0
10.179,0.196,-0.879,0.0
9.668,0.184,-0.886,0.0
12.9,0.244,-0.819,0.0
12.156,0.227,-0.836,0.0
11.475,0.213,-0.85,0.0
10.821,0.198,-0.861,0.0
10.325,0.187,-0.876,1.0
9.789,0.176,-0.883,0.0
13.12,0.234,-0.813,0.0
12.382,0.219,-0.833,1.0
11.663,0.204,-0.847,0.0
10.98,0.19,-0.857,0.0
10.416,0.178,-0.868,6.0
9.911,0.167,-0.879,0.0
13.376,0.225,-0.809,1.0
12.567,0.209,-0.826,1.0
11.848,0.195,-0.842,0.0
11.16,0.181,-0.853,1.0
10.465,0.168,-0.856,7.0
10.091,0.16,-0.879,0.0
13.595,0.215,-0.801,1.0
12.775,0.199,-0.82,1.0
12.051,0.186,-0.838,1.0
11.365,0.173,-0.851,0.0
10.692,0.161,-0.858,0.0
10.257,0.152,-0.877,0.0
13.896,0.205,-0.797,0.0
13.042,0.19,-0.817,1.0
12.254,0.177,-0.832,1.0
11.582,0.165,-0.849,0.0
10.916,0.153,-0.858,1.0
10.414,0.145,-0.874,1.0
14.208,0.196,-0.792,0.0
13.281,0.181,-0.81,1.0
12.496,0.168,-0.828,1.0
11.773,0.156,-0.844,1.0
11.093,0.145,-0.854,1.0
10.538,0.136,-0.867,1.0
14.571,0.188,-0.788,0.0
13.529,0.172,-0.803,1.0
12.717,0.159,-0.822,1.0
11.984,0.148,-0.839,1.0
11.3,0.138,-0.851,0.0
10.741,0.129,-0.865,0.0
14.889,0.178,-0.781,1.0
13.869,0.163,-0.8,2.0
12.949,0.15,-0.815,1.0
12.197,0.14,-0.833,1.0
11.541,0.13,-0.849,0.0
10.902,0.121,-0.86,0.0
15.108,0.167,-0.767,2.0
14.019,0.153,-0.785,1.0
13.229,0.142,-0.81,1.0
12.461,0.132,-0.83,1.0
11.735,0.122,-0.843,1.0
11.095,0.114,-0.856,0.0
15.423,0.157,-0.756,0.0
14.511,0.146,-0.787,1.0
13.504,0.133,-0.803,1.0
12.681,0.123,-0.822,1.0
11.942,0.114,-0.837,1.0
11.325,0.106,-0.854,0.0
15.822,0.148,-0.747,0.0
14.86,0.137,-0.78,1.0
13.878,0.126,-0.801,1.0
12.95,0.115,-0.817,1.0
12.225,0.107,-0.835,1.0
11.544,0.099,-0.849,0.0
16.335,0.14,-0.742,0.0
15.099,0.127,-0.765,2.0
14.121,0.117,-0.789,1.0
13.234,0.107,-0.811,1.0
12.461,0.099,-0.829,1.0
11.738,0.092,-0.842,1.0
17.015,0.132,-0.743,2.0
15.531,0.119,-0.759,1.0
14.526,0.109,-0.786,1.0
13.522,0.099,-0.803,1.0
12.723,0.092,-0.823,1.0
11.976,0.084,-0.837,1.0
17.26,0.122,-0.721,15.0
15.79,0.109,-0.742,8.0
14.905,0.101,-0.778,1.0
13.849,0.092,-0.797,1.0
12.999,0.084,-0.816,1.0
12.234,0.077,-0.832,0.0
17.416,0.11,-0.695,3.0
16.009,0.099,-0.722,0.0
15.147,0.092,-0.762,1.0
14.195,0.084,-0.79,1.0
13.306,0.077,-0.81,1.0
12.498,0.071,-0.826,1.0
18.529,0.104,-0.705,2.0
17.219,0.095,-0.745,5.0
15.76,0.085,-0.764,9.0
14.624,0.077,-0.786,1.0
13.614,0.07,-0.803,1.0
12.765,0.064,-0.819,1.0
18.969,0.095,-0.685,3.0
17.294,0.084,-0.715,28.0
15.795,0.075,-0.735,12.0
14.956,0.069,-0.776,2.0
13.962,0.063,-0.797,1.0
13.071,0.057,-0.814,1.0
19.734,0.086,-0.676,2.0
17.774,0.076,-0.701,3.0
16.906,0.07,-0.754,0.0
15.315,0.062,-0.764,1.0
14.302,0.056,-0.788,1.0
13.427,0.051,-0.81,1.0
20.575,0.078,-0.664,2.0
18.726,0.069,-0.701,3.0
17.266,0.062,-0.736,3.0
15.76,0.054,-0.755,3.0
14.732,0.049,-0.783,1.0
13.779,0.045,-0.804,1.0
21.279,0.069,-0.645,3.0
19.082,0.06,-0.677,3.0
17.71,0.054,-0.72,1.0
15.892,0.046,-0.73,1.0
15.063,0.042,-0.77,1.0
14.101,0.038,-0.794,1.0
22.195,0.061,-0.628,2.0
20.072,0.053,-0.672,2.0
18.332,0.046,-0.709,1.0
16.887,0.041,-0.742,0.0
15.616,0.036,-0.767,1.0
14.475,0.032,-0.786,1.0
23.043,0.052,-0.606,2.0
20.905,0.045,-0.658,2.0
18.855,0.039,-0.691,4.0
17.396,0.034,-0.729,1.0
15.878,0.03,-0.748,16.0
14.888,0.026,-0.778,1.0
23.797,0.043,-0.578,3.0
21.653,0.037,-0.637,3.0
19.572,0.032,-0.677,2.0
17.961,0.027,-0.716,1.0
15.915,0.023,-0.717,2.0
15.229,0.021,-0.765,1.0
24.879,0.034,-0.553,2.0
22.581,0.029,-0.618,4.0
20.455,0.025,-0.666,2.0
18.606,0.021,-0.704,2.0
17.151,0.018,-0.737,1.0
15.858,0.016,-0.764,8.0
26.214,0.026,-0.529,2.0
23.386,0.022,-0.593,3.0
21.307,0.018,-0.65,3.0
19.163,0.015,-0.685,3.0
17.676,0.013,-0.724,1.0
15.893,0.01,-0.733,10.0
27.173,0.018,-0.492,2.0
24.329,0.015,-0.566,2.0
22.185,0.012,-0.631,3.0
19.991,0.009,-0.674,2.0
18.272,0.007,-0.71,1.0
16.929,0.006,-0.746,0.0
28.616,0.01,-0.459,2.0
25.715,0.008,-0.546,1.0
23.05,0.006,-0.608,3.0
20.842,0.004,-0.659,2.0
18.862,0.002,-0.694,3.0
17.418,0.001,-0.731,1.0
29.809,0.003,-0.417,2.0
26.755,0.001,-0.512,2.0
23.879,0.0,-0.58,2.0
21.729,0.0,-0.641,3.0
19.594,-0.001,-0.679,3.0
18.005,-0.002,-0.717,1.0
31.246,-0.003,-0.371,1.0
28.05,-0.004,-0.477,1.0
25.038,-0.005,-0.555,1.0
22.677,-0.005,-0.622,4.0
20.516,-0.006,-0.668,2.0
18.644,-0.006,-0.703,2.0
33.618,-0.01,-0.328,1.0
29.342,-0.01,-0.437,2.0
26.344,-0.01,-0.528,1.0
23.488,-0.01,-0.594,2.0
21.331,-0.009,-0.65,3.0
19.245,-0.009,-0.685,3.0
38.375,-0.018,-0.293,4.0
30.653,-0.015,-0.391,1.0
27.455,-0.014,-0.492,1.0
24.519,-0.013,-0.568,2.0
22.292,-0.013,-0.631,3.0
20.149,-0.012,-0.675,3.0
39.235,-0.023,-0.216,15.0
32.881,-0.02,-0.35,1.0
28.949,-0.018,-0.457,2.0
25.743,-0.017,-0.542,2.0
23.159,-0.015,-0.606,3.0
20.976,-0.014,-0.658,2.0
40.692,-0.027,-0.137,17.0
38.106,-0.026,-0.325,1.0
30.131,-0.021,-0.412,2.0
26.939,-0.019,-0.51,2.0
24.1,-0.017,-0.58,2.0
21.95,-0.016,-0.642,3.0
44.923,-0.032,-0.057,23.0
38.914,-0.028,-0.249,14.0
32.062,-0.023,-0.37,1.0
28.316,-0.021,-0.475,1.0
25.402,-0.019,-0.557,2.0
22.863,-0.017,-0.619,3.0
48.509,-0.035,0.042,6.0
39.976,-0.029,-0.17,21.0
34.443,-0.025,-0.324,1.0
29.574,-0.021,-0.433,2.0
26.596,-0.019,-0.526,2.0
23.713,-0.017,-0.591,2.0
56.138,-0.039,0.169,18.0
0.0,0.0,0.0,0.0
38.582,-0.026,-0.28,5.0
30.908,-0.021,-0.386,1.0
27.726,-0.018,-0.489,2.0
24.856,-0.016,-0.566,2.0
76.104,-0.048,0.392,13.0
0.0,0.0,0.0,0.0
39.557,-0.024,-0.202,15.0
33.399,-0.02,-0.345,1.0
29.241,-0.017,-0.453,2.0
26.155,-0.014,-0.539,2.0
79.273,-0.042,0.579,23.0
55.501,-0.028,0.12,29.0
41.25,-0.02,-0.122,16.0
38.352,-0.018,-0.314,3.0
30.496,-0.013,-0.406,1.0
27.242,-0.011,-0.503,1.0
79.46,-0.031,0.752,151.0
61.766,-0.022,0.266,12.0
45.781,-0.015,-0.037,20.0
39.058,-0.012,-0.236,14.0
32.505,-0.009,-0.364,1.0
28.739,-0.007,-0.47,2.0
79.46,-0.017,0.919,158.0
76.408,-0.014,0.492,17.0
0.0,0.0,0.0,0.0
40.336,-0.004,-0.159,16.0
38.118,-0.002,-0.346,2.0
29.944,-0.001,-0.426,2.0
79.461,0.0,1.089,151.0
79.434,0.003,0.68,150.0
61.512,0.004,0.21,13.0
0.0,0.0,0.0,0.0
38.679,0.006,-0.269,13.0
31.493,0.006,-0.381,1.0
79.455,0.02,1.259,153.0
79.461,0.023,0.851,178.0
76.106,0.026,0.422,15.0
47.891,0.019,0.015,18.0
39.621,0.017,-0.19,37.0
33.617,0.016,-0.335,0.0
79.453,0.043,1.429,162.0
79.465,0.047,1.02,155.0
79.389,0.051,0.61,53.0
55.263,0.039,0.134,12.0
43.888,0.033,-0.118,9.0
38.289,0.031,-0.3,6.0
79.456,0.069,1.598,151.0
79.46,0.074,1.189,157.0
79.456,0.079,0.78,151.0
75.891,0.08,0.347,9.0
0.0,0.0,0.0,0.0
39.026,0.046,-0.223,25.0
79.451,0.098,1.767,150.0
79.449,0.103,1.358,172.0
79.457,0.109,0.948,154.0
76.418,0.11,0.511,17.0
0.0,0.0,0.0,0.0
40.391,0.064,-0.146,16.0
79.443,0.13,1.934,150.0
79.455,0.135,1.523,151.0
79.451,0.141,1.113,156.0
79.42,0.148,0.696,150.0
58.89,0.114,0.213,9.0
0.0,0.0,0.0,0.0
79.448,0.164,2.099,150.0
79.438,0.171,1.689,150.0
79.447,0.177,1.28,168.0
79.461,0.184,0.863,151.0
76.035,0.183,0.433,17.0
47.997,0.119,0.026,21.0
79.444,0.202,2.266,150.0
79.444,0.209,1.856,150.0
79.45,0.216,1.447,152.0
79.463,0.224,1.029,151.0
79.464,0.231,0.619,89.0
59.124,0.177,0.156,6.0
79.445,0.243,2.431,150.0
79.438,0.25,2.021,150.0
79.426,0.257,1.609,151.0
79.465,0.265,1.192,157.0
79.446,0.273,0.782,150.0
59.216,0.209,0.277,6.0
79.445,0.286,2.596,150.0
79.439,0.294,2.185,150.0
79.447,0.302,1.775,150.0
79.462,0.311,1.357,155.0
79.44,0.319,0.945,150.0
76.883,0.317,0.518,55.0
59.296,0.248,2.059,68.0
59.287,0.254,1.751,100.0
59.296,0.26,1.445,98.0
59.298,0.267,1.132,97.0
59.31,0.274,0.826,98.0
59.313,0.28,0.519,99.0
48.203,0.231,1.772,83.0
48.207,0.236,1.521,36.0
59.276,0.298,1.565,10.0
59.28,0.305,1.252,29.0
59.287,0.312,0.946,45.0
59.289,0.319,0.639,68.0
48.168,0.262,1.868,92.0
48.152,0.268,1.618,92.0
48.162,0.274,1.369,84.0
48.157,0.28,1.114,62.0
48.171,0.286,0.866,60.0
48.176,0.292,0.616,50.0
48.144,0.295,1.964,96.0
48.118,0.301,1.713,75.0
48.123,0.307,1.465,103.0
48.117,0.313,1.21,95.0
48.13,0.32,0.96,90.0
48.117,0.326,0.711,66.0
48.132,0.33,2.059,104.0
48.121,0.336,1.809,103.0
48.103,0.342,1.559,102.0
48.099,0.349,1.304,104.0
48.107,0.355,1.055,105.0
48.106,0.362,0.806,102.0
48.159,0.366,2.156,123.0
48.118,0.373,1.904,113.0
48.108,0.379,1.653,100.0
48.096,0.386,1.398,109.0
48.122,0.393,1.15,115.0
48.11,0.4,0.899,114.0
48.155,0.404,2.25,105.0
48.129,0.411,1.998,102.0
48.112,0.418,1.747,92.0
48.104,0.425,1.492,100.0
48.114,0.432,1.243,111.0
48.113,0.439,0.992,103.0
48.201,0.444,2.346,78.0
48.173,0.451,2.093,80.0
48.152,0.458,1.842,94.0
48.129,0.465,1.585,90.0
48.134,0.472,1.335,95.0
48.118,0.48,1.085,96.0
59.39,0.598,3.004,130.0
59.404,0.607,2.695,14.0
48.189,0.5,1.935,59.0
48.17,0.507,1.678,64.0
48.172,0.515,1.428,81.0
48.17,0.523,1.176,78.0
59.379,0.65,3.116,80.0
55.059,0.612,2.602,69.0
55.016,0.62,2.312,106.0
55.002,0.628,2.018,120.0
55.0,0.638,1.731,107.0
48.22,0.567,1.266,50.0
55.067,0.653,2.992,51.0
55.022,0.662,2.702,109.0
54.998,0.67,2.412,124.0
54.996,0.679,2.12,116.0
55.007,0.689,1.833,116.0
55.028,0.699,1.547,96.0
55.006,0.704,3.09,83.0
55.014,0.713,2.802,117.0
54.998,0.723,2.513,125.0
55.0,0.732,2.22,114.0
55.038,0.742,1.933,97.0
55.064,0.752,1.646,57.0
54.987,0.756,3.187,119.0
54.959,0.766,2.897,118.0
54.994,0.776,2.611,109.0
55.008,0.786,2.318,113.0
55.085,0.797,2.033,60.0
132.959,1.948,4.213,30.0
54.982,0.812,3.285,82.0
54.943,0.821,2.994,128.0
54.989,0.831,2.708,117.0
55.028,0.842,2.416,81.0
59.368,0.919,2.295,6.0
132.834,2.082,4.441,30.0
76.505,1.208,4.706,26.0
54.914,0.877,3.089,74.0
54.987,0.889,2.804,53.0
55.069,0.9,2.514,25.0
174.258,2.882,7.04,16.0
132.62,2.218,4.663,21.0
76.381,1.287,4.831,22.0
54.883,0.935,3.183,32.0
55.006,0.948,2.9,60.0
129.878,2.262,6.151,9.0
130.217,2.293,5.484,24.0
161.444,2.875,5.952,15.0
76.662,1.375,4.98,42.0
62.591,1.135,3.736,64.0
54.897,1.005,2.987,27.0
55.244,1.023,2.709,8.0
128.211,2.4,5.614,8.0
128.007,2.421,4.933,19.0
76.418,1.456,5.093,42.0
62.657,1.206,3.845,98.0
54.711,1.064,3.068,33.0
55.26,1.085,2.802,19.0
127.938,2.538,5.813,13.0
127.893,2.562,5.136,26.0
62.265,1.257,4.252,5.0
62.641,1.276,3.945,80.0
54.577,1.123,3.149,50.0
55.317,1.149,2.894,44.0
128.049,2.686,6.021,12.0
127.8,2.707,5.336,34.0
124.298,2.652,8.687,11.0
62.524,1.346,4.037,49.0
54.434,1.182,3.226,56.0
55.351,1.213,2.982,79.0
122.722,2.715,5.962,11.0
127.77,2.854,5.534,27.0
53.633,1.206,3.831,56.0
62.484,1.419,4.133,35.0
54.418,1.247,3.31,68.0
55.386,1.28,3.07,73.0
122.754,2.863,6.154,30.0
127.658,3.004,5.725,22.0
53.528,1.269,3.907,60.0
53.824,1.287,3.642,64.0
54.944,1.325,3.426,47.0
55.196,1.342,3.143,63.0
122.597,3.009,6.334,14.0
122.758,3.039,5.69,8.0
56.377,1.406,4.201,37.0
61.931,1.557,4.285,36.0
54.349,1.378,3.471,37.0
54.948,1.405,3.211,82.0
123.095,3.173,6.54,33.0
122.611,3.186,5.862,29.0
61.561,1.611,4.677,11.0
55.816,1.472,3.942,61.0
54.099,1.438,3.533,41.0
54.497,1.461,3.263,28.0
122.506,3.31,6.683,14.0
122.803,3.346,6.048,40.0
61.871,1.697,4.79,37.0
55.818,1.543,4.023,85.0
54.153,1.509,3.614,7.0
54.619,1.534,3.348,28.0
124.28,3.518,6.957,11.0
122.592,3.497,6.211,43.0
0.0,0.0,0.0,0.0
55.829,1.615,4.102,104.0
73.842,2.152,5.03,39.0
54.288,1.594,3.402,24.0
124.129,3.673,7.118,24.0
123.082,3.669,6.4,35.0
61.327,1.841,4.918,73.0
55.819,1.687,4.177,111.0
73.838,2.248,5.129,47.0
54.266,1.664,3.473,85.0
74.035,2.287,4.343,16.0
125.442,3.904,6.689,21.0
55.826,1.75,4.551,100.0
62.104,1.96,4.73,25.0
73.777,2.345,5.223,25.0
73.622,2.357,4.809,11.0
73.877,2.381,4.431,43.0
73.971,2.401,4.041,21.0
55.863,1.826,4.628,58.0
73.944,2.433,5.727,12.0
55.202,1.829,3.979,42.0
73.535,2.453,4.898,25.0
64.953,2.182,3.978,23.0
73.844,2.497,4.127,29.0
71.762,2.443,6.035,22.0
74.003,2.536,5.825,10.0
55.194,1.904,4.046,19.0
73.523,2.552,4.988,13.0
73.403,2.564,4.584,16.0
73.691,2.59,4.207,43.0
56.047,1.984,4.781,5.0
62.193,2.216,4.97,73.0
65.285,2.341,4.865,24.0
54.215,1.957,3.743,30.0
73.261,2.661,4.663,20.0
73.633,2.691,4.291,13.0
62.161,2.288,5.377,65.0
64.424,2.386,5.225,9.0
54.361,2.026,4.115,38.0
54.122,2.029,3.799,54.0
73.304,2.765,4.75,30.0
73.333,2.783,4.358,10.0
68.054,2.601,5.965,18.0
55.424,2.131,4.558,68.0
53.901,2.084,4.141,52.0
54.016,2.101,3.852,18.0
73.256,2.866,4.829,26.0
73.312,2.884,4.437,11.0
67.995,2.694,6.035,23.0
53.368,2.126,4.447,73.0
53.778,2.155,4.189,27.0
65.568,2.642,4.746,41.0
73.491,2.979,4.923,21.0
73.265,2.987,4.511,28.0
53.238,2.185,4.782,18.0
53.839,2.222,4.543,28.0
71.551,2.969,5.649,15.0
73.59,3.071,5.403,38.0
73.441,3.081,4.994,38.0
65.2,2.75,4.081,9.0
54.402,2.311,4.942,29.0
54.451,2.326,4.65,88.0
64.438,2.767,5.152,22.0
73.834,3.187,5.495,35.0
73.413,3.187,5.066,27.0
73.24,3.196,4.657,20.0
54.28,2.385,4.985,43.0
64.518,2.849,5.573,26.0
64.611,2.868,5.228,40.0
64.389,2.873,4.854,17.0
73.452,3.294,5.138,5.0
73.558,3.316,4.746,5.0
54.009,2.452,5.01,49.0
64.59,2.946,5.639,9.0
64.45,2.955,5.275,24.0
64.552,2.974,4.925,31.0
74.048,3.429,5.247,20.0
65.386,3.043,4.277,4.0
41.42,1.941,3.88,6.0
55.574,2.617,4.902,12.0
68.062,3.221,5.631,13.0
73.837,3.51,5.698,15.0
73.852,3.527,5.296,15.0
149.697,7.185,9.92,31.0
53.017,2.562,5.012,4.0
68.083,3.305,6.063,4.0
64.656,3.152,5.403,21.0
73.942,3.621,5.767,11.0
73.801,3.631,5.352,28.0
149.623,7.396,10.035,26.0
65.857,3.278,6.278,13.0
64.361,3.218,5.782,14.0
64.506,3.24,5.441,17.0
73.928,3.73,5.824,10.0
123.85,6.277,9.079,29.0
124.559,6.341,8.45,31.0
63.263,3.242,6.08,39.0
64.315,3.31,5.827,13.0
64.483,3.334,5.488,30.0
65.255,3.388,5.188,9.0
124.49,6.49,9.217,33.0
124.619,6.526,8.545,33.0
63.367,3.342,6.136,39.0
64.002,3.389,5.844,38.0
67.905,3.61,5.827,11.0
65.319,3.487,5.239,7.0
124.727,6.687,9.32,28.0
124.733,6.716,8.637,27.0
41.367,2.242,4.034,8.0
64.109,3.489,5.897,9.0
64.528,3.526,5.58,13.0
75.824,4.16,6.132,4.0
71.86,3.958,5.417,21.0
71.951,3.98,5.028,37.0
53.467,2.978,5.248,12.0
64.134,3.586,5.94,16.0
70.252,3.943,6.119,13.0
75.589,4.259,6.159,30.0
78.355,4.431,5.953,23.0
71.747,4.074,5.057,37.0
41.567,2.377,4.104,35.0
41.595,2.387,3.877,24.0
64.374,3.708,5.644,36.0
75.881,4.387,6.226,24.0
71.932,4.174,5.505,21.0
71.761,4.181,5.097,22.0
41.411,2.429,4.112,55.0
54.403,3.202,5.1,7.0
64.343,3.801,5.676,36.0
64.32,3.813,5.311,39.0
78.556,4.674,6.053,13.0
78.598,4.693,5.623,33.0
41.362,2.486,4.128,51.0
41.363,2.495,3.898,34.0
64.367,3.896,5.709,28.0
64.438,3.915,5.352,32.0
71.402,4.353,5.535,6.0
78.686,4.814,5.665,24.0
63.293,3.898,6.346,31.0
41.335,2.554,3.914,56.0
64.305,3.988,5.732,35.0
64.352,4.003,5.373,15.0
75.57,4.717,5.891,4.0
66.967,4.194,4.849,23.0
63.442,4.001,6.387,28.0
54.346,3.438,5.169,5.0
65.803,4.177,5.893,16.0
65.724,4.185,5.514,41.0
65.864,4.208,5.159,7.0
67.303,4.314,4.9,20.0
64.164,4.14,6.484,41.0
63.429,4.105,6.056,22.0
70.207,4.558,6.312,17.0
65.76,4.282,5.54,41.0
65.84,4.302,5.18,28.0
67.365,4.415,4.926,31.0
70.856,4.674,7.184,10.0
63.401,4.195,6.073,18.0
63.425,4.21,5.722,32.0
65.263,4.344,5.517,34.0
66.255,4.424,5.233,41.0
67.278,4.506,4.939,42.0
64.22,4.33,6.529,34.0
70.552,4.771,6.778,20.0
65.741,4.458,5.948,19.0
65.0,4.42,5.512,41.0
65.786,4.486,5.212,31.0
67.285,4.602,4.956,43.0
71.969,4.955,7.335,14.0
70.792,4.887,6.818,39.0
70.69,4.893,6.412,25.0
63.789,4.428,5.423,31.0
65.166,4.536,5.176,39.0
67.13,4.686,4.959,36.0
54.262,3.813,5.541,10.0
70.894,4.995,6.841,24.0
64.187,4.535,5.834,39.0
63.799,4.519,5.435,34.0
64.134,4.555,5.105,28.0
67.235,4.789,4.977,32.0
67.633,4.849,6.917,20.0
64.026,4.602,6.188,17.0
64.034,4.614,5.829,38.0
63.724,4.603,5.438,32.0
63.961,4.633,5.099,38.0
64.978,4.719,4.818,28.0
38.524,2.816,3.944,61.0
64.026,4.692,6.195,29.0
63.832,4.689,5.816,38.0
63.916,4.707,5.459,39.0
63.818,4.711,5.094,38.0
64.477,4.772,4.785,25.0
38.605,2.876,3.955,63.0
38.768,2.894,3.753,38.0
63.862,4.779,5.823,38.0
63.932,4.796,5.463,39.0
66.638,5.011,5.321,10.0
64.797,4.885,4.811,10.0
38.458,2.917,3.941,51.0
38.734,2.945,3.75,56.0
63.949,4.874,5.831,39.0
63.968,4.887,5.467,40.0
0.0,0.0,0.0,0.0
65.367,5.018,4.853,15.0
38.41,2.967,3.935,68.0
38.695,2.995,3.745,47.0
63.869,4.955,5.822,39.0
63.64,4.949,5.436,39.0
63.58,4.954,5.074,28.0
65.417,5.11,4.853,18.0
38.445,3.022,3.936,70.0
38.652,3.044,3.738,67.0
63.854,5.04,5.816,39.0
63.664,5.035,5.433,32.0
63.611,5.042,5.07,23.0
65.474,5.201,4.851,18.0
38.352,3.065,3.922,70.0
38.65,3.095,3.734,51.0
64.059,5.14,5.827,39.0
63.584,5.112,5.418,39.0
63.475,5.114,5.051,10.0
65.481,5.287,4.842,16.0
38.359,3.116,3.917,49.0
64.569,5.254,6.229,17.0
64.479,5.258,5.854,39.0
63.6,5.196,5.409,34.0
66.254,5.424,5.261,41.0
65.503,5.373,4.832,19.0
64.86,5.353,6.611,19.0
64.536,5.335,6.212,34.0
64.283,5.324,5.824,33.0
65.97,5.473,5.596,11.0
66.609,5.536,5.275,37.0
65.527,5.457,4.82,19.0
38.466,3.223,3.912,70.0
64.6,5.421,6.203,28.0
64.192,5.397,5.8,16.0
0.0,0.0,0.0,0.0
66.458,5.607,5.246,23.0
65.678,5.551,4.814,19.0
47.661,4.052,4.834,4.0
62.035,5.283,5.94,8.0
47.409,4.044,4.27,40.0
66.25,5.66,5.585,23.0
66.684,5.707,5.244,42.0
65.616,5.626,4.789,12.0
47.618,4.106,4.815,10.0
47.679,4.118,4.55,28.0
47.414,4.102,4.255,39.0
66.57,5.768,5.59,13.0
66.305,5.754,5.192,32.0
66.108,5.748,4.802,38.0
47.555,4.158,4.792,22.0
47.535,4.162,4.519,21.0
47.432,4.159,4.239,42.0
66.45,5.836,5.555,12.0
66.41,5.842,5.176,21.0
66.244,5.837,4.787,41.0
41.27,3.657,4.143,39.0
47.488,4.213,4.496,13.0
47.495,4.22,4.226,46.0
47.787,4.252,3.975,50.0
66.554,5.931,5.159,41.0
72.3,6.453,5.195,8.0
47.907,4.3,4.788,18.0
61.984,5.57,5.842,10.0
47.65,4.288,4.219,31.0
47.727,4.301,3.949,38.0
66.59,6.009,5.132,42.0
72.077,6.514,5.146,8.0
48.021,4.363,4.777,35.0
47.513,4.323,4.455,10.0
47.884,4.362,4.217,30.0
47.684,4.35,3.923,15.0
65.976,6.026,5.053,29.0
72.043,6.589,5.109,9.0
47.655,4.382,4.717,22.0
41.513,3.822,3.871,5.0
47.724,4.398,4.178,5.0
13.875,1.28,1.134,2.0
13.827,1.277,1.051,5.0
13.859,1.282,0.975,10.0
13.888,1.292,1.367,14.0
13.877,1.292,1.286,13.0
13.838,1.29,1.204,17.0
13.819,1.289,1.122,12.0
13.812,1.29,1.042,17.0
13.824,1.293,0.965,20.0
13.861,1.303,1.356,23.0
13.832,1.302,1.274,16.0
13.821,1.302,1.194,19.0
13.794,1.301,1.112,23.0
13.827,1.306,1.035,30.0
13.805,1.305,0.955,26.0
13.847,1.316,1.346,27.0
13.815,1.314,1.264,25.0
13.791,1.313,1.183,23.0
13.787,1.314,1.102,32.0
13.809,1.317,1.025,30.0
13.797,1.318,0.946,31.0
13.833,1.328,1.336,33.0
13.813,1.327,1.255,33.0
13.794,1.326,1.174,31.0
13.781,1.326,1.093,33.0
13.773,1.327,1.014,25.0
13.791,1.33,0.936,35.0
13.822,1.34,1.326,39.0
13.798,1.338,1.244,40.0
13.78,1.338,1.163,39.0
13.778,1.339,1.083,33.0
13.781,1.34,1.004,31.0
13.78,1.342,0.926,35.0
13.817,1.352,1.315,41.0
13.79,1.35,1.233,121.0
13.767,1.349,1.152,117.0
13.772,1.35,1.073,37.0
13.765,1.351,0.993,30.0
13.769,1.353,0.915,34.0
13.803,1.362,1.303,41.0
13.784,1.362,1.222,150.0
13.765,1.361,1.142,148.0
13.758,1.361,1.061,40.0
13.751,1.362,0.982,32.0
13.765,1.364,0.904,35.0
13.781,1.372,1.29,36.0
13.783,1.373,1.211,150.0
13.762,1.372,1.131,143.0
13.747,1.371,1.049,44.0
13.752,1.373,0.971,34.0
13.76,1.375,0.893,37.0
13.769,1.382,1.278,28.0
13.777,1.383,1.2,144.0
13.757,1.382,1.119,149.0
13.75,1.382,1.038,35.0
13.751,1.384,0.96,35.0
13.754,1.385,0.881,38.0
13.767,1.392,1.266,27.0
13.779,1.394,1.188,113.0
13.75,1.392,1.107,150.0
13.749,1.393,1.026,32.0
13.758,1.394,0.948,66.0
13.751,1.395,0.869,37.0
13.773,1.403,1.255,35.0
13.776,1.404,1.176,67.0
13.75,1.402,1.095,150.0
13.754,1.403,1.015,33.0
13.755,1.404,0.936,58.0
13.757,1.405,0.857,37.0
13.768,1.412,1.242,73.0
13.769,1.412,1.163,74.0
13.746,1.411,1.082,150.0
13.737,1.411,1.001,29.0
13.757,1.413,0.924,76.0
13.756,1.414,0.845,39.0
13.778,1.422,1.23,61.0
13.757,1.42,1.149,81.0
13.742,1.419,1.069,150.0
13.74,1.42,0.988,38.0
13.752,1.422,0.91,66.0
13.759,1.423,0.832,45.0
13.782,1.431,1.217,56.0
13.757,1.429,1.136,77.0
13.749,1.429,1.056,146.0
13.755,1.43,0.976,86.0
13.75,1.43,0.897,90.0
13.759,1.431,0.818,51.0
13.784,1.439,1.204,51.0
13.748,1.436,1.121,49.0
13.747,1.436,1.042,58.0
13.748,1.437,0.962,99.0
13.753,1.438,0.883,99.0
13.765,1.44,0.805,53.0
13.779,1.446,1.189,39.0
13.75,1.443,1.108,148.0
13.751,1.444,1.028,150.0
13.752,1.444,0.948,90.0
13.756,1.445,0.869,97.0
13.762,1.447,0.791,51.0
13.769,1.452,1.174,30.0
13.75,1.45,1.093,150.0
13.761,1.452,1.015,150.0
13.755,1.451,0.934,100.0
13.752,1.452,0.855,105.0
13.764,1.453,0.777,42.0
13.734,1.455,1.157,18.0
13.748,1.456,1.079,124.0
13.761,1.458,1.0,150.0
13.76,1.458,0.92,82.0
13.754,1.458,0.84,115.0
13.763,1.459,0.762,39.0
13.732,1.46,1.142,23.0
13.756,1.463,1.064,117.0
13.759,1.463,0.985,150.0
13.753,1.463,0.904,101.0
13.755,1.463,0.825,114.0
13.766,1.465,0.747,38.0
13.747,1.467,1.128,36.0
13.762,1.469,1.049,141.0
13.757,1.468,0.97,150.0
13.75,1.468,0.889,98.0
13.764,1.469,0.811,91.0
13.77,1.47,0.732,38.0
13.748,1.472,1.112,89.0
13.762,1.473,1.034,150.0
13.767,1.474,0.955,150.0
13.747,1.472,0.873,58.0
13.77,1.474,0.796,101.0
13.77,1.474,0.716,38.0
13.752,1.476,1.097,83.0
13.771,1.478,1.019,150.0
13.753,1.476,0.938,150.0
13.742,1.475,0.857,38.0
13.767,1.478,0.78,91.0
13.77,1.478,0.701,37.0
13.759,1.48,1.081,40.0
13.765,1.481,1.002,150.0
13.758,1.48,0.923,150.0
13.752,1.479,0.842,62.0
13.769,1.481,0.764,84.0
13.767,1.481,0.685,35.0
13.763,1.484,1.066,40.0
13.763,1.483,0.986,150.0
13.759,1.483,0.907,150.0
13.754,1.482,0.826,74.0
13.775,1.484,0.748,65.0
13.776,1.484,0.669,35.0
13.766,1.486,1.05,53.0
13.764,1.486,0.97,139.0
13.758,1.485,0.89,143.0
13.766,1.485,0.81,97.0
13.774,1.486,0.731,39.0
13.769,1.485,0.652,36.0
13.769,1.488,1.033,97.0
13.762,1.487,0.953,144.0
13.747,1.485,0.873,37.0
13.754,1.485,0.793,105.0
13.776,1.488,0.715,38.0
13.772,1.487,0.636,34.0
13.772,1.49,1.016,92.0
13.761,1.488,0.936,150.0
13.746,1.486,0.856,36.0
13.762,1.487,0.776,85.0
13.773,1.488,0.698,38.0
13.769,1.487,0.618,32.0
13.77,1.49,0.999,74.0
13.754,1.487,0.919,150.0
13.757,1.487,0.84,110.0
13.771,1.488,0.76,74.0
13.773,1.488,0.681,37.0
13.767,1.487,0.601,33.0
13.769,1.489,0.982,61.0
13.76,1.488,0.902,150.0
13.757,1.487,0.822,150.0
13.772,1.488,0.743,49.0
13.771,1.487,0.663,38.0
13.776,1.488,0.585,34.0
13.766,1.488,0.964,51.0
13.762,1.487,0.885,94.0
13.757,1.486,0.805,150.0
13.775,1.487,0.725,39.0
13.777,1.487,0.646,38.0
13.776,1.486,0.567,34.0
13.755,1.486,0.946,79.0
13.743,1.484,0.866,37.0
13.765,1.485,0.788,150.0
13.768,1.485,0.708,39.0
13.775,1.485,0.629,37.0
13.774,1.484,0.55,34.0
13.76,1.484,0.929,107.0
13.749,1.482,0.849,96.0
13.77,1.484,0.771,145.0
13.777,1.484,0.691,40.0
13.777,1.483,0.611,35.0
13.771,1.482,0.532,34.0
13.755,1.481,0.911,109.0
13.76,1.481,0.832,150.0
13.769,1.481,0.753,150.0
13.76,1.479,0.672,39.0
13.777,1.48,0.594,37.0
13.771,1.479,0.514,34.0
13.757,1.478,0.893,74.0
13.766,1.478,0.814,150.0
13.772,1.477,0.735,150.0
13.769,1.476,0.655,40.0
13.774,1.476,0.576,38.0
13.767,1.474,0.496,35.0
13.761,1.474,0.876,41.0
13.774,1.475,0.797,150.0
13.774,1.474,0.718,150.0
13.761,1.471,0.636,38.0
13.777,1.472,0.558,59.0
13.776,1.471,0.479,37.0
13.754,1.469,0.857,113.0
13.764,1.469,0.779,150.0
13.769,1.469,0.7,150.0
13.754,1.466,0.618,35.0
13.781,1.468,0.54,55.0
13.776,1.466,0.461,37.0
13.755,1.464,0.84,150.0
13.776,1.465,0.761,150.0
13.776,1.464,0.682,122.0
13.76,1.461,0.601,37.0
13.774,1.462,0.522,54.0
13.771,1.46,0.443,37.0
13.755,1.458,0.821,125.0
13.772,1.459,0.743,150.0
13.771,1.458,0.664,150.0
13.764,1.456,0.583,51.0
13.775,1.456,0.504,73.0
13.772,1.454,0.425,37.0
13.762,1.453,0.804,128.0
13.767,1.452,0.725,150.0
13.766,1.45,0.646,98.0
13.766,1.449,0.565,71.0
13.781,1.45,0.487,75.0
13.77,1.447,0.407,36.0
13.763,1.446,0.786,132.0
13.774,1.445,0.707,150.0
13.755,1.442,0.627,48.0
13.772,1.442,0.547,58.0
13.778,1.442,0.468,74.0
13.773,1.44,0.389,37.0
13.768,1.439,0.768,103.0
13.771,1.438,0.689,150.0
13.749,1.434,0.609,54.0
13.772,1.435,0.529,75.0
13.782,1.434,0.451,83.0
13.771,1.432,0.371,36.0
13.765,1.43,0.75,82.0
13.771,1.429,0.671,150.0
13.764,1.427,0.592,64.0
13.767,1.426,0.511,44.0
13.781,1.426,0.433,75.0
13.763,1.423,0.353,36.0
13.769,1.422,0.732,83.0
13.765,1.42,0.653,109.0
13.77,1.419,0.574,121.0
13.774,1.417,0.494,57.0
13.785,1.417,0.415,53.0
13.768,1.414,0.336,36.0
13.769,1.412,0.714,82.0
13.755,1.409,0.635,38.0
13.768,1.409,0.556,150.0
13.773,1.408,0.476,61.0
13.779,1.407,0.397,59.0
13.761,1.403,0.318,36.0
13.771,1.402,0.697,84.0
13.752,1.398,0.617,56.0
13.776,1.399,0.539,150.0
13.78,1.398,0.458,57.0
13.781,1.396,0.379,60.0
13.762,1.393,0.3,35.0
13.769,1.391,0.679,63.0
13.758,1.388,0.599,59.0
13.778,1.389,0.521,150.0
13.777,1.387,0.441,46.0
13.78,1.385,0.362,65.0
13.765,1.382,0.283,37.0
13.775,1.381,0.661,63.0
13.772,1.378,0.582,109.0
13.783,1.378,0.503,147.0
13.785,1.376,0.423,40.0
13.784,1.374,0.344,55.0
13.767,1.371,0.265,36.0
13.773,1.368,0.643,44.0
13.78,1.367,0.565,129.0
13.79,1.366,0.486,125.0
13.783,1.364,0.406,40.0
13.781,1.362,0.327,38.0
13.78,1.36,0.248,36.0
13.78,1.357,0.627,39.0
13.797,1.356,0.548,118.0
13.796,1.354,0.469,80.0
13.784,1.351,0.388,38.0
13.777,1.348,0.309,35.0
13.787,1.347,0.231,34.0
13.79,1.345,0.61,37.0
13.807,1.344,0.531,75.0
13.807,1.342,0.452,64.0
13.8,1.339,0.372,37.0
13.787,1.336,0.292,35.0
13.802,1.336,0.214,33.0
13.807,1.333,0.593,36.0
13.816,1.331,0.514,45.0
13.818,1.329,0.435,45.0
13.807,1.326,0.355,35.0
13.805,1.324,0.276,34.0
13.805,1.322,0.197,30.0
13.821,1.32,0.577,36.0
13.833,1.318,0.498,38.0
13.821,1.315,0.418,38.0
13.82,1.313,0.338,33.0
13.825,1.311,0.259,31.0
13.826,1.309,0.18,28.0
13.833,1.306,0.56,29.0
13.842,1.304,0.481,34.0
13.836,1.301,0.402,34.0
13.831,1.299,0.322,30.0
13.825,1.296,0.243,23.0
13.839,1.295,0.164,26.0
13.847,1.292,0.544,13.0
13.85,1.289,0.465,19.0
13.837,1.286,0.386,21.0
13.836,1.284,0.305,17.0
13.868,1.284,0.227,13.0
13.853,1.281,0.148,15.0
13.877,1.279,0.529,2.0
13.848,1.273,0.448,7.0
33.479,3.073,0.894,4.0
33.491,3.068,0.699,9.0
33.593,3.072,0.51,6.0
13.871,1.266,0.131,3.0
115.06,10.465,4.252,18.0
115.335,10.469,3.604,14.0
115.543,10.466,2.951,12.0
115.733,10.462,2.284,7.0
34.108,3.077,0.478,5.0
65.215,5.872,0.543,21.0
120.598,10.819,4.317,25.0
120.658,10.802,3.631,42.0
120.647,10.779,2.943,52.0
120.632,10.755,2.243,33.0
102.813,9.147,1.325,37.0
57.427,5.099,0.413,31.0
120.629,10.669,4.181,51.0
120.647,10.647,3.494,50.0
120.662,10.626,2.807,46.0
120.426,10.582,2.103,13.0
102.728,9.007,1.209,11.0
0.0,0.0,0.0,0.0
120.624,10.51,4.046,46.0
34.264,2.978,0.954,5.0
34.29,2.973,0.759,6.0
34.235,2.962,0.559,8.0
34.28,2.959,0.365,25.0
34.29,2.953,0.17,1.0
34.278,2.94,1.111,41.0
34.289,2.933,0.916,34.0
34.281,2.926,0.721,67.0
66.273,5.644,1.011,7.0
66.097,5.615,0.632,40.0
53.444,4.531,0.208,11.0
34.302,2.895,1.075,2.0
103.218,8.689,2.65,9.0
122.976,10.326,2.458,8.0
66.268,5.551,0.94,24.0
65.337,5.459,0.556,12.0
0.0,0.0,0.0,0.0
74.55,6.185,2.258,24.0
74.572,6.171,1.835,29.0
74.552,6.153,1.412,26.0
74.423,6.128,0.979,27.0
58.42,4.798,0.437,31.0
42.22,3.459,0.076,5.0
74.507,6.075,2.181,32.0
74.521,6.059,1.759,33.0
74.518,6.042,1.335,36.0
74.393,6.016,0.903,28.0
57.217,4.615,0.37,31.0
41.865,3.368,0.033,17.0
74.569,5.969,2.108,27.0
74.566,5.951,1.684,30.0
74.559,5.933,1.261,36.0
74.384,5.903,0.828,27.0
55.091,4.36,0.301,28.0
41.432,3.27,-0.008,42.0
103.197,8.102,2.815,46.0
129.831,10.162,2.805,11.0
74.72,5.831,1.19,13.0
74.242,5.777,0.754,33.0
0.0,0.0,0.0,0.0
41.184,3.186,-0.048,36.0
103.316,7.95,2.718,22.0
131.879,10.117,2.722,12.0
102.977,7.876,1.542,6.0
73.938,5.637,0.68,33.0
53.746,4.085,0.191,8.0
38.888,2.947,-0.081,24.0
114.59,8.636,2.907,13.0
66.5,4.995,1.31,3.0
66.554,4.982,0.934,150.0
66.563,4.967,0.551,158.0
47.386,3.525,0.124,21.0
36.498,2.706,-0.11,34.0
114.541,8.443,2.799,31.0
139.633,10.258,2.623,80.0
85.478,6.258,1.122,4.0
58.831,4.294,0.434,19.0
46.726,3.399,0.08,20.0
36.097,2.617,-0.141,40.0
114.481,8.248,2.697,42.0
114.68,8.234,2.053,5.0
80.478,5.758,0.985,6.0
57.765,4.118,0.375,32.0
42.069,2.989,0.035,17.0
0.0,0.0,0.0,0.0
114.354,8.045,2.595,32.0
114.66,8.038,1.955,17.0
80.467,5.621,0.917,3.0
57.6,4.009,0.325,13.0
41.669,2.889,0.0,42.0
35.446,2.449,-0.199,23.0
114.514,7.861,2.503,47.0
114.643,7.84,1.86,12.0
77.969,5.311,0.825,5.0
54.673,3.711,0.264,29.0
41.461,2.803,-0.033,16.0
35.223,2.373,-0.226,13.0
139.654,9.344,2.942,18.0
139.598,9.304,2.154,37.0
74.385,4.937,0.728,12.0
54.436,3.599,0.22,28.0
0.0,0.0,0.0,0.0
35.166,2.307,-0.253,8.0
139.628,9.093,2.832,33.0
120.925,7.841,1.772,15.0
74.19,4.79,0.669,26.0
54.089,3.478,0.177,8.0
40.05,2.564,-0.093,27.0
0.0,0.0,0.0,0.0
139.637,8.839,2.728,31.0
33.436,2.107,0.465,26.0
33.456,2.099,0.277,97.0
33.436,2.088,0.085,76.0
33.228,2.067,-0.101,5.0
0.0,0.0,0.0,0.0
33.434,2.054,0.629,3.0
33.451,2.047,0.441,4.0
73.712,4.49,0.559,17.0
33.512,2.032,0.062,2.0
36.363,2.195,-0.136,25.0
0.0,0.0,0.0,0.0
140.301,8.364,2.546,36.0
92.797,5.505,1.162,4.0
73.536,4.343,0.508,14.0
45.655,2.684,0.055,20.0
36.189,2.117,-0.159,34.0
32.516,1.894,-0.325,1.0
0.0,0.0,0.0,0.0
81.663,4.693,0.971,4.0
73.406,4.198,0.461,6.0
42.399,2.412,0.024,18.0
35.96,2.036,-0.18,17.0
31.781,1.79,-0.338,1.0
105.86,5.914,1.788,15.0
78.224,4.347,0.882,14.0
55.27,3.055,0.314,6.0
41.746,2.296,0.0,17.0
35.746,1.956,-0.2,30.0
31.45,1.712,-0.352,2.0
105.791,5.708,1.725,26.0
78.02,4.187,0.836,23.0
54.861,2.928,0.28,22.0
41.26,2.19,-0.024,29.0
35.7,1.884,-0.22,9.0
30.91,1.622,-0.364,1.0
105.803,5.503,1.668,48.0
77.667,4.017,0.79,24.0
54.597,2.807,0.249,28.0
40.932,2.093,-0.045,34.0
35.712,1.816,-0.239,10.0
30.534,1.543,-0.375,2.0
105.827,5.298,1.614,17.0
77.068,3.834,0.744,35.0
54.483,2.694,0.222,28.0
40.65,1.998,-0.065,46.0
35.668,1.742,-0.256,11.0
30.254,1.469,-0.386,2.0
105.813,5.088,1.563,9.0
76.658,3.662,0.704,38.0
54.339,2.579,0.195,26.0
40.47,1.909,-0.083,43.0
35.68,1.672,-0.272,8.0
29.935,1.394,-0.395,1.0
101.431,4.676,1.453,2.0
76.478,3.502,0.669,27.0
54.246,2.467,0.172,20.0
40.179,1.814,-0.1,50.0
35.72,1.603,-0.288,8.0
29.744,1.325,-0.405,2.0
95.916,4.227,1.335,3.0
0.0,0.0,0.0,0.0
54.244,2.358,0.15,9.0
40.02,1.727,-0.115,50.0
35.741,1.531,-0.302,6.0
29.508,1.255,-0.413,2.0
95.957,4.037,1.3,4.0
74.189,3.098,0.592,11.0
48.916,2.027,0.118,23.0
39.943,1.642,-0.129,46.0
35.729,1.458,-0.314,4.0
29.345,1.188,-0.421,2.0
93.511,3.744,1.235,6.0
74.118,2.945,0.567,14.0
48.655,1.917,0.101,23.0
39.612,1.548,-0.141,50.0
35.645,1.381,-0.324,3.0
29.171,1.121,-0.427,2.0
93.62,3.556,1.208,7.0
74.066,2.789,0.544,13.0
48.399,1.807,0.087,23.0
39.469,1.461,-0.151,40.0
0.0,0.0,0.0,0.0
29.042,1.056,-0.433,2.0
93.642,3.362,1.183,6.0
73.994,2.633,0.525,11.0
48.166,1.698,0.074,24.0
39.482,1.379,-0.161,32.0
33.468,1.158,-0.322,1.0
28.947,0.992,-0.439,2.0
95.53,3.232,1.185,3.0
74.068,2.481,0.509,11.0
48.268,1.601,0.064,24.0
39.443,1.295,-0.169,17.0
33.337,1.084,-0.328,1.0
28.806,0.927,-0.442,1.0
93.169,2.956,1.138,1.0
74.148,2.328,0.495,9.0
47.995,1.491,0.055,23.0
39.203,1.204,-0.175,19.0
33.131,1.007,-0.331,1.0
28.634,0.861,-0.444,1.0
81.616,2.419,0.984,3.0
74.149,2.173,0.484,10.0
47.923,1.388,0.048,22.0
0.0,0.0,0.0,0.0
32.853,0.93,-0.333,1.0
28.611,0.8,-0.448,1.0
93.446,2.574,1.116,3.0
61.142,1.662,0.392,15.0
47.833,1.285,0.043,22.0
0.0,0.0,0.0,0.0
32.735,0.857,-0.334,1.0
28.671,0.741,-0.451,1.0
93.323,2.372,1.107,4.0
61.302,1.536,0.389,13.0
47.686,1.179,0.039,23.0
0.0,0.0,0.0,0.0
32.74,0.788,-0.336,1.0
28.595,0.678,-0.451,1.0
89.819,2.091,1.061,4.0
61.472,1.409,0.388,17.0
47.532,1.074,0.038,22.0
37.603,0.837,-0.18,49.0
32.592,0.715,-0.335,1.0
28.544,0.616,-0.451,1.0
90.01,1.905,1.063,5.0
61.608,1.282,0.389,14.0
47.522,0.973,0.038,22.0
37.742,0.76,-0.18,44.0
32.86,0.65,-0.337,1.0
28.691,0.558,-0.452,1.0
89.855,1.711,1.064,8.0
61.72,1.153,0.392,9.0
47.468,0.871,0.04,22.0
37.817,0.681,-0.178,47.0
32.825,0.579,-0.335,1.0
28.69,0.496,-0.45,1.0
94.359,1.593,1.124,6.0
62.093,1.028,0.399,9.0
47.586,0.771,0.044,43.0
38.016,0.603,-0.176,47.0
32.893,0.51,-0.333,1.0
28.785,0.436,-0.449,2.0
121.067,1.787,1.455,12.0
48.197,0.695,0.315,4.0
47.641,0.67,0.05,48.0
38.165,0.523,-0.172,47.0
33.028,0.441,-0.329,1.0
28.897,0.377,-0.447,2.0
48.152,0.608,0.586,54.0
48.06,0.59,0.321,73.0
47.745,0.569,0.058,55.0
38.435,0.445,-0.167,50.0
33.228,0.373,-0.326,1.0
29.033,0.315,-0.443,2.0
48.094,0.504,0.594,104.0
48.061,0.487,0.33,107.0
47.818,0.468,0.067,57.0
38.695,0.364,-0.16,47.0
33.436,0.303,-0.321,1.0
29.123,0.254,-0.438,2.0
48.094,0.401,0.604,126.0
48.072,0.384,0.342,79.0
47.938,0.366,0.079,56.0
39.022,0.284,-0.152,47.0
33.654,0.233,-0.314,0.0
29.248,0.192,-0.433,2.0
48.198,0.299,0.618,48.0
55.093,0.323,0.406,31.0
54.65,0.301,0.105,28.0
39.356,0.202,-0.142,43.0
37.711,0.181,-0.342,2.0
29.492,0.131,-0.428,3.0
79.465,0.324,1.043,151.0
76.843,0.287,0.59,56.0
54.294,0.184,0.121,29.0
39.841,0.12,-0.131,30.0
36.661,0.098,-0.32,0.0
29.558,0.069,-0.419,2.0
79.458,0.158,1.069,151.0
79.406,0.13,0.636,19.0
54.488,0.069,0.14,24.0
40.616,0.038,-0.12,17.0
38.137,0.022,-0.32,1.0
29.834,0.006,-0.412,2.0
79.457,-0.01,1.099,151.0
79.375,-0.037,0.666,59.0
55.836,-0.046,0.165,29.0
41.559,-0.049,-0.106,18.0
0.0,0.0,0.0,0.0
30.046,-0.056,-0.403,2.0
79.461,-0.178,1.131,151.0
79.431,-0.205,0.699,150.0
56.134,-0.165,0.19,12.0
42.691,-0.14,-0.091,18.0
39.16,-0.142,-0.296,1.0
30.294,-0.121,-0.393,1.0
79.453,-0.343,1.166,153.0
79.474,-0.372,0.735,168.0
61.293,-0.307,0.235,18.0
0.0,0.0,0.0,0.0
39.586,-0.226,-0.281,6.0
30.648,-0.186,-0.383,1.0
79.447,-0.51,1.204,164.0
79.478,-0.537,0.774,172.0
61.487,-0.437,0.266,10.0
48.099,-0.359,-0.056,5.0
42.163,-0.329,-0.278,3.0
31.011,-0.253,-0.372,1.0
79.449,-0.674,1.245,185.0
79.449,-0.702,0.815,181.0
77.158,-0.709,0.374,3.0
50.844,-0.484,-0.033,4.0
38.601,-0.381,-0.233,3.0
31.53,-0.323,-0.361,1.0
79.432,-0.839,1.289,197.0
79.448,-0.866,0.859,150.0
77.92,-0.877,0.422,7.0
60.781,-0.705,-0.004,4.0
42.361,-0.506,-0.231,3.0
32.414,-0.399,-0.352,1.0
86.948,-1.097,1.461,33.0
86.95,-1.126,0.992,150.0
78.756,-1.047,0.473,4.0
60.671,-0.828,0.031,1.0
43.239,-0.605,-0.21,0.0
32.996,-0.473,-0.338,1.0
187.128,-2.741,3.261,75.0
123.718,-1.853,1.489,5.0
91.503,-1.404,0.608,6.0
61.553,-0.966,0.071,2.0
46.607,-0.748,-0.196,0.0
34.038,-0.557,-0.326,1.0
0.0,0.0,0.0,0.0
40.312,-0.686,0.512,2.0
40.253,-0.698,0.294,50.0
40.268,-0.713,0.074,68.0
40.315,-0.728,-0.142,55.0
36.515,-0.672,-0.325,0.0
40.18,-0.751,0.754,57.0
40.239,-0.766,0.539,51.0
40.252,-0.78,0.323,49.0
40.149,-0.791,0.102,0.0
0.0,0.0,0.0,0.0
40.214,-0.82,-0.329,0.0
40.221,-0.832,0.784,55.0
40.253,-0.846,0.568,46.0
0.0,0.0,0.0,0.0
40.345,-0.875,0.132,0.0
40.288,-0.888,-0.083,10.0
40.245,-0.9,-0.299,7.0
40.204,-0.91,0.814,59.0
40.31,-0.927,0.6,127.0
40.3,-0.941,0.384,150.0
40.288,-0.954,0.163,26.0
40.288,-0.968,-0.052,0.0
40.267,-0.981,-0.267,4.0
40.191,-0.989,0.846,56.0
40.211,-1.003,0.63,64.0
40.2,-1.016,0.415,47.0
40.2,-1.03,0.195,43.0
40.998,-1.064,-0.019,150.0
40.781,-1.072,-0.238,75.0
40.215,-1.067,0.879,45.0
40.266,-1.082,0.664,43.0
40.219,-1.094,0.448,34.0
40.185,-1.106,0.229,54.0
40.185,-1.12,0.014,65.0
40.2,-1.133,-0.2,46.0
40.345,-1.148,0.916,8.0
154.042,-4.437,2.676,63.0
0.0,0.0,0.0,0.0
0.0,0.0,0.0,0.0
0.0,0.0,0.0,0.0
0.0,0.0,0.0,0.0
40.31,-1.224,0.951,29.0
40.334,-1.238,0.736,26.0
40.356,-1.252,0.521,12.0
0.0,0.0,0.0,0.0
0.0,0.0,0.0,0.0
0.0,0.0,0.0,0.0
0.0,0.0,0.0,0.0
0.0,0.0,0.0,0.0
0.0,0.0,0.0,0.0
0.0,0.0,0.0,0.0
0.0,0.0,0.0,0.0
0.0,0.0,0.0,0.0
0.0,0.0,0.0,0.0
0.0,0.0,0.0,0.0
0.0,0.0,0.0,0.0
0.0,0.0,0.0,0.0
0.0,0.0,0.0,0.0
56.239,-2.01,-0.07,0.0
0.0,0.0,0.0,0.0
0.0,0.0,0.0,0.0
0.0,0.0,0.0,0.0
0.0,0.0,0.0,0.0
0.0,0.0,0.0,0.0
40.134,-1.507,-0.009,12.0
0.0,0.0,0.0,0.0
0.0,0.0,0.0,0.0
175.055,-6.722,2.946,44.0
0.0,0.0,0.0,0.0
0.0,0.0,0.0,0.0
0.0,0.0,0.0,0.0
0.0,0.0,0.0,0.0
0.0,0.0,0.0,0.0
175.073,-7.033,3.13,73.0
0.0,0.0,0.0,0.0
0.0,0.0,0.0,0.0
0.0,0.0,0.0,0.0
0.0,0.0,0.0,0.0
0.0,0.0,0.0,0.0
175.245,-7.347,3.323,20.0
0.0,0.0,0.0,0.0
0.0,0.0,0.0,0.0
0.0,0.0,0.0,0.0
0.0,0.0,0.0,0.0
0.0,0.0,0.0,0.0
0.0,0.0,0.0,0.0
0.0,0.0,0.0,0.0
0.0,0.0,0.0,0.0
0.0,0.0,0.0,0.0
0.0,0.0,0.0,0.0
0.0,0.0,0.0,0.0
0.0,0.0,0.0,0.0
0.0,0.0,0.0,0.0
0.0,0.0,0.0,0.0
0.0,0.0,0.0,0.0
0.0,0.0,0.0,0.0
0.0,0.0,0.0,0.0
0.0,0.0,0.0,0.0
0.0,0.0,0.0,0.0
0.0,0.0,0.0,0.0
0.0,0.0,0.0,0.0
0.0,0.0,0.0,0.0
0.0,0.0,0.0,0.0
0.0,0.0,0.0,0.0
0.0,0.0,0.0,0.0
0.0,0.0,0.0,0.0
0.0,0.0,0.0,0.0
0.0,0.0,0.0,0.0
0.0,0.0,0.0,0.0
0.0,0.0,0.0,0.0
0.0,0.0,0.0,0.0
0.0,0.0,0.0,0.0
0.0,0.0,0.0,0.0
0.0,0.0,0.0,0.0
0.0,0.0,0.0,0.0
0.0,0.0,0.0,0.0
0.0,0.0,0.0,0.0
0.0,0.0,0.0,0.0
233.898,-12.616,3.88,97.0
155.82,-8.448,1.763,3.0
211.777,-11.519,8.279,6.0
279.029,-15.252,9.435,16.0
0.0,0.0,0.0,0.0
228.019,-12.64,4.076,62.0
0.0,0.0,0.0,0.0
211.822,-11.835,8.553,6.0
0.0,0.0,0.0,0.0
278.943,-15.726,8.318,13.0
0.0,0.0,0.0,0.0
0.0,0.0,0.0,0.0
0.0,0.0,0.0,0.0
0.0,0.0,0.0,0.0
212.457,-12.233,7.738,7.0
0.0,0.0,0.0,0.0
271.703,-15.777,7.001,151.0
271.728,-15.849,5.571,58.0
200.856,-11.766,3.06,8.0
0.0,0.0,0.0,0.0
212.032,-12.506,8.002,19.0
271.843,-16.099,8.825,18.0
272.021,-16.173,7.37,87.0
272.032,-16.242,5.939,58.0
187.369,-11.231,3.104,7.0
0.0,0.0,0.0,0.0
212.983,-12.852,8.324,7.0
212.21,-12.853,7.174,37.0
263.448,-16.021,7.494,98.0
263.473,-16.086,6.109,16.0
0.0,0.0,0.0,0.0
197.488,-12.138,9.03,7.0
0.0,0.0,0.0,0.0
212.964,-13.186,7.495,11.0
244.321,-15.184,7.287,38.0
248.311,-15.491,6.101,14.0
0.0,0.0,0.0,0.0
157.691,-9.9,7.431,3.0
0.0,0.0,0.0,0.0
208.701,-13.195,7.636,21.0
208.839,-13.249,6.522,23.0
248.36,-15.812,6.449,255.0
0.0,0.0,0.0,0.0
149.739,-9.59,7.265,8.0
204.929,-13.168,8.863,17.0
208.682,-13.453,7.928,22.0
208.934,-13.514,6.816,17.0
248.309,-16.115,6.794,83.0
244.516,-15.92,5.408,34.0
155.623,-10.158,7.769,4.0
212.594,-13.921,9.495,9.0
204.147,-13.41,8.042,26.0
208.282,-13.724,7.092,40.0
208.963,-13.813,6.016,36.0
237.194,-15.729,5.582,60.0
164.695,-10.949,8.458,7.0
158.31,-10.553,7.296,5.0
203.257,-13.591,8.299,8.0
205.0,-13.75,7.273,13.0
208.671,-14.037,6.309,30.0
228.496,-15.418,5.71,65.0
147.47,-9.974,7.788,4.0
158.127,-10.725,7.519,8.0
194.732,-13.246,8.236,5.0
203.627,-13.888,7.52,34.0
204.734,-14.004,6.487,26.0
212.759,-14.596,5.626,74.0
150.793,-10.37,8.185,3.0
165.003,-11.375,8.087,7.0
211.504,-14.62,9.255,7.0
195.565,-13.554,7.509,9.0
203.996,-14.177,6.762,45.0
208.246,-14.51,5.812,15.0
163.078,-11.39,9.091,9.0
148.661,-10.407,7.504,12.0
164.317,-11.532,7.431,11.0
195.064,-13.725,7.777,18.0
196.221,-13.842,6.794,25.0
204.812,-14.483,6.017,51.0
157.667,-11.175,9.023,9.0
155.542,-11.05,8.082,5.0
155.256,-11.056,7.251,4.0
164.422,-11.735,6.798,39.0
195.132,-13.959,7.042,31.0
204.922,-14.696,6.322,22.0
148.375,-10.663,8.71,9.0
157.774,-11.364,8.432,6.0
158.332,-11.43,7.63,14.0
156.567,-11.325,6.704,7.0
164.477,-11.924,6.18,32.0
204.911,-14.889,6.623,15.0
147.135,-10.714,8.857,4.0
149.311,-10.895,8.202,4.0
149.027,-10.897,7.402,4.0
155.58,-11.398,6.894,20.0
197.45,-14.496,7.713,23.0
197.101,-14.501,6.665,31.0
148.22,-10.928,9.143,2.0
148.408,-10.963,8.375,11.0
156.342,-11.571,7.999,6.0
197.58,-14.652,9.052,10.0
194.774,-14.47,7.9,14.0
197.251,-14.683,6.965,24.0
162.078,-12.091,10.243,9.0
0.0,0.0,0.0,0.0
148.753,-11.136,7.833,6.0
157.982,-11.847,7.474,28.0
163.717,-12.299,6.885,6.0
164.234,-12.361,6.046,40.0
149.284,-11.26,9.658,11.0
156.688,-11.838,9.313,10.0
157.841,-11.944,8.55,9.0
149.463,-11.328,7.296,9.0
165.45,-12.56,7.207,18.0
165.613,-12.595,6.346,15.0
158.719,-12.098,10.509,4.0
149.394,-11.403,9.107,11.0
155.602,-11.895,8.666,9.0
148.819,-11.394,7.491,10.0
158.144,-12.127,7.13,3.0
165.53,-12.711,6.594,37.0
148.433,-11.425,10.057,10.0
158.709,-12.232,9.917,6.0
165.241,-12.754,9.456,18.0
165.282,-12.773,8.572,19.0
162.722,-12.593,7.585,8.0
156.795,-12.152,6.484,35.0
108.862,-8.455,7.541,12.0
106.694,-8.297,6.829,4.0
121.615,-9.469,7.142,5.0
148.152,-11.549,7.908,4.0
149.619,-11.678,7.2,20.0
163.047,-12.744,6.991,14.0
108.452,-8.496,7.68,4.0
116.049,-9.101,7.605,3.0
106.419,-8.355,6.414,3.0
108.962,-8.564,5.982,3.0
163.258,-12.846,8.105,11.0
163.298,-12.863,7.249,16.0
97.957,-7.734,7.084,5.0
122.546,-9.685,8.215,7.0
115.329,-9.122,7.124,4.0
108.084,-8.558,6.096,2.0
149.623,-11.86,7.652,12.0
149.612,-11.87,6.865,20.0
100.775,-8.014,7.441,8.0
108.775,-8.658,7.457,7.0
115.841,-9.228,7.331,4.0
106.461,-8.487,6.166,5.0
146.986,-11.729,7.741,4.0
149.722,-11.959,7.097,4.0
108.146,-8.657,8.151,3.0
97.701,-7.827,6.848,4.0
108.454,-8.695,7.029,4.0
108.723,-8.723,6.461,2.0
108.811,-8.736,5.894,4.0
158.565,-12.742,7.755,12.0
108.007,-8.7,8.304,15.0
100.83,-8.125,7.22,3.0
99.016,-7.984,6.566,3.0
108.285,-8.738,6.599,5.0
106.422,-8.592,5.925,7.0
166.731,-13.472,8.404,8.0
107.918,-8.74,8.46,10.0
100.318,-8.129,7.334,3.0
108.797,-8.819,7.378,9.0
106.398,-8.63,6.643,3.0
108.564,-8.809,6.206,5.0
150.878,-12.25,7.832,9.0
105.951,-8.623,8.465,6.0
108.071,-8.799,8.061,7.0
100.958,-8.222,6.997,4.0
121.369,-9.889,7.757,5.0
108.538,-8.846,6.365,13.0
150.879,-12.304,8.055,8.0
107.065,-8.752,8.713,6.0
98.016,-8.013,7.458,14.0
96.602,-7.9,6.84,3.0
98.881,-8.089,6.468,4.0
124.175,-10.162,7.466,5.0
106.407,-8.71,5.838,5.0
84.655,-6.946,7.016,6.0
106.043,-8.702,8.227,6.0
96.717,-7.938,6.992,4.0
108.632,-8.917,7.268,8.0
115.422,-9.477,7.113,6.0
108.543,-8.915,6.115,4.0
84.708,-6.974,7.147,5.0
86.198,-7.096,6.816,4.0
85.081,-7.005,6.276,7.0
100.82,-8.301,6.894,6.0
121.551,-10.008,7.668,6.0
108.58,-8.942,6.277,11.0
105.483,-8.708,9.056,7.0
84.606,-6.983,6.814,6.0
98.03,-8.091,7.375,11.0
117.667,-9.712,8.216,4.0
105.99,-8.747,6.84,3.0
122.742,-10.13,7.274,5.0
107.551,-8.898,9.39,2.0
84.755,-7.011,6.949,24.0
97.483,-8.062,7.475,2.0
96.766,-8.002,6.896,5.0
98.672,-8.159,6.51,12.0
122.708,-10.144,7.448,7.0
106.363,-8.815,9.441,1.0
84.974,-7.04,7.09,15.0
86.296,-7.148,6.742,2.0
85.019,-7.039,6.183,1.0
108.721,-9.001,7.33,8.0
99.958,-8.274,6.21,2.0
106.163,-8.808,9.576,6.0
98.34,-8.156,8.346,4.0
105.762,-8.768,8.413,13.0
85.136,-7.056,6.312,6.0
100.738,-8.345,6.935,6.0
117.211,-9.708,7.447,2.0
106.302,-8.826,9.74,9.0
100.775,-8.362,8.696,1.0
84.639,-7.02,6.852,13.0
97.895,-8.116,7.395,7.0
98.084,-8.128,6.888,3.0
98.554,-8.164,6.399,11.0
106.297,-8.827,9.888,10.0
106.391,-8.83,9.329,2.0
84.827,-7.035,6.987,20.0
99.823,-8.274,7.68,1.0
108.016,-8.948,7.735,6.0
98.658,-8.169,6.541,12.0
106.232,-8.819,10.03,5.0
115.145,-9.552,10.256,2.0
85.008,-7.046,7.119,10.0
96.94,-8.03,7.591,2.0
108.006,-8.941,7.883,7.0
108.719,-8.994,7.357,6.0
99.858,-8.282,9.565,2.0
106.017,-8.786,9.588,6.0
98.34,-8.142,8.369,4.0
105.738,-8.748,8.423,15.0
85.109,-7.037,6.326,8.0
100.817,-8.329,6.956,5.0
108.52,-8.988,10.542,4.0
106.231,-8.791,9.751,7.0
100.806,-8.334,8.713,3.0
84.622,-6.99,6.853,10.0
98.046,-8.092,7.417,11.0
96.817,-7.984,6.809,4.0
0.0,0.0,0.0,0.0
106.347,-8.783,9.903,4.0
107.871,-8.9,9.467,2.0
84.667,-6.979,6.969,13.0
106.024,-8.73,8.161,5.0
96.775,-7.961,6.933,5.0
100.057,-8.253,9.985,1.0
106.792,-8.797,10.085,2.0
105.821,-8.708,9.426,1.0
84.6,-6.954,7.073,5.0
99.926,-8.205,7.82,2.0
107.993,-8.859,7.874,6.0
100.124,-8.235,10.122,2.0
106.849,-8.776,10.227,2.0
105.713,-8.673,9.549,1.0
84.547,-6.928,7.176,4.0
106.002,-8.676,8.43,7.0
108.039,-8.833,8.014,9.0
100.129,-8.208,10.248,1.0
99.746,-8.166,9.672,2.0
105.251,-8.604,9.642,3.0
98.267,-8.023,8.464,6.0
106.753,-8.706,8.622,16.0
98.005,-7.982,7.392,10.0
0.0,0.0,0.0,0.0
99.599,-8.121,9.782,2.0
105.296,-8.573,9.775,7.0
105.41,-8.57,9.208,3.0
107.356,-8.717,8.802,9.0
98.275,-7.97,7.531,13.0
0.0,0.0,0.0,0.0
0.0,0.0,0.0,0.0
105.457,-8.547,9.919,1.0
107.805,-8.725,9.548,6.0
107.524,-8.69,8.945,13.0
107.97,-8.713,8.403,10.0
0.0,0.0,0.0,0.0
0.0,0.0,0.0,0.0
0.0,0.0,0.0,0.0
98.333,-7.917,8.824,4.0
107.667,-8.655,9.082,8.0
98.037,-7.87,7.743,9.0
0.0,0.0,0.0,0.0
0.0,0.0,0.0,0.0
0.0,0.0,0.0,0.0
98.343,-7.874,8.938,2.0
107.825,-8.619,9.219,7.0
98.617,-7.87,7.901,8.0
0.0,0.0,0.0,0.0
0.0,0.0,0.0,0.0
0.0,0.0,0.0,0.0
105.365,-8.384,9.695,7.0
107.677,-8.553,9.327,3.0
98.524,-7.813,8.004,8.0
0.0,0.0,0.0,0.0
0.0,0.0,0.0,0.0
0.0,0.0,0.0,0.0
0.0,0.0,0.0,0.0
107.294,-8.466,9.411,7.0
98.666,-7.771,8.121,3.0
0.0,0.0,0.0,0.0
0.0,0.0,0.0,0.0
0.0,0.0,0.0,0.0
108.687,-8.53,10.236,4.0
107.386,-8.412,9.532,1.0
105.964,-8.285,8.833,10.0
0.0,0.0,0.0,0.0
0.0,0.0,0.0,0.0
0.0,0.0,0.0,0.0
0.0,0.0,0.0,0.0
0.0,0.0,0.0,0.0
108.863,-8.446,9.186,2.0
0.0,0.0,0.0,0.0
0.0,0.0,0.0,0.0
0.0,0.0,0.0,0.0
0.0,0.0,0.0,0.0
0.0,0.0,0.0,0.0
0.0,0.0,0.0,0.0
0.0,0.0,0.0,0.0
0.0,0.0,0.0,0.0
0.0,0.0,0.0,0.0
0.0,0.0,0.0,0.0
0.0,0.0,0.0,0.0
0.0,0.0,0.0,0.0
0.0,0.0,0.0,0.0
0.0,0.0,0.0,0.0
0.0,0.0,0.0,0.0
0.0,0.0,0.0,0.0
0.0,0.0,0.0,0.0
0.0,0.0,0.0,0.0
0.0,0.0,0.0,0.0
0.0,0.0,0.0,0.0
0.0,0.0,0.0,0.0
0.0,0.0,0.0,0.0
0.0,0.0,0.0,0.0
0.0,0.0,0.0,0.0
0.0,0.0,0.0,0.0
0.0,0.0,0.0,0.0
0.0,0.0,0.0,0.0
0.0,0.0,0.0,0.0
0.0,0.0,0.0,0.0
108.713,-8.051,9.672,2.0
0.0,0.0,0.0,0.0
0.0,0.0,0.0,0.0
0.0,0.0,0.0,0.0
0.0,0.0,0.0,0.0
0.0,0.0,0.0,0.0
0.0,0.0,0.0,0.0
0.0,0.0,0.0,0.0
0.0,0.0,0.0,0.0
0.0,0.0,0.0,0.0
0.0,0.0,0.0,0.0
0.0,0.0,0.0,0.0
0.0,0.0,0.0,0.0
0.0,0.0,0.0,0.0
0.0,0.0,0.0,0.0
0.0,0.0,0.0,0.0
0.0,0.0,0.0,0.0
0.0,0.0,0.0,0.0
0.0,0.0,0.0,0.0
0.0,0.0,0.0,0.0
0.0,0.0,0.0,0.0
0.0,0.0,0.0,0.0
0.0,0.0,0.0,0.0
0.0,0.0,0.0,0.0
0.0,0.0,0.0,0.0
0.0,0.0,0.0,0.0
0.0,0.0,0.0,0.0
0.0,0.0,0.0,0.0
0.0,0.0,0.0,0.0
0.0,0.0,0.0,0.0
0.0,0.0,0.0,0.0
0.0,0.0,0.0,0.0
0.0,0.0,0.0,0.0
0.0,0.0,0.0,0.0
0.0,0.0,0.0,0.0
0.0,0.0,0.0,0.0
0.0,0.0,0.0,0.0
49.335,-3.401,6.003,1.0
0.0,0.0,0.0,0.0
0.0,0.0,0.0,0.0
0.0,0.0,0.0,0.0
0.0,0.0,0.0,0.0
0.0,0.0,0.0,0.0
48.936,-3.326,5.984,4.0
0.0,0.0,0.0,0.0
0.0,0.0,0.0,0.0
0.0,0.0,0.0,0.0
0.0,0.0,0.0,0.0
0.0,0.0,0.0,0.0
48.825,-3.27,5.998,6.0
0.0,0.0,0.0,0.0
0.0,0.0,0.0,0.0
0.0,0.0,0.0,0.0
0.0,0.0,0.0,0.0
0.0,0.0,0.0,0.0
48.271,-3.183,5.955,8.0
0.0,0.0,0.0,0.0
0.0,0.0,0.0,0.0
0.0,0.0,0.0,0.0
0.0,0.0,0.0,0.0
0.0,0.0,0.0,0.0
48.636,-3.157,6.022,24.0
0.0,0.0,0.0,0.0
49.293,-3.177,5.553,1.0
0.0,0.0,0.0,0.0
0.0,0.0,0.0,0.0
0.0,0.0,0.0,0.0
48.121,-3.073,5.98,1.0
49.165,-3.127,5.834,3.0
49.303,-3.125,5.575,3.0
0.0,0.0,0.0,0.0
0.0,0.0,0.0,0.0
0.0,0.0,0.0,0.0
49.289,-3.094,6.144,0.0
49.16,-3.074,5.852,5.0
49.278,-3.069,5.591,3.0
0.0,0.0,0.0,0.0
0.0,0.0,0.0,0.0
0.0,0.0,0.0,0.0
48.068,-2.964,6.009,3.0
48.794,-2.997,5.825,23.0
0.0,0.0,0.0,0.0
0.0,0.0,0.0,0.0
0.0,0.0,0.0,0.0
0.0,0.0,0.0,0.0
49.174,-2.977,6.162,3.0
48.689,-2.936,5.827,23.0
0.0,0.0,0.0,0.0
0.0,0.0,0.0,0.0
0.0,0.0,0.0,0.0
0.0,0.0,0.0,0.0
51.188,-3.04,6.428,4.0
48.658,-2.878,5.836,22.0
48.299,-2.846,5.521,0.0
49.559,-2.908,5.382,0.0
0.0,0.0,0.0,0.0
0.0,0.0,0.0,0.0
0.0,0.0,0.0,0.0
49.911,-2.896,5.997,5.0
50.361,-2.91,5.767,1.0
49.373,-2.841,5.372,2.0
0.0,0.0,0.0,0.0
0.0,0.0,0.0,0.0
0.0,0.0,0.0,0.0
47.667,-2.71,5.735,3.0
50.365,-2.851,5.776,3.0
49.346,-2.782,5.376,4.0
56.572,-3.176,5.846,4.0
0.0,0.0,0.0,0.0
0.0,0.0,0.0,0.0
47.724,-2.656,5.748,5.0
50.321,-2.788,5.777,6.0
49.389,-2.725,5.386,5.0
0.0,0.0,0.0,0.0
0.0,0.0,0.0,0.0
51.046,-2.792,6.441,0.0
50.911,-2.772,6.135,2.0
50.27,-2.726,5.774,4.0
49.426,-2.668,5.393,4.0
0.0,0.0,0.0,0.0
56.586,-3.028,5.538,5.0
0.0,0.0,0.0,0.0
50.989,-2.714,6.147,8.0
48.258,-2.558,5.544,11.0
56.945,-3.004,6.215,6.0
92.705,-4.869,9.595,1.0
0.0,0.0,0.0,0.0
46.458,-2.428,5.864,0.0
48.938,-2.546,5.898,8.0
48.359,-2.504,5.555,15.0
56.603,-2.918,6.176,2.0
55.2,-2.832,5.711,3.0
63.693,-3.252,6.231,3.0
46.479,-2.371,5.864,2.0
48.997,-2.488,5.903,5.0
56.697,-2.865,6.509,7.0
54.819,-2.757,5.977,8.0
55.171,-2.762,5.704,2.0
92.675,-4.618,9.058,7.0
46.512,-2.315,5.864,4.0
48.915,-2.423,5.888,5.0
48.52,-2.392,5.565,19.0
0.0,0.0,0.0,0.0
57.719,-2.817,5.96,3.0
83.025,-4.034,8.104,1.0
46.56,-2.259,5.863,4.0
48.927,-2.362,5.882,5.0
50.857,-2.443,5.825,5.0
56.603,-2.706,6.156,13.0
55.006,-2.617,5.67,6.0
54.86,-2.597,5.345,3.0
48.492,-2.292,6.097,6.0
49.052,-2.306,5.888,5.0
50.81,-2.377,5.809,7.0
40.56,-1.887,4.402,7.0
55.039,-2.549,5.662,13.0
55.074,-2.538,5.353,3.0
48.64,-2.237,6.105,14.0
49.44,-2.262,5.922,7.0
48.722,-2.217,5.558,8.0
40.538,-1.835,4.389,16.0
57.285,-2.58,5.877,16.0
55.025,-2.465,5.334,5.0
48.538,-2.171,6.078,23.0
49.531,-2.203,5.919,10.0
40.541,-1.793,4.613,42.0
49.59,-2.181,5.355,10.0
56.667,-2.479,5.797,7.0
55.029,-2.396,5.317,19.0
48.363,-2.101,6.04,40.0
40.475,-1.748,4.823,13.0
40.557,-1.742,4.601,37.0
40.481,-1.729,4.357,32.0
56.646,-2.407,5.774,5.0
57.563,-2.432,5.54,7.0
40.32,-1.699,5.02,22.0
40.495,-1.696,4.81,49.0
40.469,-1.686,4.575,58.0
40.383,-1.673,4.33,72.0
56.641,-2.334,5.751,5.0
57.327,-2.349,5.494,12.0
40.351,-1.648,5.007,39.0
40.663,-1.652,4.812,11.0
40.371,-1.63,4.547,54.0
40.428,-1.623,4.317,55.0
53.28,-2.128,5.386,4.0
55.214,-2.192,5.266,5.0
40.372,-1.597,4.991,57.0
40.425,-1.59,4.765,69.0
40.286,-1.576,4.517,67.0
40.436,-1.572,4.299,46.0
40.457,-1.564,4.07,25.0
53.127,-2.042,5.041,2.0
40.467,-1.55,4.982,54.0
40.317,-1.534,4.732,60.0
40.488,-1.532,4.519,53.0
40.105,-1.508,4.242,46.0
52.911,-1.978,5.294,26.0
63.618,-2.365,6.003,28.0
40.419,-1.496,4.954,48.0
40.337,-1.484,4.711,46.0
40.412,-1.478,4.488,39.0
40.162,-1.459,4.225,46.0
52.67,-1.903,5.239,3.0
63.929,-2.295,5.994,10.0
40.39,-1.444,4.926,65.0
40.274,-1.43,4.679,57.0
40.441,-1.427,4.466,42.0
40.009,-1.403,4.184,67.0
40.925,-1.426,4.045,9.0
40.631,-1.407,3.784,18.0
40.589,-1.399,4.924,39.0
40.416,-1.384,4.67,47.0
40.041,-1.362,4.395,59.0
40.134,-1.357,4.171,59.0
40.652,-1.365,3.991,18.0
40.696,-1.358,3.762,52.0
40.591,-1.348,4.896,64.0
40.209,-1.326,4.618,61.0
40.057,-1.312,4.369,46.0
40.12,-1.306,4.141,61.0
40.492,-1.309,3.947,16.0
40.767,-1.31,3.74,50.0
40.617,-1.297,4.869,47.0
39.837,-1.264,4.545,58.0
39.381,-1.241,4.266,61.0
39.557,-1.238,4.053,49.0
40.896,-1.271,3.955,32.0
40.77,-1.259,3.709,63.0
40.104,-1.231,4.776,53.0
39.945,-1.218,4.526,57.0
39.278,-1.189,4.223,65.0
39.547,-1.189,4.02,59.0
49.151,-1.468,4.714,9.0
41.086,-1.218,3.704,27.0
39.771,-1.172,4.704,61.0
39.773,-1.164,4.474,56.0
39.386,-1.144,4.202,60.0
39.825,-1.148,4.016,43.0
40.418,-1.157,3.842,41.0
40.888,-1.163,3.652,41.0
39.482,-1.115,4.636,58.0
39.4,-1.104,4.397,56.0
39.295,-1.093,4.158,57.0
39.778,-1.098,3.976,60.0
40.955,-1.123,3.857,60.0
56.999,-1.552,5.04,8.0
39.331,-1.062,4.582,64.0
39.239,-1.051,4.344,67.0
39.594,-1.053,4.153,58.0
39.877,-1.053,3.948,62.0
40.91,-1.072,3.815,59.0
53.865,-1.401,4.713,6.0
39.508,-1.018,4.565,53.0
39.212,-1.003,4.303,53.0
39.385,-1.0,4.093,65.0
40.093,-1.01,3.931,50.0
40.914,-1.022,3.775,56.0
64.16,-1.592,5.55,12.0
39.468,-0.97,4.521,62.0
39.035,-0.952,4.244,72.0
39.513,-0.956,4.067,59.0
39.648,-0.952,3.847,65.0
49.074,-1.169,4.478,14.0
54.059,-1.278,4.622,14.0
39.334,-0.921,4.465,57.0
39.155,-0.909,4.217,51.0
39.574,-0.911,4.032,48.0
39.402,-0.9,3.782,48.0
49.08,-1.111,4.427,10.0
54.205,-1.218,4.577,61.0
39.025,-0.867,4.387,65.0
39.438,-0.869,4.204,47.0
39.411,-0.861,3.972,50.0
39.635,-0.859,3.761,50.0
40.666,-0.874,3.623,48.0
54.196,-1.155,4.516,19.0
38.977,-0.821,4.338,68.0
39.296,-0.82,4.145,55.0
39.255,-0.813,3.912,68.0
39.748,-0.815,3.727,71.0
40.604,-0.826,3.572,55.0
40.779,-0.823,3.352,36.0
39.053,-0.778,4.301,62.0
39.249,-0.775,4.094,66.0
39.42,-0.772,3.883,60.0
39.742,-0.771,3.68,66.0
40.697,-0.783,3.532,56.0
54.221,-1.033,4.393,12.0
39.169,-0.736,4.267,59.0
39.363,-0.733,4.058,71.0
40.074,-0.739,3.898,69.0
39.999,-0.731,3.654,55.0
49.108,-0.889,4.202,29.0
54.218,-0.973,4.325,14.0
39.356,-0.696,4.238,51.0
39.45,-0.691,4.018,57.0
40.609,-0.704,3.9,40.0
49.939,-0.858,4.5,7.0
49.092,-0.836,4.139,8.0
54.29,-0.915,4.263,17.0
39.485,-0.656,4.202,53.0
39.522,-0.65,3.975,69.0
48.141,-0.784,4.561,16.0
49.899,-0.804,4.432,10.0
40.799,-0.651,3.387,46.0
41.158,-0.65,3.178,48.0
39.234,-0.61,4.123,68.0
39.673,-0.61,3.937,60.0
48.043,-0.731,4.488,4.0
49.846,-0.751,4.361,8.0
40.662,-0.606,3.321,65.0
41.102,-0.606,3.119,37.0
39.587,-0.573,4.106,52.0
39.497,-0.566,3.866,67.0
47.887,-0.679,4.408,4.0
40.436,-0.567,3.482,46.0
40.992,-0.569,3.292,39.0
41.299,-0.567,3.077,9.0
39.708,-0.534,4.063,51.0
39.456,-0.525,3.807,70.0
47.872,-0.63,4.34,7.0
40.659,-0.529,3.445,54.0
41.287,-0.531,3.258,65.0
77.911,-0.992,5.696,42.0
39.802,-0.496,4.016,48.0
40.177,-0.494,3.819,15.0
47.891,-0.583,4.272,10.0
40.678,-0.489,3.388,56.0
41.384,-0.492,3.206,61.0
62.669,-0.736,4.491,85.0
39.925,-0.459,3.971,65.0
40.42,-0.458,3.783,16.0
47.875,-0.536,4.201,38.0
40.426,-0.447,3.307,66.0
54.256,-0.592,4.123,10.0
62.695,-0.677,4.4,74.0
39.734,-0.418,3.891,37.0
39.949,-0.415,3.679,62.0
47.917,-0.491,4.132,4.0
40.762,-0.413,3.273,46.0
41.591,-0.415,3.098,22.0
76.805,-0.757,5.275,36.0
39.677,-0.381,3.825,55.0
40.041,-0.379,3.625,52.0
40.09,-0.374,3.396,56.0
41.413,-0.381,3.262,45.0
75.599,-0.687,5.514,36.0
76.839,-0.688,5.158,40.0
40.279,-0.35,3.82,16.0
40.121,-0.343,3.57,40.0
47.911,-0.404,3.983,6.0
41.395,-0.344,3.195,53.0
75.617,-0.619,5.396,90.0
76.879,-0.621,5.039,22.0
40.113,-0.313,3.74,38.0
40.08,-0.308,3.502,63.0
40.771,-0.309,3.324,36.0
47.959,-0.357,3.626,4.0
62.681,-0.46,4.373,25.0
76.969,-0.556,4.922,27.0
40.078,-0.279,3.672,63.0
39.864,-0.273,3.418,63.0
40.12,-0.27,3.205,64.0
48.606,-0.322,3.595,31.0
63.344,-0.412,4.316,39.0
77.017,-0.493,4.799,32.0
39.975,-0.246,3.596,24.0
49.247,-0.297,4.141,10.0
47.889,-0.283,3.747,6.0
48.582,-0.282,3.512,75.0
63.302,-0.361,4.208,76.0
77.265,-0.433,4.686,23.0
39.893,-0.213,3.522,64.0
40.605,-0.213,3.346,67.0
47.883,-0.246,3.665,8.0
48.973,-0.246,3.458,63.0
63.324,-0.312,4.102,39.0
59.395,-0.287,3.501,78.0
40.56,-0.186,3.51,17.0
40.237,-0.18,3.246,59.0
47.781,-0.209,3.575,24.0
48.897,-0.209,3.368,51.0
63.303,-0.265,3.991,50.0
59.419,-0.243,3.4,113.0
41.166,-0.158,3.491,41.0
0.0,0.0,0.0,0.0
47.778,-0.175,3.491,77.0
78.052,-0.278,5.24,43.0
77.775,-0.27,4.767,49.0
59.433,-0.201,3.297,104.0
47.859,-0.15,3.974,5.0
47.856,-0.146,3.692,27.0
48.015,-0.142,3.423,70.0
62.833,-0.18,4.105,42.0
77.752,-0.216,4.627,17.0
59.429,-0.16,3.19,117.0
40.294,-0.099,3.272,77.0
47.776,-0.113,3.6,62.0
48.438,-0.111,3.366,51.0
62.909,-0.139,3.998,79.0
59.406,-0.127,3.429,110.0
59.432,-0.122,3.083,105.0
47.856,-0.087,3.799,4.0
47.792,-0.083,3.515,100.0
48.741,-0.081,3.298,47.0
62.951,-0.1,3.885,74.0
59.414,-0.09,3.32,113.0
59.431,-0.085,2.973,106.0
47.822,-0.057,3.708,80.0
47.846,-0.054,3.429,96.0
63.799,-0.068,4.199,22.0
63.025,-0.062,3.772,13.0
59.423,-0.054,3.21,111.0
59.429,-0.05,2.863,101.0
47.798,-0.03,3.616,84.0
47.931,-0.027,3.346,68.0
63.751,-0.032,4.077,71.0
59.385,-0.025,3.444,107.0
59.419,-0.021,3.098,108.0
59.429,-0.018,2.752,101.0
47.84,-0.004,3.529,67.0
48.088,-0.001,3.266,58.0
75.709,0.002,4.698,30.0
59.394,0.005,3.331,112.0
59.425,0.009,2.985,107.0
59.434,0.013,2.639,105.0
47.905,0.02,3.442,79.0
48.207,0.023,3.18,65.0
75.735,0.04,4.553,26.0
77.38,0.046,4.191,59.0
79.196,0.051,3.826,72.0
59.433,0.042,2.523,99.0
47.958,0.043,3.351,91.0
48.268,0.046,3.09,55.0
63.127,0.063,3.672,54.0
77.368,0.081,4.039,82.0
79.291,0.088,3.677,150.0
79.426,0.092,3.219,85.0
48.065,0.064,3.265,65.0
75.717,0.105,4.7,16.0
63.18,0.09,3.552,14.0
91.621,0.135,4.605,31.0
85.945,0.131,3.817,119.0
79.425,0.125,3.063,150.0
48.137,0.084,3.175,65.0
48.293,0.086,2.902,20.0
77.379,0.142,4.196,39.0
99.304,0.186,4.795,44.0
86.054,0.165,3.651,21.0
79.448,0.155,2.906,151.0
48.187,0.102,3.082,82.0
48.255,0.104,2.803,48.0
77.319,0.17,4.038,28.0
79.292,0.177,3.668,150.0
79.412,0.18,3.209,150.0
79.439,0.183,2.745,151.0
48.22,0.119,2.986,65.0
48.232,0.12,2.704,53.0
62.577,0.158,3.142,24.0
0.0,0.0,0.0,0.0
79.429,0.205,3.05,151.0
79.43,0.208,2.587,150.0
48.213,0.133,2.889,81.0
48.227,0.134,2.606,50.0
62.599,0.176,3.016,13.0
86.033,0.244,3.633,8.0
79.45,0.228,2.89,151.0
79.438,0.23,2.424,150.0
48.203,0.146,2.789,94.0
48.21,0.147,2.507,58.0
59.282,0.182,2.734,7.0
79.415,0.245,3.19,150.0
79.437,0.247,2.726,151.0
79.437,0.248,2.261,150.0
48.207,0.157,2.69,86.0
48.21,0.158,2.407,64.0
59.279,0.195,2.612,24.0
79.445,0.262,3.029,150.0
79.429,0.263,2.564,150.0
79.439,0.264,2.1,150.0
48.178,0.166,2.59,84.0
48.21,0.166,2.309,61.0
59.287,0.205,2.492,26.0
79.424,0.276,2.865,119.0
79.415,0.277,2.4,150.0
79.433,0.277,1.935,150.0
48.177,0.173,2.489,85.0
48.216,0.174,2.209,61.0
59.281,0.214,2.368,21.0
79.409,0.287,2.7,42.0
79.435,0.287,2.236,69.0
79.428,0.287,1.771,137.0
48.199,0.179,2.39,84.0
48.225,0.179,2.109,57.0
59.297,0.22,2.246,20.0
79.389,0.295,2.534,17.0
79.438,0.295,2.071,41.0
79.422,0.294,1.607,139.0
48.196,0.183,2.29,69.0
48.217,0.183,2.008,48.0
59.285,0.224,2.121,48.0
59.296,0.224,1.768,95.0
79.426,0.3,1.904,34.0
79.424,0.299,1.439,150.0
48.207,0.185,2.188,63.0
48.242,0.184,1.907,41.0
59.273,0.226,1.996,96.0
59.294,0.226,1.644,92.0
79.444,0.301,1.737,48.0
79.443,0.3,1.272,150.0
48.22,0.185,2.088,61.0
59.287,0.227,2.219,7.0
59.284,0.226,1.871,97.0
79.416,0.301,2.033,25.0
79.427,0.3,1.569,116.0
79.434,0.298,1.104,150.0
48.241,0.184,1.985,46.0
59.29,0.225,2.093,75.0
79.413,0.299,2.338,12.0
79.429,0.297,1.865,54.0
79.455,0.296,1.401,150.0
79.427,0.294,0.936,135.0
59.299,0.222,2.315,17.0
79.406,0.295,2.635,13.0
79.428,0.293,2.171,50.0
79.416,0.291,1.697,150.0
79.467,0.288,1.233,151.0
77.176,0.278,0.746,43.0
79.413,0.289,2.932,30.0
79.438,0.286,2.468,85.0
79.427,0.283,2.001,150.0
79.437,0.281,1.53,150.0
79.464,0.278,1.064,151.0
76.799,0.266,0.579,56.0
79.411,0.277,2.762,150.0
79.432,0.274,2.297,150.0
79.449,0.271,1.833,150.0
79.45,0.268,1.359,162.0
79.445,0.264,0.894,150.0
59.262,0.195,0.32,12.0
79.446,0.262,2.594,150.0
79.441,0.259,2.128,150.0
79.432,0.255,1.662,151.0
79.458,0.252,1.189,151.0
79.441,0.248,0.723,128.0
54.89,0.169,0.178,28.0
79.448,0.244,2.423,150.0
79.442,0.24,1.957,150.0
79.456,0.236,1.492,153.0
79.457,0.233,1.02,151.0
76.429,0.22,0.534,37.0
47.819,0.135,0.055,21.0
79.45,0.224,2.256,150.0
79.441,0.219,1.79,150.0
79.45,0.215,1.324,168.0
79.447,0.211,0.851,150.0
59.15,0.153,0.288,13.0
0.0,0.0,0.0,0.0
79.447,0.2,2.085,150.0
79.462,0.195,1.621,151.0
79.455,0.19,1.155,155.0
79.463,0.186,0.683,41.0
54.448,0.124,0.149,28.0
39.98,0.088,-0.123,23.0
79.436,0.173,1.919,150.0
79.455,0.168,1.453,164.0
79.467,0.163,0.988,151.0
75.987,0.151,0.493,18.0
47.204,0.091,0.03,21.0
38.796,0.072,-0.201,15.0
79.446,0.143,1.75,151.0
79.457,0.138,1.285,161.0
79.453,0.133,0.821,150.0
58.772,0.094,0.257,11.0
0.0,0.0,0.0,0.0
38.155,0.055,-0.278,3.0
79.457,0.111,1.584,151.0
79.464,0.105,1.12,154.0
79.443,0.099,0.654,14.0
0.0,0.0,0.0,0.0
39.683,0.043,-0.141,33.0
33.426,0.034,-0.314,1.0
79.447,0.076,1.416,163.0
79.466,0.069,0.952,152.0
75.984,0.06,0.467,15.0
0.0,0.0,0.0,0.0
38.738,0.024,-0.219,14.0
31.274,0.017,-0.359,1.0
79.461,0.038,1.252,152.0
79.458,0.031,0.788,150.0
59.304,0.018,0.241,8.0
43.82,0.009,-0.082,6.0
38.149,0.005,-0.293,2.0
29.762,0.001,-0.403,2.0
79.461,-0.002,1.088,151.0
79.278,-0.009,0.623,14.0
54.541,-0.011,0.11,4.0
39.602,-0.011,-0.155,32.0
33.327,-0.013,-0.325,1.0
28.625,-0.013,-0.446,2.0
79.461,-0.046,0.925,160.0
76.012,-0.051,0.441,11.0
45.967,-0.035,-0.002,20.0
38.726,-0.033,-0.232,10.0
30.845,-0.029,-0.365,1.0
27.232,-0.029,-0.481,1.0
79.439,-0.093,0.76,150.0
56.068,-0.071,0.209,22.0
0.0,0.0,0.0,0.0
37.445,-0.055,-0.3,1.0
29.647,-0.046,-0.411,2.0
26.197,-0.043,-0.516,2.0
76.536,-0.137,0.578,16.0
51.135,-0.096,0.087,5.0
39.765,-0.079,-0.164,15.0
32.52,-0.068,-0.327,2.0
28.474,-0.063,-0.453,2.0
24.876,-0.057,-0.541,1.0
61.783,-0.151,0.341,9.0
45.857,-0.117,-0.014,20.0
38.879,-0.104,-0.24,5.0
30.625,-0.085,-0.371,1.0
27.047,-0.078,-0.485,1.0
23.878,-0.072,-0.568,2.0
56.012,-0.176,0.194,23.0
41.539,-0.135,-0.097,18.0
36.967,-0.125,-0.303,0.0
29.447,-0.103,-0.416,2.0
26.032,-0.094,-0.52,1.0
22.982,-0.085,-0.593,2.0
51.171,-0.198,0.075,5.0
39.363,-0.157,-0.172,5.0
32.571,-0.134,-0.332,1.0
28.076,-0.119,-0.453,1.0
24.74,-0.108,-0.544,1.0
22.052,-0.099,-0.613,3.0
0.0,0.0,0.0,0.0
39.379,-0.188,-0.25,2.0
30.5,-0.149,-0.372,1.0
26.892,-0.135,-0.488,2.0
23.787,-0.122,-0.57,2.0
21.099,-0.111,-0.629,2.0
41.786,-0.227,-0.105,5.0
34.542,-0.192,-0.288,0.0
29.392,-0.168,-0.416,2.0
25.903,-0.151,-0.521,1.0
22.899,-0.136,-0.594,2.0
20.312,-0.124,-0.645,3.0
41.457,-0.26,-0.185,4.0
32.429,-0.208,-0.334,1.0
28.131,-0.184,-0.453,1.0
24.67,-0.165,-0.544,2.0
21.99,-0.15,-0.613,3.0
19.644,-0.137,-0.663,2.0
40.026,-0.286,-0.257,6.0
30.48,-0.222,-0.373,1.0
26.902,-0.199,-0.486,2.0
23.738,-0.179,-0.569,2.0
21.129,-0.162,-0.63,2.0
18.933,-0.148,-0.675,1.0
34.214,-0.275,-0.285,0.0
29.268,-0.239,-0.414,2.0
25.932,-0.216,-0.518,2.0
22.825,-0.193,-0.591,1.0
20.247,-0.174,-0.643,2.0
18.322,-0.161,-0.688,1.0
32.198,-0.289,-0.33,1.0
28.11,-0.256,-0.451,2.0
24.787,-0.23,-0.542,1.0
21.937,-0.206,-0.61,1.0
19.65,-0.188,-0.661,1.0
17.791,-0.173,-0.702,1.0
30.484,-0.302,-0.369,2.0
26.853,-0.27,-0.481,1.0
23.747,-0.243,-0.564,1.0
21.096,-0.219,-0.626,1.0
18.925,-0.199,-0.672,1.0
17.249,-0.185,-0.713,1.0
29.374,-0.32,-0.41,5.0
25.823,-0.286,-0.511,1.0
22.9,-0.257,-0.586,1.0
20.294,-0.231,-0.64,1.0
18.363,-0.212,-0.686,1.0
16.75,-0.196,-0.724,1.0
28.257,-0.337,-0.446,2.0
24.911,-0.301,-0.538,1.0
22.034,-0.27,-0.604,1.0
19.68,-0.244,-0.656,1.0
17.857,-0.225,-0.7,1.0
16.218,-0.207,-0.73,1.0
26.998,-0.35,-0.475,2.0
23.861,-0.314,-0.559,1.0
21.225,-0.283,-0.621,1.0
19.052,-0.257,-0.67,1.0
17.366,-0.237,-0.712,1.0
15.828,-0.219,-0.741,1.0
26.082,-0.367,-0.506,1.0
23.078,-0.329,-0.582,1.0
20.474,-0.295,-0.635,1.0
18.482,-0.27,-0.683,1.0
16.847,-0.249,-0.721,1.0
15.422,-0.231,-0.75,1.0
25.064,-0.38,-0.53,2.0
22.25,-0.342,-0.6,1.0
19.822,-0.308,-0.65,1.0
17.973,-0.282,-0.696,1.0
16.36,-0.26,-0.728,0.0
15.058,-0.242,-0.758,1.0
24.052,-0.392,-0.551,1.0
21.458,-0.354,-0.616,2.0
19.226,-0.321,-0.664,1.0
17.476,-0.295,-0.707,1.0
15.937,-0.272,-0.737,1.0
14.721,-0.254,-0.766,1.0
23.298,-0.407,-0.573,2.0
20.676,-0.365,-0.628,1.0
18.668,-0.333,-0.676,1.0
16.978,-0.306,-0.715,1.0
15.53,-0.283,-0.745,1.0
14.355,-0.264,-0.772,1.0
22.51,-0.42,-0.591,2.0
20.092,-0.379,-0.644,1.0
18.176,-0.346,-0.688,1.0
16.575,-0.319,-0.726,2.0
15.188,-0.295,-0.753,1.0
14.035,-0.275,-0.778,1.0
21.786,-0.433,-0.608,2.0
19.505,-0.391,-0.658,1.0
17.718,-0.359,-0.7,1.0
16.163,-0.331,-0.734,1.0
14.846,-0.307,-0.761,1.0
13.77,-0.287,-0.786,1.0
21.074,-0.445,-0.622,1.0
18.926,-0.403,-0.669,1.0
17.278,-0.371,-0.711,1.0
15.754,-0.342,-0.741,1.0
14.55,-0.319,-0.769,1.0
13.498,-0.299,-0.792,1.0
20.417,-0.456,-0.635,1.0
18.454,-0.416,-0.681,1.0
16.824,-0.383,-0.718,1.0
15.388,-0.354,-0.748,1.0
14.237,-0.33,-0.775,1.0
13.283,-0.311,-0.8,1.0
19.864,-0.469,-0.649,1.0
17.995,-0.429,-0.692,1.0
16.393,-0.394,-0.725,0.0
15.086,-0.366,-0.756,1.0
13.922,-0.341,-0.779,1.0
13.018,-0.322,-0.804,0.0
19.338,-0.482,-0.661,1.0
17.596,-0.443,-0.703,1.0
16.012,-0.406,-0.733,1.0
14.768,-0.378,-0.763,1.0
13.696,-0.353,-0.787,1.0
12.814,-0.333,-0.811,0.0
18.766,-0.493,-0.669,1.0
17.167,-0.454,-0.711,1.0
15.664,-0.418,-0.74,1.0
14.45,-0.389,-0.768,1.0
13.465,-0.365,-0.793,1.0
12.587,-0.345,-0.815,0.0
18.344,-0.506,-0.681,1.0
16.747,-0.466,-0.718,1.0
15.363,-0.431,-0.748,1.0
14.162,-0.401,-0.773,1.0
13.243,-0.378,-0.799,1.0
12.37,-0.356,-0.819,0.0
17.96,-0.521,-0.692,1.0
16.351,-0.478,-0.725,1.0
15.074,-0.444,-0.755,1.0
13.924,-0.413,-0.779,1.0
13.022,-0.389,-0.804,1.0
12.192,-0.367,-0.824,0.0
17.568,-0.534,-0.701,1.0
16.029,-0.49,-0.732,1.0
14.782,-0.456,-0.761,1.0
13.691,-0.425,-0.785,1.0
12.811,-0.401,-0.809,1.0
11.988,-0.378,-0.826,0.0
17.201,-0.546,-0.71,1.0
15.716,-0.503,-0.739,1.0
14.526,-0.468,-0.767,1.0
13.47,-0.437,-0.791,1.0
12.616,-0.413,-0.813,1.0
11.808,-0.389,-0.83,0.0
16.833,-0.559,-0.717,1.0
15.421,-0.515,-0.746,1.0
14.244,-0.48,-0.771,1.0
13.256,-0.45,-0.795,1.0
12.408,-0.424,-0.816,0.0
11.673,-0.401,-0.835,0.0
16.472,-0.57,-0.722,1.0
15.177,-0.529,-0.753,1.0
14.009,-0.492,-0.776,1.0
13.096,-0.463,-0.802,1.0
12.256,-0.436,-0.821,0.0
11.518,-0.413,-0.839,0.0
16.144,-0.582,-0.728,1.0
14.909,-0.541,-0.758,1.0
13.8,-0.504,-0.781,1.0
12.901,-0.475,-0.806,0.0
12.092,-0.448,-0.825,0.0
11.366,-0.424,-0.841,0.0
15.861,-0.595,-0.734,1.0
14.641,-0.553,-0.762,1.0
13.612,-0.518,-0.787,1.0
12.7,-0.486,-0.809,1.0
11.931,-0.46,-0.828,0.0
11.229,-0.436,-0.845,0.0
15.605,-0.609,-0.741,1.0
14.415,-0.566,-0.767,1.0
13.43,-0.531,-0.792,1.0
12.54,-0.499,-0.813,1.0
11.781,-0.472,-0.832,0.0
11.108,-0.448,-0.848,0.0
15.355,-0.622,-0.746,1.0
14.208,-0.579,-0.772,1.0
13.249,-0.543,-0.796,1.0
12.388,-0.511,-0.817,0.0
11.646,-0.484,-0.835,0.0
10.988,-0.459,-0.851,0.0
15.143,-0.636,-0.752,1.0
14.001,-0.592,-0.776,1.0
13.096,-0.557,-0.801,1.0
12.244,-0.524,-0.82,0.0
11.523,-0.496,-0.838,0.0
10.872,-0.471,-0.854,0.0
14.91,-0.649,-0.756,1.0
13.815,-0.605,-0.78,1.0
12.924,-0.569,-0.804,0.0
12.098,-0.536,-0.823,1.0
11.416,-0.509,-0.842,0.0
10.758,-0.482,-0.856,0.0
14.705,-0.662,-0.76,1.0
13.645,-0.618,-0.784,1.0
12.767,-0.581,-0.806,1.0
11.99,-0.549,-0.827,0.0
11.279,-0.52,-0.843,0.0
10.661,-0.494,-0.858,0.0
14.523,-0.676,-0.765,1.0
13.513,-0.632,-0.789,1.0
12.641,-0.595,-0.81,1.0
11.856,-0.561,-0.829,1.0
11.167,-0.532,-0.845,0.0
10.572,-0.507,-0.861,0.0
14.343,-0.69,-0.769,1.0
13.367,-0.646,-0.793,1.0
12.503,-0.608,-0.813,1.0
11.733,-0.574,-0.831,0.0
11.083,-0.545,-0.849,0.0
10.473,-0.518,-0.863,0.0
14.165,-0.703,-0.772,1.0
13.226,-0.66,-0.796,0.0
12.389,-0.622,-0.817,0.0
11.646,-0.588,-0.835,0.0
10.985,-0.557,-0.851,0.0
10.39,-0.53,-0.865,0.0
13.997,-0.716,-0.774,1.0
13.084,-0.673,-0.799,1.0
12.275,-0.635,-0.819,1.0
11.52,-0.599,-0.836,0.0
10.883,-0.569,-0.852,0.0
10.303,-0.542,-0.866,0.0
13.85,-0.73,-0.777,1.0
12.963,-0.687,-0.801,1.0
12.169,-0.649,-0.822,0.0
11.448,-0.613,-0.84,0.0
10.807,-0.582,-0.855,0.0
10.215,-0.553,-0.866,0.0
13.742,-0.746,-0.782,1.0
12.862,-0.702,-0.805,1.0
12.058,-0.662,-0.823,1.0
11.342,-0.626,-0.841,0.0
10.726,-0.595,-0.856,0.0
10.132,-0.565,-0.867,0.0
13.628,-0.761,-0.785,1.0
12.752,-0.716,-0.807,1.0
11.955,-0.675,-0.825,1.0
11.249,-0.638,-0.841,0.0
10.651,-0.607,-0.858,0.0
10.036,-0.575,-0.865,0.0
13.519,-0.776,-0.788,1.0
12.636,-0.729,-0.808,1.0
11.879,-0.689,-0.827,0.0
11.181,-0.652,-0.844,0.0
10.578,-0.62,-0.859,0.0
9.977,-0.587,-0.867,1.0
13.428,-0.792,-0.791,1.0
12.565,-0.744,-0.812,1.0
11.794,-0.702,-0.829,0.0
11.112,-0.665,-0.845,0.0
10.53,-0.633,-0.861,0.0
9.923,-0.6,-0.868,2.0
13.341,-0.807,-0.794,1.0
12.492,-0.76,-0.814,1.0
11.725,-0.716,-0.831,0.0
11.05,-0.678,-0.847,0.0
10.469,-0.646,-0.862,0.0
9.874,-0.612,-0.869,2.0
13.256,-0.823,-0.796,0.0
12.386,-0.773,-0.814,0.0
11.657,-0.73,-0.832,0.0
11.007,-0.693,-0.849,0.0
10.428,-0.66,-0.864,0.0
9.833,-0.625,-0.871,2.0
13.174,-0.838,-0.798,0.0
12.321,-0.788,-0.816,1.0
11.589,-0.744,-0.833,0.0
10.955,-0.707,-0.851,0.0
10.381,-0.673,-0.865,0.0
9.792,-0.638,-0.872,2.0
13.094,-0.854,-0.799,0.0
12.271,-0.804,-0.818,0.0
11.541,-0.759,-0.835,0.0
10.906,-0.721,-0.852,0.0
10.333,-0.686,-0.866,0.0
9.777,-0.652,-0.875,2.0
13.034,-0.87,-0.801,0.0
12.17,-0.816,-0.816,1.0
11.497,-0.774,-0.836,0.0
10.869,-0.735,-0.853,0.0
10.276,-0.698,-0.865,0.0
9.763,-0.666,-0.877,2.0
12.973,-0.886,-0.802,1.0
12.126,-0.832,-0.818,1.0
11.449,-0.789,-0.837,0.0
10.813,-0.748,-0.853,0.0
10.228,-0.711,-0.865,0.0
9.76,-0.681,-0.88,2.0
12.936,-0.903,-0.804,1.0
12.1,-0.848,-0.82,1.0
11.414,-0.804,-0.838,0.0
10.767,-0.761,-0.852,0.0
10.2,-0.724,-0.865,0.0
9.723,-0.693,-0.88,1.0
12.871,-0.918,-0.803,1.0
12.062,-0.864,-0.821,1.0
11.378,-0.818,-0.839,0.0
10.746,-0.776,-0.854,0.0
10.174,-0.738,-0.866,0.0
9.705,-0.707,-0.881,0.0
12.825,-0.934,-0.804,1.0
12.028,-0.88,-0.821,1.0
11.355,-0.834,-0.839,0.0
10.727,-0.791,-0.855,0.0
10.131,-0.75,-0.864,0.0
9.678,-0.719,-0.88,0.0
12.811,-0.953,-0.805,1.0
12.016,-0.897,-0.823,1.0
11.341,-0.85,-0.841,0.0
10.709,-0.806,-0.855,0.0
10.141,-0.766,-0.867,0.0
9.655,-0.732,-0.88,0.0
12.769,-0.969,-0.805,1.0
11.992,-0.913,-0.823,0.0
11.315,-0.865,-0.84,0.0
10.688,-0.82,-0.855,0.0
10.105,-0.778,-0.865,0.0
9.648,-0.746,-0.881,0.0
12.74,-0.985,-0.805,2.0
11.992,-0.931,-0.825,0.0
11.309,-0.881,-0.841,0.0
10.685,-0.835,-0.856,0.0
10.09,-0.792,-0.865,0.0
9.634,-0.759,-0.88,0.0
12.677,-0.999,-0.802,1.0
11.981,-0.947,-0.825,0.0
11.312,-0.898,-0.842,0.0
10.702,-0.852,-0.858,0.0
10.097,-0.807,-0.866,0.0
9.627,-0.772,-0.88,0.0
12.704,-1.019,-0.804,0.0
11.993,-0.965,-0.826,1.0
11.288,-0.912,-0.84,0.0
10.669,-0.865,-0.855,0.0
10.082,-0.821,-0.865,0.0
9.629,-0.787,-0.88,0.0
12.706,-1.038,-0.804,0.0
11.966,-0.98,-0.824,2.0
11.29,-0.928,-0.84,0.0
10.682,-0.881,-0.856,0.0
10.092,-0.836,-0.865,0.0
9.64,-0.801,-0.881,0.0
12.715,-1.056,-0.804,0.0
11.963,-0.997,-0.823,1.0
11.311,-0.946,-0.841,2.0
10.687,-0.897,-0.856,0.0
10.101,-0.851,-0.865,0.0
9.649,-0.815,-0.881,0.0
12.735,-1.076,-0.804,0.0
11.974,-1.015,-0.822,1.0
11.297,-0.961,-0.839,2.0
10.721,-0.915,-0.857,0.0
10.106,-0.865,-0.865,0.0
9.669,-0.831,-0.881,0.0
12.767,-1.096,-0.804,0.0
11.974,-1.031,-0.821,0.0
11.28,-0.975,-0.836,0.0
10.716,-0.929,-0.855,1.0
10.138,-0.882,-0.866,0.0
9.704,-0.847,-0.883,0.0
12.786,-1.115,-0.803,0.0
11.997,-1.05,-0.82,0.0
11.319,-0.993,-0.837,0.0
10.718,-0.944,-0.853,1.0
10.182,-0.899,-0.867,0.0
9.715,-0.861,-0.882,1.0
12.798,-1.133,-0.801,1.0
12.049,-1.07,-0.821,0.0
11.338,-1.01,-0.836,0.0
10.717,-0.958,-0.851,0.0
10.194,-0.914,-0.866,0.0
9.731,-0.875,-0.881,1.0
12.779,-1.149,-0.797,0.0
12.104,-1.091,-0.822,0.0
11.385,-1.029,-0.836,0.0
10.764,-0.976,-0.852,0.0
10.24,-0.931,-0.867,0.0
9.745,-0.889,-0.88,2.0
12.908,-1.177,-0.801,0.0
12.138,-1.11,-0.821,0.0
11.422,-1.047,-0.836,0.0
10.808,-0.994,-0.852,0.0
10.23,-0.944,-0.863,0.0
9.768,-0.904,-0.878,2.0
13.007,-1.202,-0.803,0.0
12.154,-1.127,-0.818,0.0
11.468,-1.066,-0.835,0.0
10.847,-1.011,-0.851,0.0
10.275,-0.961,-0.863,0.0
9.777,-0.917,-0.876,3.0
13.036,-1.221,-0.8,0.0
12.17,-1.143,-0.814,0.0
11.532,-1.086,-0.835,0.0
10.889,-1.028,-0.85,0.0
10.319,-0.977,-0.863,0.0
9.8,-0.931,-0.874,3.0
13.141,-1.247,-0.801,0.0
12.312,-1.171,-0.819,0.0
11.559,-1.103,-0.832,0.0
10.942,-1.047,-0.85,0.0
10.339,-0.992,-0.86,0.0
9.83,-0.945,-0.872,3.0
13.178,-1.266,-0.798,0.0
12.352,-1.19,-0.816,0.0
11.594,-1.12,-0.83,0.0
10.996,-1.065,-0.849,0.0
10.4,-1.01,-0.86,0.0
9.865,-0.96,-0.871,3.0
13.249,-1.288,-0.796,0.0
12.419,-1.211,-0.814,0.0
11.734,-1.147,-0.834,0.0
11.048,-1.082,-0.847,1.0
10.466,-1.028,-0.861,0.0
9.907,-0.976,-0.869,3.0
13.344,-1.313,-0.795,0.0
12.517,-1.234,-0.814,0.0
11.805,-1.167,-0.833,0.0
11.094,-1.099,-0.845,0.0
10.517,-1.045,-0.859,0.0
9.951,-0.991,-0.868,2.0
13.441,-1.337,-0.793,0.0
12.618,-1.258,-0.814,0.0
11.883,-1.188,-0.832,0.0
11.151,-1.117,-0.843,0.0
10.595,-1.064,-0.859,0.0
10.0,-1.007,-0.866,1.0
13.515,-1.359,-0.79,0.0
12.692,-1.279,-0.811,0.0
11.945,-1.206,-0.829,0.0
11.262,-1.14,-0.845,0.0
10.658,-1.081,-0.858,0.0
10.081,-1.025,-0.867,0.0
13.616,-1.383,-0.788,0.0
12.765,-1.299,-0.808,0.0
12.032,-1.228,-0.828,0.0
11.335,-1.159,-0.843,0.0
10.672,-1.094,-0.852,0.0
10.132,-1.041,-0.865,0.0
13.732,-1.409,-0.785,0.0
12.87,-1.323,-0.806,0.0
12.102,-1.247,-0.824,0.0
11.422,-1.179,-0.842,0.0
10.772,-1.115,-0.853,0.0
10.194,-1.057,-0.863,0.0
13.839,-1.433,-0.782,0.0
12.983,-1.347,-0.804,0.0
12.187,-1.267,-0.822,0.0
11.495,-1.198,-0.839,0.0
10.882,-1.136,-0.854,0.0
10.295,-1.077,-0.864,0.0
13.972,-1.46,-0.78,1.0
13.08,-1.37,-0.801,0.0
12.258,-1.286,-0.818,0.0
11.584,-1.218,-0.837,0.0
11.024,-1.161,-0.857,0.0
10.329,-1.09,-0.86,0.0
14.121,-1.488,-0.778,0.0
13.206,-1.395,-0.799,0.0
12.379,-1.31,-0.816,0.0
11.687,-1.239,-0.836,0.0
11.07,-1.176,-0.852,0.0
10.534,-1.121,-0.869,0.0
14.267,-1.516,-0.774,0.0
13.334,-1.42,-0.796,0.0
12.524,-1.336,-0.816,0.0
11.789,-1.26,-0.834,0.0
11.143,-1.193,-0.849,0.0
10.551,-1.132,-0.861,0.0
14.416,-1.544,-0.771,0.0
13.482,-1.447,-0.794,0.0
12.635,-1.358,-0.813,0.0
11.899,-1.281,-0.832,0.0
11.237,-1.212,-0.847,0.0
10.671,-1.153,-0.862,0.0
14.587,-1.574,-0.768,0.0
13.61,-1.471,-0.79,0.0
12.739,-1.379,-0.809,0.0
11.998,-1.301,-0.828,0.0
11.349,-1.233,-0.846,0.0
10.753,-1.17,-0.86,0.0
14.749,-1.603,-0.764,1.0
13.757,-1.498,-0.787,1.0
12.878,-1.404,-0.807,0.0
12.116,-1.323,-0.826,0.0
11.442,-1.252,-0.842,0.0
10.841,-1.188,-0.857,0.0
14.925,-1.633,-0.76,0.0
13.887,-1.522,-0.782,0.0
13.015,-1.428,-0.804,0.0
12.225,-1.344,-0.823,0.0
11.555,-1.272,-0.84,0.0
10.93,-1.205,-0.854,0.0
15.132,-1.666,-0.757,1.0
14.066,-1.551,-0.78,0.0
13.169,-1.454,-0.801,0.0
12.354,-1.366,-0.82,0.0
11.682,-1.294,-0.839,0.0
11.061,-1.227,-0.854,0.0
15.355,-1.701,-0.754,0.0
14.239,-1.579,-0.776,0.0
13.335,-1.481,-0.799,0.0
12.494,-1.389,-0.817,0.0
11.79,-1.313,-0.835,0.0
11.159,-1.244,-0.851,0.0
15.603,-1.738,-0.751,1.0
14.446,-1.611,-0.773,0.0
13.48,-1.505,-0.794,0.0
12.631,-1.412,-0.814,0.0
11.926,-1.335,-0.833,0.0
11.24,-1.26,-0.846,0.0
15.854,-1.775,-0.747,1.0
14.616,-1.638,-0.768,0.0
13.647,-1.531,-0.79,0.0
12.789,-1.437,-0.811,0.0
12.044,-1.355,-0.829,0.0
11.399,-1.284,-0.846,0.0
16.133,-1.814,-0.744,1.0
14.856,-1.673,-0.765,0.0
13.823,-1.558,-0.786,0.0
12.959,-1.462,-0.808,1.0
12.192,-1.377,-0.826,0.0
11.501,-1.301,-0.842,0.0
16.268,-1.838,-0.733,4.0
15.097,-1.707,-0.762,0.0
14.001,-1.585,-0.782,0.0
13.091,-1.483,-0.803,1.0
12.34,-1.4,-0.823,0.0
11.653,-1.323,-0.841,0.0
16.29,-1.847,-0.717,1.0
15.311,-1.738,-0.757,1.0
14.203,-1.613,-0.778,0.0
13.277,-1.51,-0.8,0.0
12.458,-1.418,-0.818,0.0
11.779,-1.342,-0.837,0.0
16.346,-1.86,-0.703,1.0
15.573,-1.774,-0.753,1.0
14.437,-1.646,-0.776,0.0
13.458,-1.535,-0.797,0.0
12.629,-1.442,-0.816,0.0
11.912,-1.361,-0.834,0.0
16.548,-1.889,-0.693,1.0
15.847,-1.81,-0.749,1.0
14.621,-1.671,-0.77,1.0
13.626,-1.559,-0.792,0.0
12.819,-1.468,-0.814,0.0
12.058,-1.382,-0.831,0.0
17.449,-1.997,-0.712,1.0
16.155,-1.85,-0.746,1.0
14.848,-1.702,-0.765,0.0
13.824,-1.586,-0.788,0.0
12.976,-1.49,-0.809,1.0
12.222,-1.404,-0.828,0.0
17.791,-2.041,-0.706,1.0
16.259,-1.867,-0.732,2.0
15.121,-1.737,-0.762,1.0
14.04,-1.614,-0.784,1.0
13.104,-1.507,-0.803,1.0
12.356,-1.422,-0.823,0.0
18.12,-2.083,-0.699,1.0
16.315,-1.877,-0.716,2.0
15.369,-1.769,-0.757,1.0
14.271,-1.643,-0.781,0.0
13.343,-1.537,-0.802,0.0
12.516,-1.443,-0.819,0.0
18.499,-2.13,-0.692,0.0
16.386,-1.888,-0.7,2.0
15.656,-1.804,-0.753,1.0
14.48,-1.67,-0.776,0.0
13.535,-1.561,-0.798,0.0
12.694,-1.465,-0.816,0.0
19.114,-2.204,-0.693,2.0
16.731,-1.93,-0.696,1.0
15.983,-1.844,-0.75,1.0
14.706,-1.697,-0.771,1.0
13.725,-1.585,-0.793,0.0
12.909,-1.491,-0.815,1.0
19.481,-2.248,-0.683,6.0
17.606,-2.032,-0.712,1.0
16.221,-1.873,-0.742,2.0
14.981,-1.73,-0.767,1.0
13.925,-1.609,-0.788,1.0
13.008,-1.503,-0.806,1.0
19.778,-2.283,-0.67,12.0
17.959,-2.073,-0.705,0.0
16.277,-1.88,-0.726,2.0
15.238,-1.76,-0.762,1.0
14.157,-1.636,-0.784,0.0
13.216,-1.527,-0.802,0.0
20.149,-2.326,-0.659,19.0
18.323,-2.115,-0.697,0.0
16.35,-1.888,-0.709,2.0
15.507,-1.791,-0.757,1.0
14.402,-1.663,-0.78,0.0
13.453,-1.554,-0.801,0.0
20.564,-2.373,-0.647,14.0
18.792,-2.169,-0.692,1.0
16.477,-1.902,-0.695,2.0
15.836,-1.828,-0.754,1.0
14.639,-1.69,-0.775,1.0
13.643,-1.575,-0.795,0.0
21.119,-2.436,-0.639,14.0
19.368,-2.233,-0.69,3.0
17.401,-2.006,-0.712,1.0
16.158,-1.863,-0.749,1.0
14.879,-1.716,-0.769,1.0
13.864,-1.598,-0.791,0.0
21.62,-2.49,-0.628,19.0
19.655,-2.264,-0.676,9.0
17.877,-2.059,-0.71,1.0
16.251,-1.871,-0.734,2.0
15.157,-1.745,-0.765,1.0
14.079,-1.621,-0.786,1.0
22.144,-2.547,-0.616,26.0
20.062,-2.307,-0.665,14.0
18.187,-2.091,-0.7,0.0
16.316,-1.875,-0.717,2.0
15.442,-1.774,-0.761,1.0
14.321,-1.645,-0.782,0.0
22.646,-2.6,-0.602,27.0
20.434,-2.345,-0.652,15.0
18.644,-2.139,-0.694,0.0
16.443,-1.886,-0.702,1.0
15.739,-1.804,-0.756,1.0
14.569,-1.67,-0.777,0.0
23.086,-2.644,-0.586,17.0
20.974,-2.401,-0.644,13.0
19.274,-2.205,-0.694,3.0
17.302,-1.979,-0.717,0.0
16.075,-1.838,-0.752,1.0
14.815,-1.693,-0.772,1.0
23.679,-2.704,-0.571,4.0
21.51,-2.455,-0.633,14.0
19.607,-2.237,-0.681,6.0
17.738,-2.023,-0.713,0.0
16.255,-1.853,-0.74,4.0
15.106,-1.721,-0.768,0.0
24.864,-2.831,-0.569,1.0
22.044,-2.508,-0.622,21.0
20.02,-2.276,-0.671,9.0
18.104,-2.057,-0.705,1.0
16.299,-1.851,-0.721,1.0
15.383,-1.746,-0.763,0.0
25.553,-2.899,-0.553,1.0
22.54,-2.555,-0.607,25.0
20.429,-2.314,-0.659,12.0
18.489,-2.093,-0.697,0.0
16.372,-1.852,-0.704,1.0
15.693,-1.774,-0.759,1.0
26.248,-2.966,-0.536,1.0
23.114,-2.61,-0.595,22.0
20.86,-2.353,-0.647,11.0
19.002,-2.142,-0.693,1.0
16.926,-1.907,-0.708,0.0
16.009,-1.802,-0.754,1.0
27.036,-3.041,-0.518,1.0
23.612,-2.654,-0.578,17.0
21.437,-2.407,-0.639,12.0
19.58,-2.197,-0.69,3.0
17.68,-1.982,-0.717,0.0
16.243,-1.82,-0.745,2.0
27.942,-3.128,-0.501,1.0
24.105,-2.696,-0.56,5.0
21.938,-2.451,-0.627,18.0
19.835,-2.214,-0.674,7.0
18.016,-2.009,-0.708,0.0
16.296,-1.816,-0.727,2.0
28.86,-3.214,-0.482,1.0
25.414,-2.827,-0.559,1.0
22.45,-2.495,-0.614,18.0
20.268,-2.25,-0.664,10.0
18.418,-2.043,-0.701,1.0
16.358,-1.812,-0.71,1.0
29.73,-3.292,-0.46,1.0
26.028,-2.879,-0.541,1.0
23.06,-2.548,-0.602,22.0
20.691,-2.283,-0.652,6.0
18.804,-2.073,-0.693,1.0
16.747,-1.844,-0.706,0.0
30.887,-3.399,-0.44,1.0
26.774,-2.943,-0.524,1.0
23.593,-2.59,-0.587,25.0
21.333,-2.339,-0.647,5.0
19.378,-2.122,-0.69,1.0
17.598,-1.925,-0.721,0.0
32.347,-3.536,-0.421,1.0
27.742,-3.029,-0.509,1.0
24.062,-2.623,-0.569,7.0
21.791,-2.373,-0.634,6.0
19.939,-2.168,-0.686,3.0
17.929,-1.947,-0.712,0.0
33.545,-3.642,-0.397,1.0
28.507,-3.09,-0.489,1.0
25.01,-2.707,-0.562,1.0
22.35,-2.416,-0.623,12.0
20.202,-2.181,-0.671,14.0
18.265,-1.969,-0.704,1.0
35.443,-3.819,-0.377,1.0
29.502,-3.174,-0.471,1.0
25.842,-2.776,-0.55,1.0
22.863,-2.452,-0.61,17.0
20.408,-2.186,-0.654,17.0
18.699,-2.0,-0.698,1.0
0.0,0.0,0.0,0.0
30.443,-3.249,-0.45,0.0
26.467,-2.82,-0.532,1.0
23.383,-2.487,-0.597,31.0
20.788,-2.208,-0.641,4.0
19.031,-2.018,-0.688,1.0
39.821,-4.222,-0.33,0.0
31.927,-3.378,-0.434,1.0
27.34,-2.888,-0.517,1.0
23.781,-2.508,-0.579,28.0
21.616,-2.276,-0.641,1.0
19.614,-2.062,-0.686,1.0
41.731,-4.384,-0.297,0.0
33.148,-3.476,-0.412,1.0
28.151,-2.947,-0.5,1.0
24.284,-2.537,-0.563,5.0
22.305,-2.327,-0.636,3.0
20.227,-2.106,-0.685,7.0
0.0,0.0,0.0,0.0
34.687,-3.603,-0.391,0.0
29.061,-3.013,-0.482,1.0
25.447,-2.633,-0.561,1.0
22.861,-2.361,-0.626,4.0
20.366,-2.1,-0.666,18.0
45.402,-4.679,-0.219,0.0
0.0,0.0,0.0,0.0
29.836,-3.062,-0.461,1.0
26.056,-2.669,-0.544,1.0
23.339,-2.386,-0.612,10.0
20.58,-2.1,-0.65,8.0
50.373,-5.137,-0.186,1.0
0.0,0.0,0.0,0.0
30.774,-3.125,-0.442,1.0
26.657,-2.701,-0.527,1.0
23.749,-2.402,-0.597,16.0
21.123,-2.132,-0.644,2.0
50.429,-5.088,-0.131,7.0
39.931,-4.019,-0.317,0.0
32.05,-3.219,-0.425,1.0
27.469,-2.753,-0.513,1.0
24.142,-2.414,-0.58,12.0
21.661,-2.161,-0.636,1.0
50.511,-5.038,-0.076,3.0
0.0,0.0,0.0,0.0
33.258,-3.301,-0.405,0.0
28.198,-2.792,-0.497,1.0
24.83,-2.454,-0.57,3.0
22.102,-2.179,-0.625,1.0
0.0,0.0,0.0,0.0
0.0,0.0,0.0,0.0
34.672,-3.4,-0.385,1.0
29.045,-2.841,-0.481,1.0
25.489,-2.487,-0.558,1.0
22.654,-2.205,-0.617,1.0
0.0,0.0,0.0,0.0
0.0,0.0,0.0,0.0
37.103,-3.592,-0.373,0.0
29.74,-2.872,-0.461,1.0
26.136,-2.518,-0.545,1.0
23.193,-2.229,-0.607,1.0
0.0,0.0,0.0,0.0
50.327,-4.821,-0.186,0.0
0.0,0.0,0.0,0.0
30.547,-2.911,-0.442,1.0
26.705,-2.538,-0.529,1.0
23.646,-2.241,-0.595,1.0
0.0,0.0,0.0,0.0
50.358,-4.759,-0.135,1.0
39.744,-3.745,-0.319,0.0
31.65,-2.974,-0.427,1.0
27.44,-2.572,-0.517,1.0
24.246,-2.266,-0.586,1.0
0.0,0.0,0.0,0.0
0.0,0.0,0.0,0.0
41.12,-3.819,-0.29,0.0
32.813,-3.039,-0.41,1.0
28.04,-2.589,-0.501,1.0
24.851,-2.288,-0.577,1.0
0.0,0.0,0.0,0.0
0.0,0.0,0.0,0.0
0.0,0.0,0.0,0.0
33.769,-3.081,-0.39,0.0
28.702,-2.61,-0.485,1.0
25.39,-2.302,-0.565,2.0
90.736,-8.224,0.503,1.0
0.0,0.0,0.0,0.0
0.0,0.0,0.0,0.0
0.0,0.0,0.0,0.0
29.426,-2.633,-0.47,1.0
25.817,-2.304,-0.551,1.0
0.0,0.0,0.0,0.0
0.0,0.0,0.0,0.0
50.448,-4.47,-0.213,2.0
0.0,0.0,0.0,0.0
29.946,-2.636,-0.451,1.0
26.242,-2.303,-0.536,1.0
97.897,-8.586,0.722,5.0
0.0,0.0,0.0,0.0
50.427,-4.392,-0.168,2.0
38.197,-3.316,-0.336,0.0
30.863,-2.67,-0.437,1.0
26.813,-2.312,-0.524,1.0
0.0,0.0,0.0,0.0
0.0,0.0,0.0,0.0
50.352,-4.309,-0.125,1.0
40.33,-3.439,-0.321,0.0
31.943,-2.714,-0.425,1.0
27.431,-2.323,-0.513,1.0
0.0,0.0,0.0,0.0
0.0,0.0,0.0,0.0
55.313,-4.647,-0.091,0.0
0.0,0.0,0.0,0.0
32.554,-2.715,-0.407,1.0
28.104,-2.336,-0.503,1.0
0.0,0.0,0.0,0.0
0.0,0.0,0.0,0.0
0.0,0.0,0.0,0.0
42.285,-3.472,-0.267,0.0
33.371,-2.73,-0.39,1.0
28.543,-2.326,-0.487,1.0
122.137,-9.947,1.309,7.0
87.143,-7.068,0.464,10.0
0.0,0.0,0.0,0.0
0.0,0.0,0.0,0.0
34.559,-2.771,-0.377,0.0
29.128,-2.326,-0.475,1.0
0.0,0.0,0.0,0.0
0.0,0.0,0.0,0.0
0.0,0.0,0.0,0.0
0.0,0.0,0.0,0.0
35.693,-2.802,-0.363,1.0
29.633,-2.317,-0.461,1.0
128.653,-10.052,1.571,2.0
0.0,0.0,0.0,0.0
0.0,0.0,0.0,0.0
50.321,-3.882,-0.205,0.0
0.0,0.0,0.0,0.0
29.615,-2.265,-0.44,1.0
148.443,-11.346,1.917,104.0
0.0,0.0,0.0,0.0
0.0,0.0,0.0,0.0
50.403,-3.802,-0.17,1.0
37.554,-2.821,-0.33,0.0
30.578,-2.287,-0.434,1.0
148.543,-11.099,2.018,152.0
0.0,0.0,0.0,0.0
0.0,0.0,0.0,0.0
50.324,-3.709,-0.137,1.0
0.0,0.0,0.0,0.0
30.869,-2.254,-0.418,2.0
149.363,-10.896,2.126,4.0
0.0,0.0,0.0,0.0
0.0,0.0,0.0,0.0
50.446,-3.628,-0.105,5.0
0.0,0.0,0.0,0.0
32.054,-2.284,-0.414,1.0
0.0,0.0,0.0,0.0
0.0,0.0,0.0,0.0
0.0,0.0,0.0,0.0
50.533,-3.544,-0.075,2.0
40.834,-2.85,-0.282,0.0
32.485,-2.256,-0.4,1.0
160.865,-11.16,2.482,4.0
0.0,0.0,0.0,0.0
0.0,0.0,0.0,0.0
55.511,-3.792,-0.051,1.0
0.0,0.0,0.0,0.0
32.73,-2.213,-0.385,1.0
187.201,-12.641,2.991,150.0
0.0,0.0,0.0,0.0
0.0,0.0,0.0,0.0
62.165,-4.132,-0.025,2.0
0.0,0.0,0.0,0.0
33.52,-2.205,-0.377,1.0
187.198,-12.294,3.087,152.0
0.0,0.0,0.0,0.0
0.0,0.0,0.0,0.0
62.289,-4.024,0.005,2.0
0.0,0.0,0.0,0.0
33.973,-2.171,-0.365,0.0
187.182,-11.941,3.178,37.0
0.0,0.0,0.0,0.0
0.0,0.0,0.0,0.0
62.449,-3.917,0.035,6.0
45.015,-2.807,-0.219,0.0
34.512,-2.14,-0.356,0.0
187.28,-11.592,3.264,8.0
0.0,0.0,0.0,0.0
0.0,0.0,0.0,0.0
62.649,-3.809,0.062,3.0
50.429,-3.049,-0.224,1.0
36.044,-2.166,-0.356,0.0
0.0,0.0,0.0,0.0
0.0,0.0,0.0,0.0
0.0,0.0,0.0,0.0
62.809,-3.698,0.087,3.0
50.476,-2.954,-0.204,2.0
37.284,-2.168,-0.354,0.0
0.0,0.0,0.0,0.0
0.0,0.0,0.0,0.0
0.0,0.0,0.0,0.0
0.0,0.0,0.0,0.0
50.403,-2.85,-0.186,1.0
37.969,-2.133,-0.347,0.0
228.101,-12.785,4.237,9.0
0.0,0.0,0.0,0.0
0.0,0.0,0.0,0.0
63.158,-3.469,0.131,6.0
50.439,-2.752,-0.169,1.0
0.0,0.0,0.0,0.0
0.0,0.0,0.0,0.0
0.0,0.0,0.0,0.0
0.0,0.0,0.0,0.0
63.46,-3.359,0.151,2.0
50.452,-2.652,-0.155,2.0
37.779,-1.973,-0.323,0.0
0.0,0.0,0.0,0.0
0.0,0.0,0.0,0.0
0.0,0.0,0.0,0.0
0.0,0.0,0.0,0.0
50.452,-2.553,-0.143,9.0
0.0,0.0,0.0,0.0
0.0,0.0,0.0,0.0
0.0,0.0,0.0,0.0
0.0,0.0,0.0,0.0
0.0,0.0,0.0,0.0
50.465,-2.451,-0.132,9.0
37.74,-1.819,-0.305,0.0
0.0,0.0,0.0,0.0
0.0,0.0,0.0,0.0
0.0,0.0,0.0,0.0
0.0,0.0,0.0,0.0
50.436,-2.346,-0.123,2.0
37.727,-1.741,-0.299,0.0
0.0,0.0,0.0,0.0
0.0,0.0,0.0,0.0
0.0,0.0,0.0,0.0
0.0,0.0,0.0,0.0
50.463,-2.245,-0.116,2.0
38.141,-1.682,-0.297,2.0
0.0,0.0,0.0,0.0
0.0,0.0,0.0,0.0
0.0,0.0,0.0,0.0
0.0,0.0,0.0,0.0
50.513,-2.143,-0.111,1.0
37.753,-1.588,-0.29,6.0
175.176,-7.332,3.497,27.0
174.841,-7.253,2.529,23.0
0.0,0.0,0.0,0.0
0.0,0.0,0.0,0.0
37.818,-1.526,-0.081,150.0
37.764,-1.51,-0.288,93.0
175.195,-6.97,3.507,25.0
175.087,-6.9,2.54,46.0
0.0,0.0,0.0,0.0
0.0,0.0,0.0,0.0
40.151,-1.537,-0.084,153.0
40.094,-1.52,-0.305,38.0
0.0,0.0,0.0,0.0
0.0,0.0,0.0,0.0
0.0,0.0,0.0,0.0
0.0,0.0,0.0,0.0
51.589,-1.868,-0.109,1.0
40.085,-1.436,-0.306,7.0
0.0,0.0,0.0,0.0
0.0,0.0,0.0,0.0
0.0,0.0,0.0,0.0
0.0,0.0,0.0,0.0
0.0,0.0,0.0,0.0
39.668,-1.339,-0.305,1.0
0.0,0.0,0.0,0.0
0.0,0.0,0.0,0.0
0.0,0.0,0.0,0.0
0.0,0.0,0.0,0.0
0.0,0.0,0.0,0.0
40.319,-1.276,-0.313,3.0
40.324,-1.267,0.8,26.0
40.337,-1.252,0.577,51.0
0.0,0.0,0.0,0.0
0.0,0.0,0.0,0.0
40.221,-1.204,-0.095,46.0
40.057,-1.184,-0.317,2.0
40.256,-1.18,0.793,0.0
153.677,-4.448,2.177,6.0
40.201,-1.148,0.346,48.0
40.187,-1.133,0.12,54.0
40.95,-1.139,-0.104,152.0
40.331,-1.108,-0.326,4.0
40.222,-1.094,0.785,43.0
40.208,-1.079,0.562,54.0
40.187,-1.063,0.339,57.0
40.211,-1.049,0.112,3.0
40.976,-1.054,-0.112,80.0
40.035,-1.015,-0.331,0.0
40.199,-1.009,0.776,59.0
40.22,-0.994,0.553,49.0
40.305,-0.982,0.331,100.0
40.302,-0.967,0.103,150.0
40.286,-0.952,-0.12,58.0
40.229,-0.936,-0.343,0.0
40.212,-0.924,0.766,62.0
40.309,-0.912,0.544,14.0
0.0,0.0,0.0,0.0
68.153,-1.492,0.156,3.0
0.0,0.0,0.0,0.0
37.05,-0.784,-0.326,0.0
40.235,-0.84,0.755,63.0
40.227,-0.825,0.531,63.0
40.246,-0.811,0.307,48.0
40.283,-0.797,0.08,47.0
40.326,-0.783,-0.144,32.0
35.978,-0.686,-0.328,0.0
40.184,-0.755,0.741,67.0
40.311,-0.742,0.519,2.0
40.243,-0.726,0.294,48.0
40.281,-0.712,0.066,56.0
40.357,-0.699,-0.158,28.0
34.045,-0.577,-0.323,0.0
0.0,0.0,0.0,0.0
149.002,-2.431,1.863,14.0
91.56,-1.46,0.634,4.0
61.524,-0.959,0.077,4.0
46.246,-0.704,-0.199,2.0
33.849,-0.503,-0.334,1.0
183.392,-2.672,3.24,86.0
130.221,-1.852,1.575,3.0
78.92,-1.093,0.514,10.0
60.95,-0.823,0.051,8.0
44.425,-0.584,-0.21,2.0
33.325,-0.426,-0.343,1.0
79.428,-0.991,1.368,190.0
79.472,-0.964,0.925,153.0
78.236,-0.92,0.474,18.0
60.277,-0.687,0.022,3.0
44.601,-0.492,-0.232,4.0
32.733,-0.35,-0.353,1.0
79.446,-0.824,1.33,195.0
79.449,-0.796,0.886,184.0
77.375,-0.749,0.431,11.0
51.73,-0.482,-0.005,5.0
42.246,-0.378,-0.24,5.0
32.206,-0.277,-0.363,1.0
79.442,-0.658,1.289,172.0
79.45,-0.63,0.845,193.0
76.908,-0.583,0.388,9.0
46.671,-0.338,-0.03,3.0
41.981,-0.289,-0.261,3.0
31.494,-0.205,-0.372,1.0
79.453,-0.494,1.245,161.0
79.458,-0.466,0.801,181.0
61.431,-0.339,0.275,8.0
46.034,-0.238,-0.055,21.0
39.32,-0.19,-0.267,4.0
30.949,-0.138,-0.384,1.0
79.451,-0.33,1.199,151.0
79.453,-0.301,0.753,150.0
61.489,-0.212,0.238,12.0
45.617,-0.141,-0.083,5.0
38.759,-0.107,-0.287,3.0
30.429,-0.073,-0.396,1.0
79.455,-0.165,1.149,151.0
79.437,-0.138,0.703,150.0
56.119,-0.078,0.182,15.0
0.0,0.0,0.0,0.0
38.246,-0.027,-0.308,4.0
30.018,-0.011,-0.41,2.0
79.456,-0.001,1.096,151.0
79.41,0.024,0.65,66.0
54.729,0.035,0.14,14.0
40.492,0.04,-0.127,16.0
37.486,0.049,-0.328,1.0
29.623,0.049,-0.425,2.0
79.465,0.157,1.041,151.0
76.788,0.179,0.575,28.0
54.17,0.144,0.101,28.0
39.524,0.118,-0.152,40.0
37.772,0.125,-0.357,3.0
29.313,0.107,-0.442,2.0
59.315,0.238,0.734,101.0
59.305,0.257,0.4,88.0
47.957,0.224,0.054,29.0
38.897,0.195,-0.178,46.0
33.214,0.177,-0.339,1.0
28.865,0.163,-0.457,1.0
48.143,0.289,0.559,49.0
48.14,0.305,0.288,55.0
47.175,0.314,0.016,42.0
38.351,0.268,-0.206,34.0
32.322,0.237,-0.355,1.0
28.241,0.216,-0.469,1.0
48.068,0.385,0.519,112.0
48.029,0.4,0.248,103.0
0.0,0.0,0.0,0.0
37.835,0.339,-0.234,14.0
31.452,0.293,-0.372,1.0
27.622,0.266,-0.482,1.0
48.084,0.48,0.479,105.0
48.036,0.495,0.208,91.0
44.34,0.471,-0.057,19.0
37.446,0.41,-0.263,12.0
30.748,0.346,-0.39,1.0
27.107,0.314,-0.496,1.0
48.127,0.574,0.438,62.0
48.035,0.588,0.166,67.0
43.938,0.552,-0.095,4.0
37.142,0.478,-0.294,6.0
30.121,0.397,-0.408,2.0
26.737,0.361,-0.513,2.0
0.0,0.0,0.0,0.0
48.032,0.682,0.122,50.0
39.278,0.57,-0.121,36.0
36.964,0.548,-0.326,2.0
29.566,0.447,-0.428,2.0
26.361,0.407,-0.531,1.0
75.17,1.19,0.546,14.0
47.894,0.773,0.077,21.0
38.574,0.634,-0.155,48.0
33.235,0.557,-0.325,1.0
29.066,0.496,-0.449,2.0
22.36,0.388,-0.472,3.0
61.872,1.098,0.388,9.0
47.404,0.855,0.03,27.0
37.774,0.693,-0.189,40.0
32.569,0.608,-0.351,2.0
28.296,0.537,-0.465,1.0
22.002,0.424,-0.486,4.0
60.769,1.193,0.321,36.0
0.0,0.0,0.0,0.0
37.199,0.752,-0.224,30.0
31.419,0.645,-0.37,2.0
27.602,0.575,-0.481,1.0
21.332,0.451,-0.493,5.0
58.816,1.264,0.25,34.0
42.984,0.937,-0.06,5.0
36.824,0.814,-0.26,12.0
30.567,0.684,-0.392,2.0
27.101,0.614,-0.501,1.0
20.864,0.479,-0.504,5.0
0.0,0.0,0.0,0.0
39.596,0.936,-0.098,34.0
36.511,0.873,-0.297,7.0
29.796,0.721,-0.414,2.0
23.471,0.575,-0.459,1.0
20.377,0.505,-0.514,3.0
48.815,1.228,0.102,23.0
38.765,0.987,-0.138,45.0
36.42,0.938,-0.337,1.0
29.182,0.76,-0.438,2.0
22.394,0.589,-0.463,4.0
19.843,0.528,-0.523,3.0
47.932,1.292,0.046,23.0
0.0,0.0,0.0,0.0
32.668,0.899,-0.338,1.0
28.325,0.787,-0.457,1.0
21.761,0.611,-0.475,4.0
19.371,0.549,-0.533,3.0
0.0,0.0,0.0,0.0
36.741,1.065,-0.214,30.0
31.422,0.919,-0.362,2.0
27.632,0.816,-0.478,1.0
21.142,0.63,-0.486,4.0
18.885,0.568,-0.541,3.0
40.6,1.236,-0.054,16.0
36.39,1.117,-0.255,12.0
30.525,0.946,-0.387,2.0
24.002,0.75,-0.443,3.0
20.64,0.65,-0.499,3.0
18.421,0.586,-0.55,3.0
39.923,1.284,-0.101,39.0
36.141,1.171,-0.296,7.0
29.713,0.971,-0.413,2.0
23.225,0.765,-0.457,5.0
20.105,0.667,-0.51,3.0
17.969,0.601,-0.558,3.0
39.585,1.339,-0.148,41.0
33.871,1.154,-0.319,1.0
29.036,0.997,-0.439,1.0
22.186,0.767,-0.464,3.0
19.538,0.681,-0.52,3.0
17.634,0.619,-0.57,3.0
36.571,1.297,-0.182,33.0
32.07,1.146,-0.342,1.0
28.191,1.014,-0.462,1.0
21.395,0.775,-0.475,4.0
19.092,0.697,-0.532,3.0
17.298,0.636,-0.581,6.0
36.252,1.345,-0.227,18.0
30.902,1.154,-0.369,2.0
24.339,0.915,-0.43,5.0
20.811,0.788,-0.488,4.0
18.619,0.709,-0.543,3.0
16.73,0.641,-0.583,2.0
35.937,1.39,-0.272,7.0
30.015,1.169,-0.398,2.0
23.386,0.916,-0.444,5.0
20.342,0.802,-0.504,3.0
18.017,0.715,-0.549,3.0
16.268,0.65,-0.589,2.0
0.0,0.0,0.0,0.0
29.134,1.18,-0.425,1.0
22.028,0.897,-0.447,4.0
19.659,0.805,-0.513,3.0
17.628,0.726,-0.561,3.0
15.925,0.66,-0.598,3.0
32.31,1.35,-0.331,1.0
28.407,1.193,-0.453,1.0
21.389,0.903,-0.463,18.0
19.046,0.809,-0.523,3.0
17.259,0.737,-0.572,2.0
15.21,0.653,-0.591,3.0
31.019,1.342,-0.359,2.0
24.461,1.064,-0.423,5.0
20.931,0.915,-0.482,4.0
18.529,0.814,-0.534,3.0
16.676,0.737,-0.576,2.0
14.678,0.652,-0.591,14.0
30.126,1.348,-0.391,2.0
23.307,1.048,-0.436,5.0
20.306,0.918,-0.496,3.0
18.011,0.818,-0.544,3.0
16.302,0.744,-0.586,2.0
14.656,0.672,-0.611,27.0
29.136,1.345,-0.419,2.0
22.218,1.031,-0.447,4.0
19.623,0.915,-0.507,3.0
17.562,0.823,-0.556,4.0
15.877,0.747,-0.594,2.0
14.575,0.689,-0.629,20.0
28.459,1.354,-0.451,1.0
21.43,1.024,-0.462,4.0
18.978,0.911,-0.518,3.0
17.164,0.828,-0.568,4.0
15.052,0.729,-0.585,4.0
14.182,0.69,-0.632,13.0
24.206,1.185,-0.418,5.0
20.755,1.02,-0.477,4.0
18.485,0.912,-0.531,3.0
16.575,0.822,-0.573,3.0
14.66,0.73,-0.591,15.0
13.755,0.688,-0.633,13.0
22.958,1.154,-0.43,5.0
20.037,1.011,-0.49,3.0
17.942,0.909,-0.542,3.0
16.192,0.824,-0.584,2.0
14.613,0.747,-0.61,19.0
13.48,0.692,-0.641,13.0
21.907,1.129,-0.443,4.0
19.421,1.005,-0.504,3.0
17.465,0.908,-0.554,2.0
15.677,0.818,-0.588,3.0
14.432,0.756,-0.625,14.0
13.212,0.695,-0.648,9.0
21.162,1.118,-0.46,4.0
18.866,1.0,-0.518,3.0
17.0,0.904,-0.564,2.0
14.714,0.786,-0.574,6.0
13.895,0.745,-0.622,14.0
13.068,0.703,-0.66,10.0
20.457,1.105,-0.475,4.0
18.278,0.991,-0.529,3.0
16.442,0.894,-0.571,3.0
14.656,0.8,-0.594,20.0
13.553,0.743,-0.627,14.0
13.067,0.718,-0.68,9.0
19.824,1.094,-0.491,3.0
17.78,0.985,-0.542,3.0
16.03,0.891,-0.581,2.0
14.564,0.812,-0.613,18.0
13.39,0.749,-0.641,10.0
12.916,0.725,-0.692,4.0
19.236,1.084,-0.506,3.0
17.347,0.98,-0.556,3.0
15.28,0.866,-0.577,2.0
14.178,0.806,-0.619,13.0
13.071,0.746,-0.645,7.0
12.57,0.72,-0.693,2.0
18.612,1.069,-0.518,3.0
16.741,0.964,-0.562,2.0
14.668,0.848,-0.577,12.0
13.727,0.796,-0.62,11.0
13.059,0.759,-0.665,10.0
12.293,0.717,-0.697,2.0
17.98,1.052,-0.529,3.0
16.27,0.955,-0.572,3.0
14.641,0.861,-0.599,17.0
13.532,0.799,-0.633,10.0
13.044,0.772,-0.685,9.0
12.023,0.714,-0.701,2.0
17.546,1.044,-0.543,4.0
15.855,0.946,-0.582,2.0
14.364,0.86,-0.61,14.0
13.168,0.79,-0.636,7.0
12.716,0.765,-0.688,2.0
11.731,0.708,-0.702,1.0
17.021,1.03,-0.554,2.0
14.777,0.896,-0.566,6.0
13.845,0.842,-0.61,12.0
13.066,0.797,-0.652,9.0
12.435,0.76,-0.692,4.0
11.473,0.703,-0.705,2.0
16.44,1.01,-0.561,4.0
14.657,0.903,-0.584,21.0
13.592,0.839,-0.62,12.0
13.036,0.807,-0.671,8.0
12.203,0.757,-0.699,1.0
11.243,0.7,-0.709,1.0
16.086,1.003,-0.575,4.0
14.498,0.906,-0.601,14.0
13.375,0.838,-0.632,10.0
12.893,0.81,-0.685,3.0
11.876,0.748,-0.699,1.0
10.977,0.693,-0.71,2.0
15.152,0.958,-0.565,2.0
13.855,0.878,-0.597,12.0
13.069,0.83,-0.638,8.0
12.543,0.798,-0.686,2.0
11.556,0.737,-0.699,2.0
10.835,0.693,-0.718,2.0
14.698,0.941,-0.572,14.0
13.679,0.878,-0.611,11.0
13.063,0.84,-0.659,10.0
12.283,0.792,-0.692,2.0
11.361,0.734,-0.705,2.0
10.607,0.686,-0.72,1.0
14.609,0.947,-0.592,16.0
13.401,0.87,-0.62,12.0
13.01,0.846,-0.677,6.0
12.025,0.784,-0.696,1.0
11.094,0.725,-0.706,2.0
10.323,0.676,-0.717,2.0
14.052,0.921,-0.592,15.0
13.145,0.863,-0.629,8.0
12.706,0.836,-0.682,2.0
11.737,0.774,-0.698,1.0
10.878,0.718,-0.71,3.0
10.147,0.671,-0.721,3.0
13.732,0.909,-0.6,14.0
13.074,0.867,-0.647,9.0
12.386,0.823,-0.684,2.0
11.492,0.765,-0.702,2.0
10.669,0.712,-0.714,2.0
9.94,0.664,-0.723,2.0
13.504,0.903,-0.612,12.0
13.066,0.875,-0.667,11.0
12.147,0.815,-0.691,2.0
11.205,0.753,-0.703,1.0
10.451,0.704,-0.716,2.0
9.72,0.656,-0.722,2.0
13.305,0.898,-0.624,11.0
12.901,0.872,-0.68,3.0
11.853,0.802,-0.693,2.0
10.948,0.742,-0.704,2.0
10.249,0.696,-0.719,2.0
9.621,0.655,-0.73,4.0
13.092,0.891,-0.635,10.0
12.521,0.853,-0.68,1.0
11.615,0.793,-0.698,2.0
10.777,0.737,-0.711,2.0
10.06,0.689,-0.722,2.0
9.538,0.654,-0.739,2.0
13.075,0.896,-0.655,11.0
12.29,0.844,-0.687,2.0
11.364,0.781,-0.701,1.0
10.557,0.727,-0.713,2.0
9.834,0.678,-0.721,1.0
9.392,0.649,-0.743,2.0
13.004,0.898,-0.673,7.0
11.98,0.828,-0.689,2.0
11.099,0.768,-0.702,1.0
10.339,0.717,-0.715,2.0
9.64,0.669,-0.722,3.0
9.252,0.643,-0.747,2.0
12.74,0.885,-0.679,2.0
11.71,0.814,-0.692,3.0
10.875,0.757,-0.705,2.0
10.139,0.707,-0.717,2.0
9.591,0.67,-0.734,3.0
9.113,0.637,-0.75,2.0
12.421,0.868,-0.682,2.0
11.477,0.803,-0.696,2.0
10.681,0.748,-0.71,2.0
9.942,0.697,-0.719,1.0
9.471,0.665,-0.74,2.0
8.991,0.632,-0.755,2.0
12.146,0.853,-0.686,2.0
11.243,0.79,-0.7,1.0
10.454,0.736,-0.711,2.0
9.748,0.687,-0.721,1.0
9.332,0.658,-0.744,2.0
8.82,0.623,-0.754,1.0
11.893,0.839,-0.69,3.0
10.995,0.776,-0.702,2.0
10.249,0.724,-0.713,2.0
9.619,0.68,-0.726,3.0
9.186,0.651,-0.747,2.0
8.672,0.615,-0.755,3.0
11.607,0.822,-0.692,3.0
10.809,0.766,-0.707,2.0
10.047,0.712,-0.715,2.0
9.539,0.677,-0.735,2.0
9.057,0.644,-0.75,2.0
8.574,0.61,-0.76,4.0
11.406,0.81,-0.697,2.0
10.591,0.753,-0.709,2.0
9.875,0.702,-0.718,1.0
9.415,0.67,-0.74,2.0
8.94,0.637,-0.754,1.0
8.415,0.6,-0.759,4.0
11.178,0.796,-0.701,1.0
10.375,0.739,-0.71,2.0
9.691,0.691,-0.719,1.0
9.277,0.662,-0.743,1.0
8.792,0.628,-0.755,1.0
8.226,0.588,-0.755,4.0
10.939,0.78,-0.702,2.0
10.193,0.728,-0.713,2.0
9.604,0.686,-0.727,3.0
9.14,0.653,-0.746,1.0
8.621,0.617,-0.754,3.0
8.053,0.577,-0.751,4.0
10.75,0.768,-0.706,2.0
9.98,0.713,-0.713,2.0
9.524,0.681,-0.736,2.0
9.021,0.646,-0.75,1.0
8.544,0.612,-0.76,3.0
8.001,0.573,-0.758,4.0
10.55,0.754,-0.709,2.0
9.835,0.703,-0.717,1.0
9.375,0.671,-0.738,2.0
8.886,0.636,-0.752,1.0
8.372,0.6,-0.757,4.0
7.93,0.569,-0.763,3.0
10.344,0.74,-0.71,2.0
9.667,0.691,-0.719,2.0
9.26,0.663,-0.743,1.0
8.762,0.627,-0.755,1.0
8.169,0.585,-0.751,4.0
7.811,0.56,-0.763,2.0
10.155,0.726,-0.712,2.0
9.607,0.687,-0.729,3.0
9.122,0.652,-0.745,1.0
8.607,0.616,-0.754,3.0
8.039,0.576,-0.751,4.0
7.765,0.556,-0.77,2.0
9.972,0.712,-0.714,2.0
9.511,0.679,-0.735,2.0
9.022,0.645,-0.75,1.0
8.518,0.609,-0.758,3.0
8.002,0.572,-0.759,4.0
7.658,0.548,-0.771,1.0
9.822,0.7,-0.717,2.0
9.374,0.668,-0.738,2.0
8.886,0.634,-0.751,1.0
8.382,0.598,-0.758,4.0
7.925,0.566,-0.763,2.0
7.562,0.54,-0.772,1.0
9.667,0.688,-0.719,2.0
9.26,0.659,-0.742,1.0
8.753,0.623,-0.752,2.0
8.195,0.583,-0.753,4.0
7.817,0.557,-0.764,2.0
7.461,0.531,-0.772,1.0
9.612,0.682,-0.728,3.0
9.131,0.648,-0.745,2.0
8.625,0.612,-0.753,3.0
8.071,0.573,-0.753,4.0
7.764,0.551,-0.769,1.0
7.376,0.524,-0.774,1.0
9.518,0.673,-0.734,2.0
9.032,0.639,-0.749,2.0
8.544,0.604,-0.758,4.0
8.021,0.567,-0.759,4.0
7.672,0.543,-0.77,1.0
7.302,0.517,-0.776,1.0
9.409,0.663,-0.739,2.0
8.904,0.627,-0.75,1.0
8.43,0.594,-0.759,4.0
7.96,0.561,-0.764,2.0
7.578,0.534,-0.771,1.0
7.24,0.51,-0.779,1.0
9.291,0.652,-0.741,2.0
8.774,0.615,-0.751,2.0
8.305,0.583,-0.759,4.0
7.866,0.552,-0.765,1.0
7.503,0.526,-0.773,1.0
7.209,0.506,-0.785,1.0
9.18,0.641,-0.744,2.0
8.667,0.605,-0.753,3.0
8.136,0.568,-0.754,4.0
7.793,0.544,-0.768,1.0
7.424,0.518,-0.774,1.0
7.195,0.502,-0.792,1.0
9.084,0.631,-0.748,2.0
8.586,0.596,-0.757,5.0
8.066,0.56,-0.757,4.0
7.709,0.535,-0.769,1.0
7.363,0.511,-0.777,1.0
7.218,0.501,-0.804,1.0
8.99,0.621,-0.751,2.0
8.497,0.586,-0.759,4.0
8.025,0.553,-0.763,2.0
7.636,0.526,-0.771,1.0
7.333,0.505,-0.783,1.0
7.261,0.5,-0.818,1.0
8.841,0.606,-0.749,3.0
8.393,0.575,-0.76,3.0
7.954,0.545,-0.766,1.0
7.541,0.516,-0.771,1.0
7.316,0.501,-0.79,1.0
7.314,0.5,-0.833,1.0
8.766,0.597,-0.754,5.0
8.278,0.563,-0.759,2.0
7.873,0.535,-0.768,1.0
7.502,0.51,-0.776,1.0
7.345,0.499,-0.802,1.0
7.354,0.499,-0.846,1.0
8.682,0.587,-0.756,5.0
8.152,0.55,-0.757,3.0
7.789,0.526,-0.768,1.0
7.472,0.504,-0.781,1.0
7.381,0.497,-0.814,1.0
7.401,0.499,-0.86,0.0
8.614,0.577,-0.76,4.0
8.1,0.542,-0.761,3.0
7.71,0.516,-0.769,1.0
7.46,0.499,-0.788,1.0
7.438,0.497,-0.829,1.0
7.443,0.497,-0.873,0.0
8.526,0.566,-0.762,2.0
8.051,0.534,-0.765,2.0
7.665,0.508,-0.773,1.0
7.481,0.496,-0.798,1.0
7.49,0.496,-0.843,1.0
7.5,0.496,-0.887,0.0
8.446,0.556,-0.763,1.0
7.975,0.524,-0.767,1.0
7.623,0.501,-0.777,1.0
7.534,0.494,-0.812,1.0
7.559,0.496,-0.858,1.0
7.585,0.497,-0.906,0.0
8.347,0.544,-0.763,1.0
7.908,0.515,-0.768,1.0
7.62,0.495,-0.784,1.0
7.602,0.494,-0.827,1.0
7.609,0.494,-0.872,0.0
7.629,0.495,-0.918,0.0
8.255,0.532,-0.763,1.0
7.852,0.505,-0.771,1.0
7.665,0.493,-0.796,1.0
7.666,0.492,-0.842,1.0
7.671,0.492,-0.886,0.0
7.702,0.494,-0.935,0.0
8.167,0.52,-0.762,1.0
7.822,0.498,-0.775,1.0
7.733,0.492,-0.811,1.0
7.733,0.491,-0.856,0.0
7.745,0.491,-0.902,0.0
7.715,0.489,-0.944,0.0
8.124,0.512,-0.766,1.0
7.825,0.492,-0.783,1.0
7.794,0.49,-0.824,1.0
7.8,0.489,-0.871,0.0
7.807,0.489,-0.917,0.0
7.751,0.485,-0.955,0.0
8.076,0.502,-0.768,1.0
7.861,0.488,-0.793,1.0
7.888,0.489,-0.841,1.0
7.887,0.489,-0.887,0.0
7.881,0.488,-0.932,0.0
7.774,0.48,-0.965,0.0
8.039,0.494,-0.772,1.0
7.926,0.486,-0.806,1.0
7.959,0.487,-0.855,0.0
7.966,0.487,-0.903,0.0
7.93,0.484,-0.945,0.0
7.803,0.476,-0.975,0.0
8.047,0.487,-0.779,1.0
8.024,0.485,-0.823,1.0
8.041,0.485,-0.871,0.0
8.034,0.484,-0.917,0.0
7.96,0.479,-0.955,0.0
7.823,0.47,-0.983,0.0
8.099,0.483,-0.79,1.0
8.098,0.483,-0.837,1.0
8.116,0.483,-0.885,0.0
8.096,0.481,-0.93,0.0
8.048,0.477,-0.971,0.0
7.695,0.456,-0.973,0.0
8.177,0.481,-0.804,1.0
8.191,0.481,-0.852,0.0
8.203,0.481,-0.901,0.0
8.15,0.477,-0.942,0.0
8.132,0.475,-0.987,0.0
8.292,0.48,-0.821,1.0
8.277,0.478,-0.867,0.0
8.319,0.48,-0.919,0.0
8.279,0.477,-0.963,0.0
8.097,0.465,-0.988,0.0
8.411,0.479,-0.838,1.0
8.376,0.476,-0.883,0.0
8.377,0.475,-0.931,0.0
8.395,0.475,-0.982,0.0
7.884,0.446,-0.967,0.0
7.26,0.409,-0.933,0.0
8.496,0.476,-0.852,1.0
8.504,0.475,-0.901,0.0
8.487,0.473,-0.948,0.0
8.428,0.469,-0.991,0.0
7.262,0.402,-0.937,0.0
8.548,0.47,-0.862,1.0
8.643,0.475,-0.921,0.0
8.582,0.47,-0.964,0.0
8.387,0.458,-0.991,0.0
7.224,0.393,-0.936,0.0
8.687,0.469,-0.881,0.0
8.699,0.469,-0.932,0.0
8.643,0.465,-0.975,0.0
8.191,0.439,-0.972,0.0
7.436,0.398,-0.925,0.0
7.2,0.384,-0.937,0.0
8.832,0.468,-0.9,0.0
8.824,0.467,-0.949,0.0
8.658,0.457,-0.981,0.0
7.447,0.391,-0.93,0.0
7.185,0.376,-0.938,0.0
8.963,0.466,-0.917,0.0
8.902,0.461,-0.962,0.0
8.561,0.443,-0.974,0.0
0.0,0.0,0.0,0.0
7.402,0.381,-0.927,0.0
7.173,0.368,-0.94,0.0
9.027,0.46,-0.927,0.0
8.952,0.455,-0.971,0.0
8.065,0.408,-0.92,0.0
7.43,0.374,-0.933,0.0
7.115,0.357,-0.935,0.0
9.143,0.456,-0.943,0.0
8.909,0.443,-0.969,0.0
8.01,0.397,-0.917,0.0
0.0,0.0,0.0,0.0
7.398,0.364,-0.932,0.0
7.138,0.351,-0.94,0.0
9.233,0.45,-0.955,0.0
8.614,0.419,-0.94,0.0
8.017,0.388,-0.92,0.0
7.729,0.373,-0.932,0.0
7.413,0.357,-0.936,0.0
7.096,0.341,-0.937,0.0
9.185,0.438,-0.952,0.0
8.352,0.396,-0.913,0.0
7.995,0.378,-0.92,0.0
7.687,0.363,-0.929,0.0
7.381,0.347,-0.934,0.0
7.102,0.333,-0.939,0.0
8.956,0.417,-0.931,0.0
8.307,0.385,-0.91,0.0
8.003,0.37,-0.922,0.0
7.633,0.351,-0.924,0.0
7.368,0.338,-0.934,0.0
7.084,0.324,-0.938,0.0
8.697,0.395,-0.906,0.0
8.319,0.376,-0.913,0.0
7.989,0.36,-0.922,0.0
7.61,0.342,-0.922,0.0
7.33,0.328,-0.93,0.0
7.096,0.316,-0.941,0.0
8.648,0.382,-0.902,0.0
8.287,0.365,-0.911,0.0
7.975,0.35,-0.922,0.0
7.647,0.334,-0.928,0.0
7.323,0.319,-0.93,0.0
7.071,0.307,-0.938,0.0
8.665,0.373,-0.904,0.0
8.263,0.354,-0.909,0.0
7.938,0.339,-0.918,0.0
7.63,0.325,-0.926,0.0
7.353,0.312,-0.934,0.0
7.087,0.299,-0.941,0.0
8.672,0.363,-0.905,0.0
8.28,0.345,-0.911,0.0
7.952,0.33,-0.92,0.0
7.617,0.315,-0.925,0.0
7.344,0.303,-0.933,0.0
7.074,0.29,-0.939,0.0
8.647,0.352,-0.903,0.0
8.271,0.335,-0.91,0.0
7.998,0.323,-0.925,0.0
7.574,0.304,-0.92,0.0
7.332,0.293,-0.932,0.0
7.082,0.282,-0.94,0.0
8.626,0.341,-0.9,0.0
8.294,0.326,-0.912,0.0
7.966,0.312,-0.921,0.0
7.624,0.297,-0.925,0.0
7.361,0.286,-0.935,0.0
7.086,0.274,-0.94,0.0
8.66,0.332,-0.903,0.0
8.283,0.316,-0.91,0.0
7.978,0.303,-0.922,0.0
7.643,0.289,-0.927,0.0
7.338,0.276,-0.931,0.0
7.089,0.265,-0.94,0.0
8.664,0.321,-0.902,0.0
8.282,0.306,-0.909,0.0
8.0,0.294,-0.923,0.0
7.623,0.279,-0.923,0.0
7.36,0.268,-0.933,0.0
7.096,0.257,-0.939,0.0
8.684,0.312,-0.903,0.0
8.305,0.297,-0.91,0.0
7.983,0.284,-0.919,0.0
7.629,0.27,-0.922,0.0
7.367,0.259,-0.932,0.0
7.088,0.248,-0.937,0.0
8.705,0.302,-0.903,0.0
8.278,0.286,-0.905,0.0
8.008,0.275,-0.92,0.0
7.665,0.262,-0.925,0.0
7.39,0.251,-0.933,0.0
7.096,0.24,-0.936,0.0
8.74,0.293,-0.904,0.0
8.331,0.277,-0.909,0.0
8.023,0.266,-0.92,0.0
7.712,0.254,-0.928,0.0
7.384,0.242,-0.93,0.0
7.122,0.232,-0.937,0.0
8.723,0.282,-0.9,0.0
8.348,0.268,-0.908,0.0
8.034,0.256,-0.918,0.0
7.696,0.244,-0.924,0.0
7.426,0.234,-0.933,0.0
7.135,0.223,-0.936,0.0
8.764,0.272,-0.901,0.0
8.38,0.259,-0.908,0.0
8.029,0.246,-0.915,0.0
7.717,0.235,-0.923,0.0
7.433,0.225,-0.931,0.0
7.163,0.216,-0.937,0.0
8.782,0.262,-0.899,0.0
8.372,0.248,-0.904,0.0
8.052,0.237,-0.914,0.0
7.722,0.226,-0.92,0.0
7.48,0.217,-0.933,0.0
7.183,0.207,-0.936,0.0
8.832,0.253,-0.9,0.0
8.32,0.237,-0.894,0.0
8.103,0.229,-0.916,0.0
7.755,0.218,-0.921,0.0
7.477,0.208,-0.929,0.0
7.203,0.199,-0.936,0.0
8.866,0.243,-0.9,0.0
8.357,0.227,-0.894,0.0
8.142,0.22,-0.916,0.0
7.79,0.209,-0.921,0.0
7.508,0.2,-0.929,0.0
7.217,0.191,-0.933,0.0
8.898,0.233,-0.898,0.0
8.345,0.217,-0.888,0.0
8.165,0.211,-0.914,0.0
7.835,0.201,-0.922,0.0
7.531,0.191,-0.928,0.0
7.259,0.183,-0.935,0.0
8.941,0.224,-0.897,0.0
8.545,0.212,-0.904,0.0
8.19,0.202,-0.912,0.0
7.888,0.193,-0.923,0.0
7.569,0.183,-0.928,0.0
7.292,0.175,-0.934,0.0
8.972,0.214,-0.894,0.0
8.596,0.203,-0.904,0.0
8.218,0.192,-0.91,0.0
7.913,0.184,-0.921,0.0
7.608,0.175,-0.927,0.0
7.314,0.167,-0.932,0.0
9.003,0.204,-0.891,0.0
8.647,0.194,-0.904,0.0
8.242,0.183,-0.907,0.0
7.942,0.175,-0.918,0.0
7.637,0.167,-0.925,0.0
7.339,0.159,-0.93,0.0
9.051,0.194,-0.89,0.0
8.686,0.185,-0.901,0.0
8.301,0.175,-0.907,0.0
7.984,0.166,-0.917,0.0
7.694,0.159,-0.926,0.0
7.352,0.15,-0.926,0.0
9.117,0.185,-0.889,0.0
8.74,0.175,-0.9,0.0
8.358,0.166,-0.907,0.0
8.021,0.158,-0.915,0.0
7.733,0.151,-0.925,0.0
7.406,0.143,-0.927,0.0
9.178,0.175,-0.888,0.0
8.776,0.166,-0.897,0.0
8.411,0.157,-0.906,0.0
8.077,0.149,-0.915,0.0
7.799,0.143,-0.926,0.0
7.47,0.135,-0.928,0.0
9.251,0.166,-0.887,0.0
8.813,0.157,-0.893,0.0
8.463,0.149,-0.904,0.0
8.113,0.141,-0.912,0.0
7.841,0.135,-0.924,0.0
7.537,0.128,-0.93,0.0
9.324,0.157,-0.886,0.0
8.907,0.148,-0.894,0.0
8.507,0.14,-0.901,0.0
8.187,0.133,-0.912,0.0
7.888,0.126,-0.922,0.0
7.59,0.12,-0.929,0.0
9.412,0.148,-0.885,0.0
8.979,0.139,-0.893,0.0
8.57,0.131,-0.899,0.0
8.241,0.125,-0.911,0.0
7.936,0.118,-0.92,0.0
7.632,0.112,-0.927,0.0
9.476,0.138,-0.882,0.0
9.057,0.131,-0.892,0.0
8.64,0.123,-0.898,0.0
8.312,0.116,-0.91,0.0
8.005,0.111,-0.92,0.0
7.693,0.105,-0.926,0.0
9.56,0.129,-0.88,0.0
9.118,0.121,-0.889,0.0
8.733,0.115,-0.899,0.0
8.387,0.108,-0.91,0.0
8.054,0.103,-0.917,0.0
7.761,0.097,-0.926,0.0
9.641,0.12,-0.877,0.0
9.2,0.113,-0.887,0.0
8.784,0.106,-0.894,0.0
8.433,0.1,-0.905,0.0
8.1,0.094,-0.914,0.0
7.829,0.09,-0.926,0.0
9.757,0.111,-0.877,0.0
9.319,0.104,-0.888,0.0
8.878,0.098,-0.894,0.0
8.468,0.091,-0.9,0.0
8.192,0.087,-0.915,0.0
7.891,0.082,-0.924,0.0
9.859,0.102,-0.875,0.0
9.408,0.095,-0.886,0.0
8.973,0.089,-0.893,0.0
8.593,0.084,-0.903,0.0
8.276,0.079,-0.914,0.0
7.947,0.074,-0.921,0.0
9.959,0.093,-0.872,0.0
9.5,0.087,-0.883,0.0
9.064,0.081,-0.891,0.0
8.653,0.076,-0.899,0.0
8.332,0.071,-0.91,0.0
8.02,0.067,-0.92,0.0
10.081,0.084,-0.87,0.0
9.609,0.078,-0.881,0.0
9.172,0.073,-0.891,0.0
8.761,0.068,-0.899,0.0
8.404,0.064,-0.908,0.0
8.08,0.06,-0.916,0.0
10.223,0.075,-0.87,0.0
9.713,0.069,-0.879,0.0
9.27,0.065,-0.888,0.0
8.836,0.06,-0.895,0.0
8.457,0.056,-0.902,0.0
8.165,0.052,-0.915,0.0
10.341,0.066,-0.866,0.0
9.833,0.061,-0.877,0.0
9.373,0.056,-0.886,0.0
8.955,0.052,-0.895,0.0
8.557,0.048,-0.902,0.0
8.259,0.045,-0.915,0.0
10.466,0.057,-0.863,0.0
9.952,0.052,-0.874,0.0
9.486,0.048,-0.884,0.0
9.073,0.044,-0.895,0.0
8.643,0.041,-0.899,0.0
8.329,0.038,-0.911,0.0
10.596,0.048,-0.859,0.0
10.091,0.044,-0.872,0.0
9.601,0.04,-0.881,0.0
9.174,0.037,-0.892,0.0
8.752,0.033,-0.898,0.0
8.397,0.03,-0.907,0.0
10.764,0.039,-0.858,0.0
10.241,0.035,-0.871,0.0
9.733,0.032,-0.879,0.0
9.298,0.029,-0.891,0.0
8.872,0.026,-0.897,0.0
8.486,0.023,-0.904,0.0
10.905,0.03,-0.853,0.0
10.376,0.027,-0.867,0.0
9.86,0.024,-0.877,0.0
9.408,0.021,-0.887,0.0
8.998,0.019,-0.897,0.0
8.606,0.016,-0.904,0.0
11.066,0.021,-0.849,0.0
10.511,0.018,-0.863,0.0
9.999,0.016,-0.874,0.0
9.523,0.013,-0.884,0.0
9.12,0.011,-0.895,0.0
8.707,0.009,-0.901,0.0
11.253,0.012,-0.847,0.0
10.696,0.01,-0.862,0.0
10.178,0.008,-0.874,0.0
9.665,0.006,-0.882,0.0
9.222,0.004,-0.891,0.0
8.839,0.002,-0.901,0.0
11.44,0.003,-0.843,0.0
10.856,0.002,-0.858,0.0
10.31,0.0,-0.869,0.0
9.819,-0.001,-0.881,0.0
9.365,-0.002,-0.89,0.0
8.951,-0.003,-0.899,0.0
11.629,-0.004,-0.839,0.0
10.994,-0.006,-0.851,0.0
10.497,-0.007,-0.869,0.0
9.938,-0.008,-0.876,0.0
9.495,-0.009,-0.887,0.0
9.088,-0.01,-0.898,0.0
11.812,-0.013,-0.833,0.0
11.19,-0.014,-0.849,0.0
10.632,-0.015,-0.862,0.0
10.109,-0.016,-0.875,0.0
9.641,-0.016,-0.885,0.0
9.209,-0.017,-0.894,0.0
12.037,-0.022,-0.829,0.0
11.404,-0.022,-0.846,0.0
10.785,-0.023,-0.857,0.0
10.28,-0.023,-0.872,0.0
9.773,-0.023,-0.881,0.0
9.338,-0.024,-0.891,0.0
12.27,-0.031,-0.825,0.0
11.594,-0.031,-0.841,0.0
11.007,-0.03,-0.856,0.0
10.441,-0.03,-0.869,0.0
9.936,-0.03,-0.879,0.0
9.491,-0.03,-0.89,0.0
12.499,-0.039,-0.82,0.0
11.782,-0.039,-0.835,0.0
11.157,-0.038,-0.849,0.0
10.62,-0.038,-0.865,1.0
10.093,-0.037,-0.875,0.0
9.618,-0.037,-0.885,0.0
12.748,-0.048,-0.814,0.0
12.031,-0.047,-0.831,0.0
11.392,-0.046,-0.847,0.0
10.763,-0.045,-0.858,0.0
10.281,-0.044,-0.874,0.0
9.775,-0.043,-0.883,0.0
13.025,-0.057,-0.809,0.0
12.253,-0.055,-0.825,0.0
11.601,-0.053,-0.842,0.0
11.008,-0.052,-0.858,0.0
10.46,-0.05,-0.871,0.0
9.921,-0.049,-0.878,0.0
13.305,-0.065,-0.803,0.0
12.524,-0.063,-0.821,0.0
11.819,-0.061,-0.837,0.0
11.178,-0.059,-0.851,0.0
10.618,-0.057,-0.865,1.0
10.114,-0.055,-0.877,0.0
13.587,-0.074,-0.795,1.0
12.779,-0.071,-0.815,0.0
12.044,-0.068,-0.831,0.0
11.399,-0.066,-0.847,0.0
10.809,-0.063,-0.86,0.0
10.291,-0.061,-0.873,0.0
13.874,-0.082,-0.787,0.0
13.065,-0.079,-0.809,1.0
12.296,-0.075,-0.826,0.0
11.639,-0.072,-0.844,0.0
11.024,-0.07,-0.857,0.0
10.508,-0.067,-0.872,0.0
14.226,-0.09,-0.781,1.0
13.344,-0.086,-0.802,0.0
12.554,-0.082,-0.82,0.0
11.847,-0.079,-0.837,1.0
11.245,-0.076,-0.853,0.0
10.643,-0.073,-0.863,1.0
14.585,-0.099,-0.773,1.0
13.626,-0.094,-0.793,1.0
12.836,-0.089,-0.814,0.0
12.107,-0.085,-0.832,0.0
11.484,-0.082,-0.85,0.0
10.849,-0.079,-0.859,0.0
14.97,-0.107,-0.765,1.0
13.946,-0.101,-0.786,0.0
13.131,-0.096,-0.808,1.0
12.38,-0.092,-0.828,0.0
11.689,-0.088,-0.842,0.0
11.081,-0.084,-0.856,0.0
15.343,-0.115,-0.755,1.0
14.305,-0.109,-0.778,1.0
13.441,-0.103,-0.801,1.0
12.623,-0.098,-0.819,1.0
11.923,-0.093,-0.836,0.0
11.327,-0.09,-0.853,0.0
15.818,-0.124,-0.748,1.0
14.723,-0.116,-0.773,1.0
13.757,-0.11,-0.793,0.0
12.938,-0.104,-0.815,0.0
12.197,-0.099,-0.832,0.0
11.544,-0.095,-0.847,0.0
16.252,-0.132,-0.737,1.0
15.103,-0.123,-0.763,1.0
14.087,-0.116,-0.785,1.0
13.218,-0.11,-0.807,1.0
12.469,-0.104,-0.826,1.0
11.777,-0.099,-0.841,0.0
16.805,-0.14,-0.729,1.0
15.496,-0.13,-0.753,1.0
14.467,-0.123,-0.778,1.0
13.543,-0.116,-0.8,1.0
12.767,-0.11,-0.82,0.0
12.038,-0.104,-0.836,0.0
17.374,-0.149,-0.719,1.0
15.982,-0.138,-0.745,1.0
14.864,-0.129,-0.769,1.0
13.858,-0.121,-0.791,1.0
13.085,-0.115,-0.814,1.0
12.321,-0.109,-0.831,0.0
17.939,-0.157,-0.707,1.0
16.466,-0.145,-0.734,1.0
15.279,-0.135,-0.76,1.0
14.241,-0.126,-0.784,1.0
13.393,-0.119,-0.806,1.0
12.588,-0.113,-0.823,0.0
18.498,-0.164,-0.691,1.0
17.035,-0.152,-0.725,1.0
15.756,-0.141,-0.752,1.0
14.634,-0.131,-0.776,1.0
13.69,-0.123,-0.797,0.0
12.923,-0.117,-0.819,0.0
19.183,-0.172,-0.679,1.0
17.639,-0.159,-0.715,1.0
16.2,-0.146,-0.741,1.0
15.066,-0.136,-0.768,1.0
14.055,-0.128,-0.789,1.0
13.209,-0.12,-0.81,1.0
19.902,-0.18,-0.664,2.0
18.208,-0.165,-0.701,1.0
16.799,-0.152,-0.734,1.0
15.493,-0.141,-0.758,1.0
14.438,-0.132,-0.781,1.0
13.543,-0.124,-0.803,1.0
20.624,-0.186,-0.646,2.0
18.818,-0.17,-0.686,1.0
17.362,-0.158,-0.723,1.0
15.953,-0.145,-0.748,1.0
14.861,-0.135,-0.774,1.0
13.866,-0.126,-0.794,0.0
21.514,-0.194,-0.63,1.0
19.574,-0.177,-0.674,1.0
17.927,-0.162,-0.71,1.0
16.453,-0.149,-0.738,1.0
15.272,-0.138,-0.764,1.0
14.253,-0.129,-0.787,1.0
22.481,-0.202,-0.612,1.0
20.258,-0.182,-0.655,2.0
18.483,-0.166,-0.694,1.0
17.045,-0.153,-0.729,1.0
15.744,-0.141,-0.755,1.0
14.648,-0.131,-0.778,1.0
23.454,-0.208,-0.59,2.0
21.069,-0.187,-0.639,1.0
19.209,-0.17,-0.681,1.0
17.63,-0.156,-0.718,1.0
16.225,-0.144,-0.745,1.0
15.084,-0.133,-0.77,1.0
24.455,-0.214,-0.565,1.0
22.03,-0.192,-0.622,1.0
19.94,-0.174,-0.666,2.0
18.223,-0.159,-0.704,2.0
16.793,-0.146,-0.736,1.0
15.516,-0.135,-0.76,1.0
25.73,-0.221,-0.541,2.0
23.047,-0.197,-0.603,1.0
20.712,-0.177,-0.649,1.0
18.848,-0.16,-0.69,1.0
17.37,-0.147,-0.725,1.0
16.029,-0.136,-0.752,1.0
26.773,-0.224,-0.508,2.0
23.952,-0.2,-0.577,1.0
21.585,-0.179,-0.631,2.0
19.615,-0.162,-0.676,2.0
17.984,-0.148,-0.713,1.0
16.527,-0.136,-0.741,1.0
28.065,-0.228,-0.473,2.0
25.134,-0.203,-0.553,1.0
22.611,-0.182,-0.614,1.0
20.331,-0.163,-0.659,2.0
18.552,-0.148,-0.697,1.0
17.132,-0.136,-0.732,1.0
29.342,-0.23,-0.434,2.0
26.364,-0.206,-0.526,2.0
23.587,-0.183,-0.592,2.0
21.209,-0.163,-0.643,3.0
19.292,-0.148,-0.684,1.0
17.701,-0.135,-0.719,1.0
30.667,-0.23,-0.389,2.0
27.43,-0.205,-0.489,2.0
24.571,-0.182,-0.565,2.0
22.185,-0.163,-0.627,2.0
19.993,-0.146,-0.667,3.0
18.282,-0.133,-0.704,1.0
32.729,-0.234,-0.347,1.0
28.929,-0.205,-0.456,1.0
25.908,-0.182,-0.541,1.0
23.12,-0.161,-0.604,1.0
20.868,-0.144,-0.653,2.0
18.933,-0.13,-0.69,1.0
39.648,-0.268,-0.337,0.0
30.091,-0.201,-0.411,1.0
26.962,-0.178,-0.507,2.0
24.086,-0.158,-0.579,2.0
21.774,-0.141,-0.636,3.0
19.714,-0.126,-0.677,2.0
42.032,-0.265,-0.27,3.0
31.815,-0.199,-0.368,1.0
28.354,-0.175,-0.474,1.0
25.254,-0.154,-0.555,1.0
22.763,-0.137,-0.617,1.0
20.467,-0.122,-0.661,2.0
41.291,-0.241,-0.179,4.0
34.248,-0.197,-0.325,0.0
29.59,-0.168,-0.433,2.0
26.476,-0.148,-0.527,2.0
23.704,-0.131,-0.594,2.0
21.324,-0.116,-0.644,3.0
42.179,-0.225,-0.097,3.0
39.631,-0.208,-0.295,1.0
30.938,-0.16,-0.39,1.0
27.687,-0.14,-0.494,2.0
24.625,-0.123,-0.566,1.0
22.265,-0.109,-0.627,2.0
47.161,-0.225,-0.011,22.0
39.6,-0.186,-0.213,6.0
33.091,-0.152,-0.349,1.0
29.04,-0.131,-0.458,2.0
25.993,-0.114,-0.544,1.0
23.219,-0.1,-0.606,2.0
55.676,-0.234,0.1,30.0
42.019,-0.172,-0.14,10.0
37.191,-0.149,-0.316,1.0
30.09,-0.117,-0.413,1.0
27.044,-0.102,-0.511,1.0
24.23,-0.089,-0.582,1.0
61.368,-0.219,0.238,14.0
45.345,-0.157,-0.057,20.0
39.158,-0.131,-0.251,6.0
32.016,-0.104,-0.374,1.0
28.351,-0.089,-0.477,1.0
25.341,-0.077,-0.557,1.0
76.477,-0.223,0.453,15.0
0.0,0.0,0.0,0.0
40.533,-0.109,-0.178,16.0
33.971,-0.087,-0.328,0.0
29.626,-0.073,-0.438,2.0
26.519,-0.062,-0.529,2.0
79.383,-0.176,0.631,150.0
56.121,-0.117,0.157,17.0
42.442,-0.084,-0.1,17.0
38.663,-0.072,-0.295,3.0
31.095,-0.054,-0.397,1.0
27.626,-0.044,-0.496,1.0
79.467,-0.118,0.792,151.0
76.087,-0.104,0.365,13.0
46.163,-0.057,-0.016,10.0
39.351,-0.043,-0.221,15.0
33.059,-0.032,-0.356,1.0
29.035,-0.025,-0.463,2.0
79.466,-0.057,0.951,152.0
79.187,-0.047,0.538,10.0
0.0,0.0,0.0,0.0
40.704,-0.013,-0.148,17.0
38.179,-0.007,-0.337,3.0
30.108,-0.002,-0.421,2.0
79.463,0.005,1.107,151.0
79.453,0.016,0.696,151.0
61.612,0.021,0.222,11.0
0.0,0.0,0.0,0.0
38.649,0.024,-0.263,13.0
31.693,0.024,-0.38,1.0
79.452,0.072,1.265,158.0
79.47,0.083,0.855,151.0
76.03,0.091,0.425,18.0
47.861,0.064,0.014,21.0
39.426,0.058,-0.191,39.0
33.479,0.055,-0.335,0.0
79.456,0.141,1.423,155.0
79.462,0.153,1.011,153.0
79.48,0.165,0.6,24.0
54.917,0.123,0.125,29.0
43.814,0.104,-0.126,4.0
38.096,0.097,-0.307,4.0
79.459,0.214,1.579,151.0
79.452,0.226,1.167,158.0
79.468,0.239,0.756,150.0
59.195,0.187,0.249,10.0
0.0,0.0,0.0,0.0
38.639,0.134,-0.236,17.0
79.44,0.288,1.732,150.0
79.456,0.302,1.32,163.0
79.434,0.315,0.909,150.0
59.345,0.245,0.365,25.0
54.372,0.233,0.052,27.0
39.604,0.176,-0.166,39.0
59.292,0.274,1.407,140.0
59.289,0.283,1.099,107.0
59.292,0.293,0.791,139.0
59.291,0.303,0.478,130.0
54.97,0.291,0.158,58.0
44.604,0.243,-0.103,19.0
48.163,0.27,1.234,77.0
48.171,0.279,0.984,65.0
48.165,0.287,0.734,60.0
48.17,0.296,0.48,52.0
48.179,0.304,0.229,58.0
46.95,0.305,-0.02,35.0
48.132,0.32,1.324,106.0
48.134,0.329,1.074,101.0
48.119,0.338,0.823,94.0
48.083,0.346,0.568,80.0
48.079,0.355,0.318,59.0
48.012,0.363,0.068,69.0
48.121,0.372,1.413,115.0
48.122,0.381,1.163,114.0
48.102,0.389,0.911,112.0
48.064,0.398,0.655,114.0
48.048,0.406,0.404,103.0
48.023,0.415,0.154,92.0
48.135,0.424,1.501,102.0
48.123,0.433,1.249,113.0
48.112,0.442,0.998,110.0
48.081,0.451,0.742,108.0
48.063,0.46,0.491,97.0
48.042,0.469,0.241,92.0
48.162,0.478,1.588,85.0
48.138,0.488,1.336,92.0
48.127,0.497,1.085,99.0
48.118,0.506,0.828,93.0
48.099,0.515,0.577,102.0
48.07,0.524,0.326,87.0
55.025,0.61,1.913,49.0
55.055,0.622,1.626,7.0
48.193,0.554,1.171,53.0
48.175,0.563,0.915,50.0
48.158,0.573,0.663,53.0
48.113,0.582,0.411,81.0
55.026,0.676,2.01,130.0
55.021,0.687,1.722,121.0
55.05,0.698,1.435,75.0
55.1,0.71,1.142,10.0
127.328,1.668,1.974,23.0
94.498,1.257,0.97,3.0
55.034,0.742,2.105,112.0
55.048,0.754,1.818,87.0
55.114,0.766,1.531,2.0
190.05,2.684,4.266,21.0
189.33,2.714,3.26,19.0
121.267,1.764,1.453,14.0
55.082,0.812,2.201,66.0
132.935,1.987,4.616,27.0
162.666,2.467,4.797,21.0
176.271,2.712,4.257,16.0
189.931,2.962,3.589,29.0
126.451,1.999,1.727,36.0
130.24,2.085,5.425,31.0
161.775,2.624,5.888,14.0
132.971,2.185,4.141,20.0
160.021,2.665,4.127,5.0
190.083,3.206,3.905,19.0
127.204,2.174,1.946,35.0
130.18,2.254,5.639,28.0
174.582,3.06,6.643,14.0
132.845,2.358,4.357,35.0
160.062,2.875,4.391,14.0
128.14,2.33,2.842,23.0
127.874,2.354,2.164,31.0
128.302,2.391,5.766,9.0
127.977,2.413,5.078,17.0
128.043,2.444,4.407,24.0
128.027,2.471,3.719,42.0
128.033,2.501,3.046,39.0
128.09,2.532,2.374,9.0
127.815,2.555,5.95,15.0
127.885,2.585,5.279,25.0
128.018,2.617,4.609,66.0
128.024,2.647,3.923,59.0
128.101,2.679,3.251,50.0
128.177,2.709,2.576,17.0
128.313,2.742,6.175,7.0
127.78,2.76,5.476,36.0
152.473,3.328,5.728,36.0
159.755,3.525,5.144,27.0
162.33,3.618,4.368,4.0
0.0,0.0,0.0,0.0
122.801,2.795,6.098,24.0
127.669,2.936,5.665,20.0
152.529,3.544,5.963,26.0
152.677,3.583,5.147,30.0
159.341,3.776,4.528,17.0
146.456,3.506,3.389,9.0
122.658,2.966,6.277,17.0
153.533,3.749,7.044,14.0
130.637,3.222,5.303,26.0
152.408,3.794,5.363,33.0
138.011,3.469,4.126,14.0
100.319,2.546,2.469,12.0
123.131,3.157,6.485,51.0
122.737,3.176,5.812,26.0
152.256,3.975,6.402,32.0
152.071,4.007,5.574,49.0
152.839,4.063,4.79,38.0
154.094,4.135,4.014,31.0
122.945,3.332,6.652,17.0
122.621,3.352,5.982,40.0
151.782,4.184,6.597,31.0
151.952,4.226,5.783,42.0
152.604,4.281,4.998,43.0
154.0,4.358,4.226,38.0
124.151,3.547,6.891,16.0
122.657,3.535,6.155,38.0
152.182,4.422,6.827,20.0
151.962,4.453,5.993,35.0
152.258,4.499,5.196,36.0
154.106,4.591,4.441,9.0
0.0,0.0,0.0,0.0
123.041,3.731,6.342,49.0
133.643,4.085,6.177,24.0
152.172,4.687,6.207,36.0
152.275,4.728,5.4,30.0
158.275,4.954,4.771,8.0
73.984,2.337,4.307,37.0
125.434,3.993,6.632,27.0
133.65,4.288,6.354,32.0
152.514,4.931,6.421,36.0
152.698,4.976,5.616,31.0
159.287,5.231,5.01,7.0
73.791,2.445,4.392,37.0
73.868,2.466,4.001,25.0
124.802,4.197,6.094,20.0
152.693,5.172,6.625,28.0
152.8,5.213,5.812,38.0
157.478,5.413,5.15,5.0
65.014,2.254,3.951,32.0
73.771,2.576,4.089,44.0
74.05,2.604,3.707,8.0
152.869,5.413,6.82,29.0
152.566,5.441,5.989,23.0
153.607,5.516,5.209,20.0
73.347,2.657,4.547,15.0
73.661,2.686,4.171,29.0
73.82,2.711,3.784,43.0
123.824,4.578,5.672,22.0
124.362,4.629,5.031,24.0
153.395,5.75,5.384,15.0
73.327,2.772,4.633,29.0
73.352,2.791,4.241,24.0
73.663,2.822,3.863,41.0
123.65,4.767,5.807,18.0
124.293,4.824,5.171,22.0
157.789,6.165,5.72,16.0
73.29,2.888,4.716,27.0
65.186,2.584,3.843,19.0
73.512,2.932,3.938,12.0
124.324,4.99,5.978,24.0
130.38,5.267,5.569,13.0
161.239,6.555,6.023,9.0
73.458,3.011,4.808,17.0
73.344,3.024,4.404,22.0
73.284,3.039,4.005,50.0
132.366,5.524,6.509,9.0
124.48,5.227,5.451,30.0
124.582,5.264,4.786,7.0
73.543,3.133,4.892,14.0
73.248,3.139,4.477,38.0
73.225,3.155,4.079,41.0
132.407,5.74,6.649,13.0
124.485,5.428,5.581,17.0
124.457,5.459,4.908,27.0
73.372,3.244,4.956,32.0
73.178,3.254,4.547,38.0
73.419,3.283,4.165,7.0
123.275,5.545,6.315,25.0
130.042,5.881,5.959,27.0
124.344,5.656,5.028,33.0
73.663,3.377,5.049,11.0
127.849,5.894,8.07,25.0
73.375,3.4,4.234,37.0
123.52,5.756,6.446,29.0
129.644,6.075,6.065,24.0
129.87,6.118,5.374,10.0
73.639,3.496,5.118,37.0
128.066,6.113,8.204,9.0
73.265,3.516,4.296,28.0
123.289,5.948,6.549,52.0
129.402,6.275,6.172,20.0
160.259,7.813,6.777,10.0
73.589,3.616,5.181,38.0
149.859,7.401,9.737,24.0
73.415,3.643,4.37,33.0
132.006,6.585,7.129,13.0
132.338,6.635,6.429,9.0
129.553,6.528,5.592,12.0
73.686,3.742,5.252,18.0
150.519,7.683,9.909,21.0
127.073,6.517,7.674,29.0
149.995,7.732,8.229,21.0
33.439,1.732,1.652,8.0
131.989,6.869,5.806,13.0
124.971,6.555,9.013,26.0
154.845,8.159,10.321,23.0
127.373,6.743,7.796,24.0
162.415,8.638,9.04,13.0
33.474,1.788,1.68,81.0
162.424,8.722,7.273,27.0
71.652,3.877,5.223,28.0
124.635,6.773,8.405,24.0
127.921,6.983,7.927,27.0
127.142,6.972,7.173,27.0
33.433,1.841,1.704,33.0
162.23,8.977,7.384,36.0
71.766,4.002,5.285,42.0
71.897,4.026,4.901,23.0
127.844,7.189,8.015,18.0
127.281,7.189,7.272,32.0
33.434,1.896,1.727,8.0
33.477,1.907,1.547,1.0
71.69,4.115,5.33,34.0
71.808,4.14,4.945,17.0
127.832,7.401,8.104,28.0
127.252,7.399,7.357,35.0
33.42,1.951,1.749,3.0
161.976,9.499,7.595,38.0
71.649,4.233,5.374,27.0
124.984,7.413,8.689,20.0
67.091,3.995,4.296,12.0
128.24,7.669,7.496,28.0
128.239,7.701,6.793,38.0
127.748,7.704,6.069,30.0
78.657,4.778,5.949,38.0
67.127,4.094,4.708,35.0
71.129,4.354,4.597,16.0
67.179,4.129,3.967,7.0
128.392,7.923,6.878,28.0
127.728,7.914,6.143,11.0
78.572,4.904,5.988,41.0
67.16,4.207,4.748,31.0
67.072,4.218,4.373,32.0
67.061,4.234,3.997,43.0
128.259,8.128,6.94,24.0
157.996,10.051,7.683,35.0
66.356,4.252,5.093,28.0
67.257,4.325,4.791,41.0
67.086,4.33,4.409,40.0
66.983,4.34,4.027,39.0
128.094,8.329,6.997,25.0
33.419,2.181,1.641,27.0
66.029,4.341,5.1,28.0
67.257,4.437,4.824,30.0
66.989,4.435,4.435,34.0
67.319,4.473,4.079,38.0
128.487,8.568,7.077,32.0
33.397,2.235,1.655,50.0
0.0,0.0,0.0,0.0
67.045,4.534,4.839,42.0
67.544,4.584,4.501,32.0
67.342,4.585,4.109,22.0
128.495,8.778,7.132,8.0
33.4,2.289,1.669,45.0
65.554,4.526,5.12,42.0
67.005,4.641,4.862,32.0
67.645,4.701,4.534,22.0
67.221,4.686,4.127,6.0
157.723,11.033,8.813,4.0
33.378,2.342,1.681,77.0
64.285,4.543,5.045,38.0
67.246,4.768,4.904,41.0
67.564,4.805,4.552,41.0
70.807,5.051,4.372,7.0
157.47,11.27,8.851,24.0
33.396,2.397,1.692,1.0
64.344,4.652,5.07,41.0
67.427,4.889,4.938,12.0
67.554,4.913,4.572,28.0
70.92,5.174,4.4,5.0
157.063,11.496,8.875,10.0
134.852,9.9,6.874,7.0
66.645,4.926,5.27,8.0
64.401,4.775,4.734,10.0
70.729,5.259,4.806,47.0
70.894,5.287,4.416,7.0
132.894,9.939,7.542,12.0
132.661,9.951,6.794,11.0
64.556,4.875,5.12,41.0
67.921,5.144,5.009,19.0
67.537,5.129,4.604,23.0
131.015,9.979,8.191,17.0
130.825,9.994,7.451,11.0
130.639,10.008,6.716,8.0
65.358,5.041,5.197,10.0
67.917,5.252,5.021,9.0
67.596,5.24,4.621,43.0
128.875,10.019,8.079,12.0
128.777,10.04,7.357,9.0
128.548,10.049,6.629,9.0
63.484,4.996,5.057,18.0
65.459,5.165,4.849,18.0
74.644,5.905,5.112,11.0
74.56,5.914,4.683,23.0
74.585,5.931,4.27,23.0
74.687,5.956,3.86,13.0
66.308,5.322,5.29,9.0
65.476,5.269,4.857,18.0
74.606,6.019,5.117,28.0
74.482,6.024,4.685,23.0
74.524,6.043,4.272,22.0
74.549,6.06,3.859,28.0
66.175,5.415,5.284,43.0
65.536,5.375,4.866,17.0
75.93,6.242,5.212,41.0
74.558,6.145,4.694,13.0
74.507,6.155,4.274,15.0
74.574,6.177,3.862,26.0
66.739,5.564,5.331,43.0
65.546,5.476,4.868,11.0
74.906,6.272,5.143,11.0
75.933,6.374,4.781,17.0
121.392,10.215,6.965,13.0
103.171,8.702,5.343,12.0
66.294,5.626,5.295,33.0
66.179,5.629,4.914,42.0
74.345,6.338,5.102,52.0
75.896,6.485,4.776,30.0
120.798,10.344,6.927,24.0
103.173,8.856,5.338,15.0
66.409,5.736,5.3,34.0
66.355,5.744,4.923,29.0
72.645,6.302,4.981,27.0
75.777,6.588,4.763,12.0
119.097,10.379,6.818,10.0
119.086,10.4,6.151,26.0
65.912,5.792,5.254,23.0
66.396,5.847,4.919,36.0
74.328,6.558,5.089,9.0
75.819,6.703,4.757,9.0
149.437,13.241,8.538,7.0
0.0,0.0,0.0,0.0
66.525,5.942,5.294,20.0
66.869,5.985,4.945,17.0
74.173,6.652,5.068,7.0
76.028,6.832,4.759,27.0
115.156,10.37,6.561,7.0
114.996,10.378,5.906,10.0
66.075,5.999,5.247,34.0
66.153,6.017,4.88,42.0
66.072,6.021,4.501,34.0
76.166,6.954,4.752,24.0
114.687,10.493,6.511,32.0
114.719,10.516,5.869,20.0
13.843,1.276,1.096,3.0
13.835,1.278,1.017,5.0
13.833,1.28,0.939,9.0
13.815,1.28,0.858,9.0
13.835,1.285,0.782,4.0
13.819,1.286,0.703,5.0
13.818,1.293,1.091,22.0
13.823,1.296,1.013,22.0
13.804,1.296,0.933,28.0
13.815,1.299,0.855,28.0
13.81,1.301,0.777,18.0
13.808,1.304,0.699,24.0
13.81,1.311,1.086,31.0
13.815,1.314,1.008,31.0
13.803,1.315,0.929,36.0
13.804,1.317,0.85,37.0
13.803,1.319,0.772,33.0
13.799,1.321,0.694,33.0
13.792,1.328,1.08,32.0
13.786,1.329,1.001,26.0
13.785,1.331,0.923,135.0
13.794,1.334,0.844,39.0
13.783,1.336,0.766,38.0
13.782,1.338,0.688,35.0
13.785,1.345,1.074,36.0
13.772,1.346,0.995,36.0
13.773,1.348,0.917,116.0
13.771,1.35,0.838,40.0
13.787,1.354,0.761,70.0
13.773,1.355,0.682,37.0
13.774,1.362,1.068,41.0
13.751,1.361,0.988,34.0
13.761,1.364,0.911,100.0
13.768,1.367,0.832,76.0
13.785,1.371,0.755,97.0
13.771,1.372,0.676,38.0
13.763,1.378,1.061,41.0
13.75,1.379,0.982,35.0
13.758,1.381,0.905,150.0
13.765,1.384,0.825,132.0
13.775,1.387,0.748,102.0
13.765,1.388,0.67,39.0
13.757,1.394,1.054,41.0
13.754,1.396,0.976,86.0
13.754,1.398,0.897,150.0
13.758,1.4,0.818,150.0
13.77,1.403,0.741,106.0
13.762,1.405,0.663,39.0
13.756,1.411,1.047,69.0
13.76,1.413,0.969,150.0
13.754,1.414,0.89,150.0
13.753,1.416,0.811,150.0
13.769,1.42,0.734,107.0
13.76,1.421,0.655,38.0
13.754,1.427,1.039,40.0
13.762,1.43,0.962,150.0
13.752,1.43,0.883,150.0
13.756,1.432,0.803,150.0
13.77,1.436,0.726,101.0
13.762,1.437,0.648,37.0
13.758,1.443,1.032,64.0
13.761,1.445,0.954,150.0
13.745,1.445,0.874,136.0
13.755,1.448,0.795,129.0
13.774,1.452,0.718,100.0
13.761,1.452,0.639,36.0
13.763,1.459,1.024,112.0
13.76,1.46,0.945,150.0
13.753,1.461,0.866,150.0
13.762,1.464,0.787,121.0
13.773,1.467,0.709,99.0
13.763,1.467,0.631,35.0
13.769,1.475,1.015,104.0
13.758,1.475,0.936,150.0
13.749,1.475,0.857,50.0
13.765,1.479,0.778,109.0
13.776,1.481,0.7,61.0
13.775,1.483,0.622,34.0
13.775,1.49,1.006,77.0
13.762,1.489,0.927,150.0
13.753,1.49,0.848,36.0
13.763,1.493,0.769,74.0
13.785,1.496,0.691,38.0
13.788,1.499,0.613,32.0
13.774,1.503,0.997,50.0
13.754,1.503,0.917,150.0
13.758,1.504,0.838,103.0
13.771,1.507,0.759,39.0
13.79,1.511,0.682,34.0
13.794,1.513,0.603,28.0
13.777,1.517,0.987,38.0
13.751,1.515,0.906,150.0
13.766,1.518,0.829,135.0
13.789,1.522,0.75,35.0
13.806,1.525,0.672,30.0
13.803,1.527,0.593,24.0
13.776,1.53,0.976,32.0
13.758,1.529,0.896,135.0
13.769,1.531,0.818,100.0
13.802,1.536,0.74,29.0
24.391,2.718,1.169,19.0
13.83,1.542,0.584,12.0
13.786,1.544,0.966,28.0
13.762,1.542,0.885,40.0
13.784,1.546,0.808,36.0
13.804,1.549,0.729,11.0
24.36,2.736,1.147,162.0
24.359,2.738,1.009,16.0
13.768,1.553,0.953,13.0
13.742,1.551,0.873,21.0
13.776,1.556,0.796,15.0
24.479,2.768,1.273,1.0
24.369,2.757,1.128,163.0
24.363,2.759,0.989,14.0
13.791,1.567,0.943,9.0
13.749,1.563,0.862,16.0
13.802,1.57,0.786,6.0
24.481,2.788,1.252,1.0
24.431,2.784,1.11,152.0
24.349,2.777,0.967,7.0
13.786,1.577,0.931,4.0
13.77,1.576,0.851,8.0
9.994,1.145,0.56,14.0
9.983,1.144,0.501,13.0
24.388,2.798,1.086,3.0
24.346,2.795,0.945,2.0
10.008,1.153,0.667,28.0
10.011,1.153,0.61,69.0
9.999,1.153,0.551,41.0
10.002,1.154,0.493,19.0
10.005,1.155,0.436,19.0
9.999,1.155,0.379,17.0
10.004,1.159,0.657,78.0
10.006,1.16,0.6,116.0
10.0,1.16,0.542,112.0
9.995,1.16,0.484,57.0
10.009,1.162,0.427,53.0
10.004,1.162,0.37,20.0
9.994,1.165,0.647,79.0
9.999,1.166,0.59,133.0
9.993,1.166,0.532,132.0
9.998,1.167,0.474,78.0
9.995,1.167,0.417,69.0
10.002,1.168,0.36,29.0
9.996,1.171,0.638,85.0
9.995,1.171,0.58,144.0
9.987,1.171,0.522,124.0
9.983,1.171,0.464,84.0
9.99,1.172,0.407,75.0
9.995,1.173,0.35,35.0
9.978,1.175,0.627,77.0
9.994,1.177,0.57,144.0
9.984,1.176,0.512,126.0
9.982,1.176,0.454,81.0
9.99,1.178,0.397,75.0
9.987,1.178,0.34,36.0
9.987,1.181,0.617,86.0
9.981,1.181,0.559,149.0
9.974,1.18,0.502,142.0
9.973,1.18,0.444,94.0
9.98,1.182,0.387,76.0
9.981,1.182,0.33,36.0
9.977,1.185,0.606,87.0
9.983,1.186,0.549,150.0
9.976,1.185,0.492,150.0
9.972,1.185,0.433,102.0
9.978,1.186,0.376,103.0
9.983,1.187,0.319,42.0
9.973,1.189,0.596,96.0
9.983,1.19,0.539,150.0
9.979,1.19,0.481,150.0
9.979,1.19,0.423,105.0
9.984,1.191,0.366,112.0
9.98,1.191,0.309,51.0
9.974,1.193,0.585,103.0
9.972,1.193,0.528,150.0
9.981,1.194,0.471,150.0
9.979,1.194,0.412,107.0
9.978,1.194,0.355,103.0
9.975,1.194,0.298,52.0
9.968,1.196,0.574,97.0
9.978,1.197,0.517,150.0
9.977,1.197,0.46,150.0
9.969,1.197,0.401,104.0
9.975,1.198,0.344,107.0
9.974,1.198,0.287,50.0
9.976,1.2,0.564,103.0
9.974,1.2,0.506,150.0
9.97,1.2,0.449,150.0
9.968,1.199,0.39,112.0
9.971,1.2,0.333,104.0
9.973,1.201,0.276,60.0
9.968,1.202,0.552,105.0
9.974,1.203,0.495,150.0
9.976,1.203,0.438,150.0
9.962,1.201,0.379,116.0
9.975,1.203,0.322,104.0
9.977,1.204,0.265,67.0
9.969,1.205,0.541,109.0
9.974,1.205,0.484,150.0
9.977,1.205,0.427,150.0
9.969,1.204,0.368,118.0
9.975,1.205,0.311,111.0
9.972,1.205,0.254,65.0
9.971,1.207,0.53,108.0
9.971,1.206,0.472,150.0
9.977,1.207,0.415,150.0
9.97,1.206,0.357,112.0
9.973,1.207,0.3,106.0
9.972,1.207,0.242,64.0
9.971,1.208,0.518,108.0
9.973,1.208,0.461,150.0
9.977,1.208,0.404,150.0
9.969,1.207,0.345,124.0
9.972,1.208,0.288,115.0
9.97,1.207,0.231,64.0
9.97,1.209,0.507,117.0
9.972,1.209,0.449,150.0
9.974,1.209,0.392,150.0
9.97,1.208,0.334,117.0
9.977,1.209,0.277,112.0
9.969,1.208,0.219,64.0
9.97,1.209,0.495,102.0
9.976,1.21,0.438,150.0
9.973,1.209,0.38,150.0
9.968,1.208,0.322,121.0
9.978,1.209,0.265,110.0
9.97,1.208,0.208,60.0
9.971,1.209,0.483,103.0
9.976,1.21,0.426,150.0
9.971,1.209,0.369,150.0
9.964,1.208,0.31,117.0
9.968,1.208,0.253,118.0
9.97,1.208,0.196,58.0
9.972,1.209,0.472,113.0
9.972,1.209,0.414,150.0
9.966,1.208,0.357,150.0
9.964,1.207,0.298,115.0
9.974,1.208,0.242,105.0
9.971,1.208,0.184,56.0
9.971,1.208,0.46,102.0
9.977,1.208,0.403,150.0
9.972,1.207,0.345,150.0
9.971,1.207,0.287,107.0
9.973,1.207,0.23,104.0
9.969,1.206,0.172,59.0
9.972,1.207,0.448,101.0
9.978,1.207,0.391,150.0
9.969,1.206,0.333,150.0
9.972,1.206,0.275,110.0
9.977,1.206,0.218,108.0
9.975,1.205,0.161,53.0
9.972,1.205,0.436,103.0
9.975,1.205,0.379,150.0
9.975,1.204,0.321,150.0
9.966,1.203,0.263,113.0
9.972,1.203,0.206,100.0
9.965,1.202,0.149,56.0
9.968,1.202,0.424,98.0
9.973,1.202,0.367,150.0
9.972,1.202,0.309,150.0
9.968,1.201,0.251,99.0
9.974,1.201,0.194,102.0
9.975,1.201,0.137,52.0
9.976,1.201,0.412,104.0
9.976,1.2,0.355,150.0
9.971,1.199,0.297,150.0
9.965,1.197,0.239,102.0
9.975,1.198,0.182,94.0
9.982,1.198,0.125,50.0
9.972,1.197,0.4,100.0
9.974,1.196,0.343,150.0
9.978,1.196,0.286,150.0
9.977,1.195,0.228,103.0
9.976,1.195,0.17,89.0
9.985,1.195,0.113,48.0
9.975,1.193,0.388,92.0
9.981,1.193,0.331,147.0
9.979,1.192,0.274,150.0
9.974,1.191,0.216,92.0
9.984,1.192,0.158,81.0
9.98,1.191,0.101,33.0
9.978,1.19,0.377,92.0
9.984,1.19,0.319,145.0
9.98,1.188,0.262,131.0
9.982,1.188,0.204,79.0
9.986,1.188,0.147,69.0
9.986,1.187,0.089,38.0
9.982,1.186,0.365,82.0
9.989,1.186,0.308,148.0
9.987,1.185,0.25,129.0
9.983,1.183,0.192,76.0
9.995,1.184,0.135,82.0
9.986,1.182,0.078,39.0
9.989,1.181,0.353,77.0
9.991,1.181,0.296,148.0
9.986,1.179,0.239,132.0
9.987,1.179,0.18,73.0
9.996,1.179,0.123,75.0
9.993,1.178,0.066,30.0
9.99,1.176,0.342,73.0
9.997,1.176,0.284,141.0
9.994,1.175,0.227,126.0
9.993,1.174,0.169,74.0
10.003,1.174,0.112,62.0
9.999,1.173,0.054,21.0
10.0,1.171,0.33,87.0
10.003,1.171,0.273,133.0
9.995,1.169,0.215,98.0
10.003,1.169,0.157,46.0
10.008,1.168,0.1,22.0
10.001,1.167,0.043,19.0
10.011,1.166,0.319,62.0
10.001,1.164,0.261,76.0
10.005,1.163,0.204,35.0
10.003,1.162,0.146,18.0
10.004,1.161,0.088,16.0
10.004,1.16,0.031,14.0
10.01,1.159,0.307,19.0
10.016,1.159,0.25,17.0
24.319,2.811,0.468,2.0
24.325,2.81,0.327,5.0
24.409,2.817,0.188,4.0
24.336,2.806,0.049,3.0
24.35,2.803,0.72,8.0
24.331,2.798,0.58,5.0
24.281,2.789,0.44,13.0
24.384,2.798,0.3,7.0
24.38,2.795,0.16,10.0
24.319,2.786,0.021,7.0
24.353,2.784,0.692,8.0
24.3,2.775,0.552,12.0
24.289,2.771,0.413,28.0
24.391,2.78,0.272,16.0
24.353,2.773,0.132,20.0
24.327,2.768,-0.006,32.0
24.334,2.762,0.664,21.0
24.305,2.756,0.524,37.0
24.31,2.753,0.385,42.0
24.378,2.758,0.245,27.0
24.338,2.751,0.105,19.0
24.308,2.745,-0.033,23.0
24.32,2.74,0.637,27.0
24.308,2.735,0.497,18.0
24.302,2.731,0.359,20.0
24.39,2.738,0.218,20.0
24.35,2.731,0.079,3.0
24.334,2.726,-0.059,1.0
24.324,2.718,0.61,12.0
13.809,1.541,0.267,17.0
24.348,2.714,0.333,1.0
24.391,2.716,0.191,2.0
13.852,1.54,0.029,13.0
13.841,1.538,-0.049,18.0
13.816,1.531,0.331,19.0
13.806,1.528,0.252,28.0
13.804,1.525,0.173,19.0
13.799,1.523,0.093,18.0
13.806,1.522,0.014,19.0
13.82,1.522,-0.064,20.0
13.804,1.515,0.316,32.0
13.803,1.513,0.237,33.0
13.801,1.511,0.158,31.0
13.798,1.509,0.078,28.0
13.797,1.507,0.0,28.0
13.799,1.505,-0.078,24.0
13.802,1.501,0.301,35.0
13.797,1.498,0.222,39.0
13.799,1.496,0.144,47.0
13.789,1.494,0.064,34.0
13.8,1.493,-0.014,33.0
13.788,1.49,-0.092,28.0
13.784,1.484,0.287,36.0
13.784,1.482,0.208,61.0
13.781,1.48,0.129,60.0
13.779,1.477,0.05,37.0
13.786,1.476,-0.028,34.0
13.77,1.473,-0.106,32.0
13.774,1.468,0.272,37.0
13.771,1.466,0.194,49.0
13.786,1.465,0.116,117.0
13.774,1.462,0.036,38.0
13.775,1.46,-0.042,35.0
13.764,1.456,-0.12,33.0
13.765,1.451,0.259,39.0
13.765,1.449,0.18,40.0
13.794,1.45,0.102,128.0
13.775,1.446,0.022,39.0
13.774,1.443,-0.055,38.0
13.767,1.441,-0.134,35.0
13.761,1.435,0.245,40.0
13.767,1.433,0.167,84.0
13.782,1.432,0.088,145.0
13.785,1.43,0.009,53.0
13.769,1.426,-0.069,46.0
13.761,1.423,-0.147,35.0
13.764,1.418,0.232,70.0
13.774,1.416,0.154,117.0
13.789,1.416,0.076,150.0
13.765,1.411,-0.003,40.0
13.775,1.41,-0.082,39.0
13.758,1.406,-0.16,35.0
13.77,1.401,0.219,65.0
13.774,1.399,0.141,148.0
13.783,1.397,0.062,150.0
13.777,1.394,-0.016,40.0
13.778,1.392,-0.094,37.0
13.772,1.389,-0.173,32.0
13.779,1.384,0.206,53.0
13.792,1.383,0.128,150.0
13.788,1.38,0.05,150.0
13.782,1.377,-0.029,46.0
13.779,1.374,-0.107,36.0
13.785,1.372,-0.185,34.0
13.783,1.366,0.194,54.0
13.801,1.365,0.116,133.0
13.795,1.362,0.038,124.0
13.787,1.358,-0.041,40.0
13.789,1.356,-0.119,38.0
13.785,1.353,-0.197,33.0
13.795,1.348,0.182,40.0
13.811,1.347,0.104,143.0
13.801,1.343,0.026,96.0
13.791,1.339,-0.053,39.0
13.797,1.337,-0.131,37.0
13.79,1.334,-0.209,32.0
13.81,1.33,0.171,36.0
13.821,1.328,0.092,94.0
13.821,1.325,0.014,39.0
13.81,1.322,-0.064,35.0
13.81,1.319,-0.143,35.0
13.808,1.316,-0.221,33.0
13.832,1.312,0.16,35.0
13.825,1.309,0.081,37.0
13.833,1.306,0.003,35.0
13.831,1.303,-0.076,31.0
13.829,1.301,-0.154,32.0
13.82,1.297,-0.232,30.0
13.854,1.294,0.149,28.0
13.846,1.29,0.071,26.0
13.852,1.288,-0.007,28.0
13.843,1.284,-0.086,22.0
13.853,1.282,-0.165,27.0
13.841,1.278,-0.243,27.0
13.867,1.274,0.139,8.0
13.882,1.272,0.06,9.0
13.875,1.269,-0.017,14.0
13.871,1.266,-0.097,17.0
13.874,1.263,-0.175,24.0
13.868,1.26,-0.254,18.0
65.292,5.9,0.606,25.0
46.543,4.195,0.169,11.0
37.717,3.391,-0.075,17.0
34.739,3.116,-0.269,5.0
13.882,1.242,-0.185,7.0
13.897,1.241,-0.264,6.0
65.238,5.792,0.56,15.0
46.127,4.085,0.135,7.0
0.0,0.0,0.0,0.0
34.711,3.058,-0.293,8.0
24.971,2.195,-0.351,1.0
21.557,1.89,-0.425,4.0
57.873,5.045,0.457,7.0
34.278,2.98,0.077,4.0
34.291,2.973,-0.115,13.0
34.537,2.986,-0.314,6.0
24.81,2.14,-0.365,3.0
21.267,1.83,-0.433,4.0
57.523,4.92,0.417,33.0
41.635,3.552,0.067,1.0
36.244,3.083,-0.144,12.0
32.545,2.761,-0.316,1.0
24.515,2.074,-0.376,5.0
20.992,1.771,-0.44,4.0
56.74,4.759,0.376,32.0
46.663,3.903,0.047,6.0
35.195,2.935,-0.162,11.0
31.94,2.656,-0.329,1.0
24.23,2.01,-0.386,5.0
20.779,1.719,-0.448,4.0
55.086,4.528,0.333,16.0
41.55,3.405,0.018,35.0
35.329,2.887,-0.182,30.0
31.125,2.536,-0.339,1.0
23.847,1.937,-0.393,5.0
20.555,1.665,-0.455,4.0
54.573,4.392,0.3,30.0
41.36,3.318,-0.004,46.0
35.055,2.804,-0.2,11.0
30.669,2.446,-0.35,2.0
23.384,1.859,-0.398,5.0
20.429,1.619,-0.462,3.0
54.302,4.275,0.27,29.0
41.154,3.23,-0.025,47.0
35.15,2.75,-0.218,11.0
30.497,2.378,-0.364,2.0
22.961,1.785,-0.402,4.0
20.218,1.567,-0.468,3.0
54.055,4.161,0.242,27.0
41.189,3.16,-0.045,35.0
35.035,2.678,-0.235,11.0
30.228,2.303,-0.375,2.0
22.75,1.728,-0.409,4.0
20.095,1.521,-0.474,3.0
53.932,4.055,0.218,14.0
41.178,3.085,-0.064,16.0
34.83,2.6,-0.249,11.0
30.003,2.232,-0.385,1.0
22.534,1.671,-0.415,4.0
19.896,1.47,-0.478,3.0
47.839,3.51,0.172,16.0
38.86,2.84,-0.076,31.0
34.962,2.547,-0.264,11.0
29.769,2.161,-0.394,2.0
22.364,1.617,-0.421,4.0
19.83,1.429,-0.484,3.0
47.392,3.391,0.153,22.0
38.677,2.757,-0.09,3.0
35.035,2.488,-0.277,10.0
29.529,2.089,-0.402,1.0
22.144,1.561,-0.425,4.0
19.644,1.38,-0.486,3.0
46.73,3.258,0.134,21.0
36.415,2.528,-0.098,5.0
35.061,2.425,-0.289,8.0
29.392,2.025,-0.409,2.0
22.025,1.511,-0.43,4.0
19.576,1.338,-0.491,3.0
46.117,3.128,0.118,21.0
36.572,2.471,-0.109,29.0
35.056,2.359,-0.3,8.0
29.292,1.963,-0.417,2.0
21.845,1.458,-0.433,4.0
19.517,1.297,-0.495,3.0
0.0,0.0,0.0,0.0
36.543,2.399,-0.119,36.0
35.088,2.294,-0.31,6.0
29.157,1.898,-0.423,1.0
21.784,1.412,-0.437,4.0
19.414,1.253,-0.497,3.0
44.349,2.84,0.09,10.0
36.345,2.316,-0.127,27.0
35.203,2.234,-0.319,2.0
29.027,1.834,-0.427,1.0
21.691,1.364,-0.44,4.0
19.451,1.218,-0.502,3.0
33.422,2.076,0.061,3.0
36.34,2.246,-0.135,21.0
0.0,0.0,0.0,0.0
28.903,1.77,-0.431,1.0
21.663,1.32,-0.443,4.0
19.37,1.175,-0.504,3.0
42.912,2.581,0.071,11.0
36.285,2.172,-0.141,34.0
35.256,2.1,-0.332,1.0
28.844,1.71,-0.435,2.0
21.644,1.276,-0.446,4.0
19.345,1.136,-0.506,3.0
0.0,0.0,0.0,0.0
36.304,2.102,-0.146,30.0
35.341,2.036,-0.337,0.0
28.762,1.648,-0.437,1.0
21.598,1.232,-0.447,4.0
19.386,1.1,-0.509,3.0
43.269,2.433,0.061,18.0
36.389,2.035,-0.149,14.0
32.781,1.823,-0.316,1.0
28.803,1.593,-0.44,3.0
21.619,1.189,-0.449,4.0
19.348,1.059,-0.509,3.0
0.0,0.0,0.0,0.0
36.501,1.968,-0.152,13.0
35.325,1.894,-0.342,1.0
28.739,1.532,-0.44,1.0
21.723,1.152,-0.452,4.0
19.351,1.02,-0.51,4.0
0.0,0.0,0.0,0.0
36.385,1.889,-0.152,39.0
32.86,1.696,-0.318,1.0
28.742,1.474,-0.44,1.0
21.708,1.107,-0.452,4.0
19.466,0.987,-0.513,4.0
0.0,0.0,0.0,0.0
36.432,1.818,-0.151,41.0
33.389,1.656,-0.323,2.0
28.76,1.417,-0.439,2.0
21.8,1.068,-0.453,4.0
19.555,0.952,-0.514,3.0
0.0,0.0,0.0,0.0
36.53,1.749,-0.149,33.0
32.863,1.563,-0.315,1.0
28.706,1.357,-0.436,2.0
21.927,1.029,-0.454,4.0
19.539,0.911,-0.512,3.0
0.0,0.0,0.0,0.0
36.622,1.679,-0.146,38.0
35.684,1.624,-0.339,0.0
28.866,1.305,-0.436,3.0
22.046,0.989,-0.454,4.0
19.64,0.875,-0.512,3.0
0.0,0.0,0.0,0.0
39.697,1.738,-0.153,24.0
35.733,1.553,-0.334,0.0
28.976,1.25,-0.433,2.0
21.769,0.933,-0.445,4.0
19.811,0.842,-0.513,3.0
48.027,2.02,0.085,25.0
39.868,1.664,-0.147,38.0
35.519,1.471,-0.326,2.0
29.087,1.196,-0.429,2.0
22.405,0.914,-0.453,4.0
19.797,0.801,-0.509,3.0
48.491,1.94,0.096,24.0
39.761,1.578,-0.138,42.0
35.724,1.406,-0.32,3.0
29.288,1.144,-0.425,2.0
22.7,0.879,-0.454,4.0
19.969,0.767,-0.509,3.0
48.744,1.85,0.108,24.0
39.793,1.498,-0.128,45.0
35.875,1.339,-0.312,3.0
29.403,1.088,-0.419,2.0
23.048,0.846,-0.455,5.0
20.183,0.734,-0.509,3.0
49.019,1.76,0.123,23.0
39.889,1.42,-0.117,53.0
36.034,1.271,-0.303,6.0
29.595,1.034,-0.413,2.0
23.364,0.809,-0.454,5.0
20.344,0.698,-0.506,3.0
54.407,1.842,0.154,14.0
39.859,1.337,-0.104,45.0
36.151,1.201,-0.292,7.0
29.893,0.983,-0.407,2.0
23.653,0.77,-0.451,5.0
20.464,0.66,-0.502,4.0
54.122,1.722,0.172,29.0
40.135,1.264,-0.09,41.0
36.277,1.13,-0.279,9.0
30.111,0.928,-0.399,2.0
23.879,0.728,-0.446,3.0
20.667,0.624,-0.499,4.0
54.463,1.621,0.195,29.0
40.498,1.192,-0.075,16.0
36.424,1.06,-0.265,10.0
30.354,0.874,-0.389,2.0
27.294,0.777,-0.499,1.0
20.912,0.588,-0.496,4.0
55.037,1.525,0.221,14.0
42.688,1.169,-0.06,17.0
36.692,0.992,-0.251,12.0
30.741,0.821,-0.38,2.0
27.36,0.722,-0.487,1.0
21.102,0.55,-0.49,4.0
58.662,1.506,0.263,33.0
45.203,1.145,-0.042,7.0
36.911,0.923,-0.234,19.0
31.111,0.768,-0.37,1.0
27.563,0.671,-0.477,1.0
21.323,0.512,-0.485,4.0
59.588,1.408,0.297,35.0
0.0,0.0,0.0,0.0
37.131,0.852,-0.216,30.0
31.622,0.715,-0.359,1.0
27.972,0.624,-0.469,1.0
21.689,0.477,-0.481,4.0
60.675,1.309,0.336,36.0
46.708,0.992,0.006,22.0
37.45,0.783,-0.197,35.0
32.278,0.664,-0.348,1.0
28.306,0.573,-0.458,1.0
22.172,0.442,-0.479,4.0
61.576,1.202,0.377,17.0
47.417,0.91,0.034,26.0
37.927,0.715,-0.177,47.0
32.876,0.609,-0.334,1.0
28.849,0.525,-0.449,2.0
22.294,0.398,-0.468,3.0
74.785,1.307,0.505,11.0
47.843,0.821,0.064,29.0
38.475,0.647,-0.155,49.0
33.497,0.553,-0.319,1.0
29.213,0.473,-0.436,2.0
26.209,0.415,-0.533,1.0
75.255,1.165,0.557,13.0
47.985,0.726,0.096,54.0
38.993,0.578,-0.131,49.0
37.075,0.537,-0.328,1.0
29.603,0.419,-0.422,2.0
26.438,0.366,-0.519,2.0
48.157,0.649,0.389,23.0
48.014,0.631,0.13,66.0
39.588,0.507,-0.105,20.0
37.179,0.464,-0.303,5.0
29.985,0.365,-0.406,2.0
26.776,0.317,-0.506,2.0
48.085,0.552,0.424,98.0
48.021,0.535,0.165,87.0
43.815,0.475,-0.084,9.0
37.402,0.392,-0.277,7.0
30.501,0.31,-0.389,2.0
27.138,0.267,-0.492,1.0
48.07,0.456,0.461,109.0
48.04,0.44,0.202,101.0
0.0,0.0,0.0,0.0
37.813,0.322,-0.25,13.0
31.177,0.255,-0.373,1.0
27.537,0.216,-0.478,1.0
48.11,0.361,0.499,65.0
48.154,0.346,0.242,61.0
0.0,0.0,0.0,0.0
38.301,0.25,-0.222,14.0
32.036,0.198,-0.357,1.0
28.279,0.166,-0.467,1.0
59.298,0.327,0.666,134.0
59.324,0.309,0.348,47.0
47.357,0.231,0.024,29.0
38.784,0.176,-0.191,35.0
33.017,0.139,-0.339,1.0
28.764,0.112,-0.45,2.0
79.468,0.284,0.962,151.0
76.31,0.249,0.514,28.0
47.986,0.141,0.066,14.0
39.439,0.103,-0.159,41.0
33.439,0.076,-0.314,0.0
29.381,0.058,-0.433,2.0
79.468,0.131,1.033,151.0
79.36,0.105,0.607,21.0
0.0,0.0,0.0,0.0
40.565,0.028,-0.127,16.0
38.118,0.014,-0.323,2.0
29.883,0.001,-0.412,2.0
79.46,-0.022,1.108,151.0
79.424,-0.047,0.683,150.0
56.111,-0.051,0.183,16.0
42.52,-0.052,-0.092,18.0
38.602,-0.06,-0.289,3.0
30.444,-0.056,-0.39,1.0
79.461,-0.173,1.185,151.0
79.439,-0.199,0.761,150.0
61.537,-0.173,0.261,12.0
0.0,0.0,0.0,0.0
39.19,-0.135,-0.255,5.0
31.313,-0.117,-0.37,1.0
79.442,-0.323,1.265,159.0
79.46,-0.349,0.842,171.0
76.643,-0.36,0.403,10.0
47.292,-0.237,-0.006,21.0
40.222,-0.214,-0.22,4.0
32.679,-0.184,-0.352,1.0
79.449,-0.472,1.348,164.0
79.452,-0.497,0.925,192.0
76.997,-0.506,0.487,12.0
53.292,-0.366,0.048,4.0
47.196,-0.34,-0.208,6.0
33.923,-0.255,-0.329,1.0
79.439,-0.621,1.433,170.0
79.445,-0.645,1.011,187.0
79.069,-0.666,0.585,56.0
60.866,-0.532,0.121,1.0
50.793,-0.46,-0.167,9.0
38.529,-0.361,-0.331,3.0
79.444,-0.766,1.521,183.0
79.449,-0.791,1.099,185.0
79.456,-0.815,0.677,151.0
60.76,-0.642,0.19,7.0
53.757,-0.585,-0.116,4.0
38.041,-0.426,-0.284,0.0
79.448,-0.912,1.612,153.0
79.438,-0.936,1.19,175.0
80.098,-0.968,0.775,12.0
69.907,-0.865,0.299,2.0
54.416,-0.69,-0.055,1.0
42.117,-0.547,-0.265,3.0
86.942,-1.153,1.865,74.0
183.389,-2.488,2.963,60.0
123.679,-1.714,1.343,13.0
81.681,-1.156,0.445,3.0
0.0,0.0,0.0,0.0
46.077,-0.68,-0.235,0.0
262.058,-3.934,5.932,24.0
0.0,0.0,0.0,0.0
149.086,-2.327,1.797,10.0
91.545,-1.455,0.609,6.0
40.323,-0.653,0.055,27.0
40.341,-0.666,-0.157,31.0
40.257,-0.675,0.96,10.0
40.202,-0.686,0.747,11.0
205.392,-3.566,2.732,25.0
40.24,-0.71,0.318,48.0
40.271,-0.723,0.106,63.0
40.317,-0.736,-0.106,55.0
40.249,-0.744,1.011,55.0
40.187,-0.754,0.797,45.0
40.242,-0.767,0.585,44.0
40.229,-0.778,0.369,51.0
40.315,-0.792,0.157,7.0
56.383,-1.124,-0.077,1.0
40.235,-0.812,1.062,54.0
40.212,-0.823,0.849,55.0
40.233,-0.835,0.637,52.0
40.276,-0.847,0.422,10.0
0.0,0.0,0.0,0.0
56.519,-1.222,-0.003,0.0
40.218,-0.879,1.114,59.0
40.196,-0.889,0.902,54.0
40.292,-0.903,0.691,94.0
40.289,-0.913,0.475,64.0
40.312,-0.926,0.263,126.0
40.305,-0.937,0.051,150.0
40.236,-0.945,1.168,58.0
40.192,-0.955,0.955,55.0
40.194,-0.966,0.743,62.0
40.209,-0.978,0.528,56.0
40.216,-0.989,0.317,37.0
66.59,-1.656,0.175,0.0
40.251,-1.011,1.224,49.0
40.189,-1.02,1.01,57.0
40.197,-1.031,0.799,45.0
40.21,-1.042,0.584,52.0
40.187,-1.053,0.373,48.0
40.189,-1.064,0.161,43.0
40.3,-1.075,1.281,11.0
40.198,-1.084,1.066,46.0
40.261,-1.096,0.856,23.0
0.0,0.0,0.0,0.0
40.237,-1.117,0.429,13.0
40.202,-1.127,0.218,44.0
0.0,0.0,0.0,0.0
40.287,-1.149,1.126,24.0
40.347,-1.161,0.915,32.0
40.375,-1.172,0.7,2.0
154.12,-4.516,1.865,3.0
0.0,0.0,0.0,0.0
0.0,0.0,0.0,0.0
40.319,-1.211,1.184,6.0
40.307,-1.22,0.972,29.0
40.316,-1.231,0.757,25.0
40.344,-1.242,0.546,46.0
0.0,0.0,0.0,0.0
0.0,0.0,0.0,0.0
0.0,0.0,0.0,0.0
0.0,0.0,0.0,0.0
0.0,0.0,0.0,0.0
0.0,0.0,0.0,0.0
0.0,0.0,0.0,0.0
0.0,0.0,0.0,0.0
0.0,0.0,0.0,0.0
0.0,0.0,0.0,0.0
0.0,0.0,0.0,0.0
0.0,0.0,0.0,0.0
0.0,0.0,0.0,0.0
0.0,0.0,0.0,0.0
0.0,0.0,0.0,0.0
0.0,0.0,0.0,0.0
0.0,0.0,0.0,0.0
0.0,0.0,0.0,0.0
0.0,0.0,0.0,0.0
0.0,0.0,0.0,0.0
0.0,0.0,0.0,0.0
0.0,0.0,0.0,0.0
0.0,0.0,0.0,0.0
0.0,0.0,0.0,0.0
0.0,0.0,0.0,0.0
0.0,0.0,0.0,0.0
0.0,0.0,0.0,0.0
0.0,0.0,0.0,0.0
0.0,0.0,0.0,0.0
0.0,0.0,0.0,0.0
175.0,-6.654,2.774,8.0
0.0,0.0,0.0,0.0
0.0,0.0,0.0,0.0
0.0,0.0,0.0,0.0
0.0,0.0,0.0,0.0
0.0,0.0,0.0,0.0
174.992,-6.88,3.047,66.0
0.0,0.0,0.0,0.0
0.0,0.0,0.0,0.0
0.0,0.0,0.0,0.0
0.0,0.0,0.0,0.0
0.0,0.0,0.0,0.0
175.066,-7.102,3.324,61.0
0.0,0.0,0.0,0.0
0.0,0.0,0.0,0.0
0.0,0.0,0.0,0.0
0.0,0.0,0.0,0.0
0.0,0.0,0.0,0.0
0.0,0.0,0.0,0.0
0.0,0.0,0.0,0.0
0.0,0.0,0.0,0.0
0.0,0.0,0.0,0.0
0.0,0.0,0.0,0.0
0.0,0.0,0.0,0.0
0.0,0.0,0.0,0.0
0.0,0.0,0.0,0.0
0.0,0.0,0.0,0.0
0.0,0.0,0.0,0.0
0.0,0.0,0.0,0.0
0.0,0.0,0.0,0.0
0.0,0.0,0.0,0.0
0.0,0.0,0.0,0.0
0.0,0.0,0.0,0.0
0.0,0.0,0.0,0.0
0.0,0.0,0.0,0.0
0.0,0.0,0.0,0.0
0.0,0.0,0.0,0.0
0.0,0.0,0.0,0.0
0.0,0.0,0.0,0.0
0.0,0.0,0.0,0.0
0.0,0.0,0.0,0.0
0.0,0.0,0.0,0.0
0.0,0.0,0.0,0.0
0.0,0.0,0.0,0.0
0.0,0.0,0.0,0.0
0.0,0.0,0.0,0.0
0.0,0.0,0.0,0.0
0.0,0.0,0.0,0.0
0.0,0.0,0.0,0.0
0.0,0.0,0.0,0.0
0.0,0.0,0.0,0.0
0.0,0.0,0.0,0.0
0.0,0.0,0.0,0.0
0.0,0.0,0.0,0.0
0.0,0.0,0.0,0.0
0.0,0.0,0.0,0.0
0.0,0.0,0.0,0.0
0.0,0.0,0.0,0.0
0.0,0.0,0.0,0.0
0.0,0.0,0.0,0.0
0.0,0.0,0.0,0.0
0.0,0.0,0.0,0.0
263.549,-13.227,8.898,9.0
0.0,0.0,0.0,0.0
0.0,0.0,0.0,0.0
227.215,-11.509,11.632,8.0
0.0,0.0,0.0,0.0
211.976,-10.796,8.621,6.0
0.0,0.0,0.0,0.0
0.0,0.0,0.0,0.0
0.0,0.0,0.0,0.0
0.0,0.0,0.0,0.0
0.0,0.0,0.0,0.0
0.0,0.0,0.0,0.0
0.0,0.0,0.0,0.0
0.0,0.0,0.0,0.0
0.0,0.0,0.0,0.0
0.0,0.0,0.0,0.0
0.0,0.0,0.0,0.0
0.0,0.0,0.0,0.0
0.0,0.0,0.0,0.0
0.0,0.0,0.0,0.0
0.0,0.0,0.0,0.0
0.0,0.0,0.0,0.0
0.0,0.0,0.0,0.0
0.0,0.0,0.0,0.0
0.0,0.0,0.0,0.0
0.0,0.0,0.0,0.0
0.0,0.0,0.0,0.0
0.0,0.0,0.0,0.0
0.0,0.0,0.0,0.0
0.0,0.0,0.0,0.0
0.0,0.0,0.0,0.0
92.936,-5.051,6.518,2.0
0.0,0.0,0.0,0.0
0.0,0.0,0.0,0.0
0.0,0.0,0.0,0.0
0.0,0.0,0.0,0.0
0.0,0.0,0.0,0.0
0.0,0.0,0.0,0.0
0.0,0.0,0.0,0.0
0.0,0.0,0.0,0.0
0.0,0.0,0.0,0.0
0.0,0.0,0.0,0.0
0.0,0.0,0.0,0.0
0.0,0.0,0.0,0.0
0.0,0.0,0.0,0.0
0.0,0.0,0.0,0.0
164.939,-9.215,9.524,6.0
226.608,-12.679,11.903,6.0
0.0,0.0,0.0,0.0
0.0,0.0,0.0,0.0
0.0,0.0,0.0,0.0
0.0,0.0,0.0,0.0
0.0,0.0,0.0,0.0
0.0,0.0,0.0,0.0
211.744,-11.979,10.38,9.0
0.0,0.0,0.0,0.0
0.0,0.0,0.0,0.0
0.0,0.0,0.0,0.0
211.47,-12.044,12.932,10.0
211.538,-12.062,11.83,6.0
211.615,-12.078,10.73,21.0
0.0,0.0,0.0,0.0
0.0,0.0,0.0,0.0
0.0,0.0,0.0,0.0
0.0,0.0,0.0,0.0
0.0,0.0,0.0,0.0
203.202,-11.691,10.646,4.0
0.0,0.0,0.0,0.0
0.0,0.0,0.0,0.0
0.0,0.0,0.0,0.0
0.0,0.0,0.0,0.0
229.358,-13.282,13.6,8.0
164.828,-9.553,8.913,6.0
0.0,0.0,0.0,0.0
0.0,0.0,0.0,0.0
0.0,0.0,0.0,0.0
0.0,0.0,0.0,0.0
0.0,0.0,0.0,0.0
0.0,0.0,0.0,0.0
0.0,0.0,0.0,0.0
0.0,0.0,0.0,0.0
0.0,0.0,0.0,0.0
0.0,0.0,0.0,0.0
0.0,0.0,0.0,0.0
0.0,0.0,0.0,0.0
0.0,0.0,0.0,0.0
0.0,0.0,0.0,0.0
0.0,0.0,0.0,0.0
0.0,0.0,0.0,0.0
0.0,0.0,0.0,0.0
0.0,0.0,0.0,0.0
0.0,0.0,0.0,0.0
0.0,0.0,0.0,0.0
0.0,0.0,0.0,0.0
0.0,0.0,0.0,0.0
0.0,0.0,0.0,0.0
163.33,-9.671,9.913,5.0
0.0,0.0,0.0,0.0
0.0,0.0,0.0,0.0
0.0,0.0,0.0,0.0
0.0,0.0,0.0,0.0
0.0,0.0,0.0,0.0
265.196,-15.759,16.525,9.0
0.0,0.0,0.0,0.0
0.0,0.0,0.0,0.0
0.0,0.0,0.0,0.0
0.0,0.0,0.0,0.0
0.0,0.0,0.0,0.0
0.0,0.0,0.0,0.0
0.0,0.0,0.0,0.0
0.0,0.0,0.0,0.0
0.0,0.0,0.0,0.0
0.0,0.0,0.0,0.0
0.0,0.0,0.0,0.0
0.0,0.0,0.0,0.0
0.0,0.0,0.0,0.0
0.0,0.0,0.0,0.0
0.0,0.0,0.0,0.0
0.0,0.0,0.0,0.0
0.0,0.0,0.0,0.0
0.0,0.0,0.0,0.0
0.0,0.0,0.0,0.0
0.0,0.0,0.0,0.0
0.0,0.0,0.0,0.0
0.0,0.0,0.0,0.0
0.0,0.0,0.0,0.0
0.0,0.0,0.0,0.0
0.0,0.0,0.0,0.0
0.0,0.0,0.0,0.0
0.0,0.0,0.0,0.0
0.0,0.0,0.0,0.0
0.0,0.0,0.0,0.0
0.0,0.0,0.0,0.0
0.0,0.0,0.0,0.0
0.0,0.0,0.0,0.0
0.0,0.0,0.0,0.0
0.0,0.0,0.0,0.0
0.0,0.0,0.0,0.0
0.0,0.0,0.0,0.0
0.0,0.0,0.0,0.0
0.0,0.0,0.0,0.0
0.0,0.0,0.0,0.0
0.0,0.0,0.0,0.0
0.0,0.0,0.0,0.0
0.0,0.0,0.0,0.0
0.0,0.0,0.0,0.0
0.0,0.0,0.0,0.0
0.0,0.0,0.0,0.0
0.0,0.0,0.0,0.0
0.0,0.0,0.0,0.0
0.0,0.0,0.0,0.0
0.0,0.0,0.0,0.0
0.0,0.0,0.0,0.0
0.0,0.0,0.0,0.0
0.0,0.0,0.0,0.0
0.0,0.0,0.0,0.0
0.0,0.0,0.0,0.0
0.0,0.0,0.0,0.0
0.0,0.0,0.0,0.0
0.0,0.0,0.0,0.0
0.0,0.0,0.0,0.0
0.0,0.0,0.0,0.0
0.0,0.0,0.0,0.0
0.0,0.0,0.0,0.0
0.0,0.0,0.0,0.0
0.0,0.0,0.0,0.0
0.0,0.0,0.0,0.0
0.0,0.0,0.0,0.0
0.0,0.0,0.0,0.0
0.0,0.0,0.0,0.0
0.0,0.0,0.0,0.0
0.0,0.0,0.0,0.0
0.0,0.0,0.0,0.0
0.0,0.0,0.0,0.0
0.0,0.0,0.0,0.0
0.0,0.0,0.0,0.0
0.0,0.0,0.0,0.0
0.0,0.0,0.0,0.0
0.0,0.0,0.0,0.0
0.0,0.0,0.0,0.0
0.0,0.0,0.0,0.0
49.34,-2.897,5.44,4.0
0.0,0.0,0.0,0.0
0.0,0.0,0.0,0.0
0.0,0.0,0.0,0.0
0.0,0.0,0.0,0.0
0.0,0.0,0.0,0.0
49.307,-2.877,5.505,4.0
0.0,0.0,0.0,0.0
0.0,0.0,0.0,0.0
0.0,0.0,0.0,0.0
0.0,0.0,0.0,0.0
0.0,0.0,0.0,0.0
0.0,0.0,0.0,0.0
0.0,0.0,0.0,0.0
0.0,0.0,0.0,0.0
0.0,0.0,0.0,0.0
0.0,0.0,0.0,0.0
0.0,0.0,0.0,0.0
50.338,-2.898,5.754,1.0
49.364,-2.835,5.377,2.0
0.0,0.0,0.0,0.0
0.0,0.0,0.0,0.0
0.0,0.0,0.0,0.0
0.0,0.0,0.0,0.0
50.347,-2.876,5.82,2.0
49.309,-2.81,5.434,4.0
0.0,0.0,0.0,0.0
0.0,0.0,0.0,0.0
0.0,0.0,0.0,0.0
0.0,0.0,0.0,0.0
48.505,-2.747,5.67,16.0
0.0,0.0,0.0,0.0
0.0,0.0,0.0,0.0
0.0,0.0,0.0,0.0
0.0,0.0,0.0,0.0
0.0,0.0,0.0,0.0
48.656,-2.73,5.747,24.0
0.0,0.0,0.0,0.0
0.0,0.0,0.0,0.0
56.513,-3.147,5.753,5.0
0.0,0.0,0.0,0.0
0.0,0.0,0.0,0.0
0.0,0.0,0.0,0.0
50.304,-2.787,5.73,3.0
49.407,-2.73,5.36,3.0
0.0,0.0,0.0,0.0
56.799,-3.122,5.543,1.0
92.314,-5.06,8.512,4.0
47.83,-2.629,5.764,6.0
48.261,-2.646,5.554,4.0
49.359,-2.698,5.412,3.0
0.0,0.0,0.0,0.0
56.62,-3.077,5.59,2.0
0.0,0.0,0.0,0.0
50.824,-2.762,6.183,3.0
48.495,-2.628,5.636,22.0
56.913,-3.075,6.305,11.0
0.0,0.0,0.0,0.0
56.562,-3.038,5.647,1.0
56.899,-3.047,5.374,3.0
50.976,-2.738,6.258,0.0
48.772,-2.611,5.722,22.0
57.161,-3.05,6.395,6.0
55.348,-2.945,5.886,0.0
0.0,0.0,0.0,0.0
90.552,-4.788,8.649,7.0
50.955,-2.701,6.311,1.0
0.0,0.0,0.0,0.0
50.206,-2.645,5.67,6.0
49.424,-2.594,5.308,4.0
0.0,0.0,0.0,0.0
56.594,-2.952,5.464,6.0
0.0,0.0,0.0,0.0
47.706,-2.486,5.698,7.0
48.309,-2.509,5.506,11.0
56.931,-2.947,6.173,4.0
92.573,-4.777,9.534,2.0
0.0,0.0,0.0,0.0
46.457,-2.396,5.849,1.0
48.963,-2.516,5.897,4.0
48.524,-2.484,5.578,17.0
49.982,-2.55,5.468,0.0
55.203,-2.807,5.738,3.0
63.706,-3.228,6.275,2.0
46.45,-2.359,5.894,3.0
62.915,-3.184,7.637,3.0
48.877,-2.464,5.665,14.0
54.803,-2.754,6.047,6.0
57.244,-2.866,6.004,3.0
92.705,-4.625,9.218,12.0
48.673,-2.434,6.221,8.0
51.039,-2.542,6.243,5.0
0.0,0.0,0.0,0.0
50.156,-2.48,5.579,5.0
54.877,-2.703,5.804,6.0
55.009,-2.699,5.518,2.0
48.54,-2.387,6.247,23.0
50.619,-2.48,6.236,1.0
47.615,-2.323,5.604,4.0
48.375,-2.351,5.423,9.0
49.522,-2.398,5.28,5.0
55.123,-2.659,5.576,3.0
47.936,-2.316,6.211,12.0
46.68,-2.247,5.79,4.0
49.591,-2.377,5.878,6.0
48.327,-2.307,5.458,16.0
49.502,-2.354,5.319,5.0
55.059,-2.608,5.614,4.0
47.75,-2.266,6.226,23.0
46.719,-2.208,5.832,2.0
49.388,-2.324,5.893,6.0
50.848,-2.383,5.782,11.0
55.097,-2.571,5.963,11.0
55.058,-2.559,5.657,18.0
47.512,-2.212,6.231,6.0
48.627,-2.254,6.108,17.0
48.957,-2.26,5.879,4.0
48.783,-2.242,5.584,9.0
40.623,-1.859,4.426,32.0
53.459,-2.435,5.532,3.0
47.907,-2.186,6.318,2.0
48.424,-2.2,6.118,22.0
46.035,-2.082,5.561,3.0
48.746,-2.195,5.614,7.0
40.526,-1.817,4.444,39.0
55.242,-2.466,5.753,1.0
50.005,-2.235,6.629,0.0
48.201,-2.144,6.122,20.0
46.247,-2.048,5.618,8.0
53.036,-2.338,6.143,13.0
40.554,-1.779,4.473,51.0
55.218,-2.412,5.787,4.0
42.245,-1.848,5.628,2.0
57.026,-2.483,7.28,6.0
40.284,-1.745,4.919,14.0
57.338,-2.472,6.678,6.0
40.529,-1.739,4.496,45.0
53.27,-2.275,5.615,2.0
42.305,-1.808,5.662,42.0
0.0,0.0,0.0,0.0
40.339,-1.707,4.95,42.0
57.434,-2.419,6.722,5.0
40.455,-1.695,4.511,43.0
40.469,-1.687,4.289,38.0
42.291,-1.765,5.684,42.0
49.692,-2.063,6.402,5.0
40.286,-1.664,4.965,46.0
40.465,-1.663,4.758,24.0
40.308,-1.648,4.516,71.0
40.394,-1.643,4.302,65.0
42.228,-1.719,5.698,51.0
42.063,-1.703,5.44,11.0
40.333,-1.625,4.991,36.0
40.629,-1.628,4.798,20.0
40.413,-1.611,4.547,45.0
40.388,-1.601,4.32,60.0
42.213,-1.674,5.716,37.0
42.067,-1.659,5.461,51.0
40.348,-1.582,5.012,52.0
40.428,-1.577,4.792,60.0
40.224,-1.56,4.544,53.0
40.348,-1.557,4.334,64.0
42.249,-1.63,5.74,49.0
42.13,-1.616,5.487,57.0
40.278,-1.537,5.02,51.0
40.507,-1.537,4.818,49.0
40.489,-1.528,4.59,49.0
40.456,-1.518,4.361,47.0
42.563,-1.597,5.799,29.0
42.203,-1.574,5.513,52.0
40.294,-1.494,5.037,41.0
40.41,-1.49,4.821,49.0
40.246,-1.475,4.577,56.0
40.435,-1.474,4.373,50.0
42.197,-1.538,5.764,53.0
42.308,-1.532,5.541,49.0
43.664,-1.572,5.473,3.0
49.489,-1.771,5.92,10.0
40.261,-1.432,4.591,59.0
40.333,-1.426,4.374,59.0
42.101,-1.487,5.763,61.0
42.259,-1.484,5.547,55.0
40.414,-1.41,5.077,38.0
40.528,-1.405,4.86,54.0
40.295,-1.389,4.606,54.0
40.201,-1.377,4.37,47.0
41.975,-1.436,5.757,61.0
42.203,-1.435,5.55,55.0
42.993,-1.452,5.411,25.0
40.506,-1.36,4.866,48.0
40.478,-1.35,4.636,46.0
40.049,-1.327,4.362,54.0
41.992,-1.39,5.768,59.0
42.009,-1.381,5.533,61.0
40.999,-1.338,5.168,32.0
40.425,-1.311,4.864,63.0
40.02,-1.289,4.59,53.0
39.966,-1.279,4.36,59.0
42.063,-1.344,5.784,31.0
41.938,-1.331,5.53,57.0
40.687,-1.283,5.135,69.0
40.571,-1.27,4.887,49.0
39.587,-1.231,4.546,64.0
39.794,-1.23,4.346,51.0
42.163,-1.3,5.803,57.0
41.962,-1.285,5.538,38.0
40.09,-1.218,5.063,43.0
40.462,-1.221,4.878,59.0
39.531,-1.185,4.543,65.0
39.514,-1.176,4.319,61.0
42.224,-1.253,5.815,56.0
50.89,-1.499,6.719,5.0
40.052,-1.171,5.061,54.0
39.942,-1.16,4.817,54.0
39.615,-1.142,4.554,57.0
39.393,-1.128,4.307,55.0
42.326,-1.207,5.83,58.0
42.105,-1.192,5.56,23.0
40.107,-1.127,5.068,54.0
39.71,-1.107,4.789,52.0
39.566,-1.095,4.548,58.0
39.338,-1.08,4.3,59.0
42.261,-1.157,5.82,56.0
49.057,-1.331,6.477,8.0
39.565,-1.065,4.998,62.0
39.663,-1.06,4.781,56.0
39.501,-1.047,4.539,47.0
39.123,-1.029,4.274,61.0
42.286,-1.108,5.82,61.0
42.096,-1.094,5.554,53.0
39.655,-1.022,5.006,58.0
39.981,-1.022,4.816,53.0
39.479,-1.001,4.532,58.0
39.271,-0.987,4.286,57.0
42.269,-1.057,5.813,35.0
42.136,-1.045,5.554,51.0
39.536,-0.972,4.986,45.0
39.463,-0.962,4.749,57.0
39.475,-0.954,4.526,64.0
39.085,-0.937,4.26,67.0
41.841,-0.997,5.748,65.0
42.057,-0.994,5.537,51.0
39.511,-0.925,4.976,61.0
39.435,-0.915,4.738,58.0
39.346,-0.905,4.504,53.0
39.045,-0.89,4.248,63.0
41.883,-0.949,5.745,52.0
42.053,-0.944,5.527,52.0
39.517,-0.879,4.968,52.0
39.287,-0.866,4.711,60.0
39.352,-0.859,4.495,50.0
39.218,-0.849,4.257,46.0
41.882,-0.9,5.734,51.0
41.895,-0.892,5.495,52.0
39.56,-0.833,4.963,44.0
39.226,-0.818,4.693,59.0
39.263,-0.811,4.474,63.0
39.146,-0.801,4.238,55.0
42.675,-0.866,5.829,22.0
41.802,-0.84,5.47,59.0
39.445,-0.784,4.936,50.0
39.261,-0.773,4.684,49.0
39.277,-0.765,4.462,72.0
39.188,-0.756,4.229,52.0
42.477,-0.812,5.788,19.0
40.017,-0.757,5.222,14.0
39.479,-0.738,4.926,49.0
39.241,-0.726,4.667,63.0
39.301,-0.72,4.45,66.0
39.173,-0.71,4.213,63.0
42.57,-0.763,5.783,48.0
41.999,-0.745,5.464,2.0
39.429,-0.692,4.903,51.0
39.717,-0.689,4.708,52.0
39.24,-0.673,4.427,56.0
39.413,-0.669,4.221,48.0
42.939,-0.72,5.815,18.0
39.935,-0.662,5.178,37.0
39.509,-0.647,4.895,49.0
39.535,-0.639,4.668,59.0
39.319,-0.629,4.417,49.0
39.495,-0.625,4.212,45.0
39.996,-0.624,5.397,64.0
39.937,-0.615,5.158,57.0
39.611,-0.603,4.888,62.0
39.678,-0.596,4.664,62.0
39.244,-0.582,4.389,59.0
39.431,-0.578,4.184,37.0
39.94,-0.577,5.368,54.0
39.99,-0.57,5.143,61.0
40.018,-0.563,4.917,59.0
39.999,-0.555,4.68,56.0
41.962,-0.575,4.669,23.0
39.472,-0.533,4.166,36.0
39.994,-0.531,5.352,34.0
40.034,-0.525,5.126,65.0
40.057,-0.517,4.898,41.0
39.971,-0.509,4.653,60.0
39.381,-0.495,4.358,60.0
39.387,-0.487,4.134,54.0
40.072,-0.487,5.337,51.0
40.007,-0.479,5.097,39.0
40.014,-0.472,4.867,32.0
39.969,-0.464,4.627,50.0
39.555,-0.452,4.352,61.0
39.52,-0.445,4.122,43.0
40.004,-0.441,5.301,56.0
39.991,-0.434,5.068,56.0
40.085,-0.428,4.848,24.0
40.223,-0.422,4.629,42.0
39.867,-0.411,4.359,66.0
39.579,-0.402,4.1,39.0
40.022,-0.396,5.275,56.0
39.837,-0.387,5.02,41.0
40.154,-0.383,4.828,26.0
40.499,-0.38,4.632,32.0
40.159,-0.37,4.362,47.0
39.441,-0.357,4.057,67.0
40.14,-0.353,5.261,30.0
39.63,-0.342,4.964,61.0
40.228,-0.34,4.806,32.0
40.453,-0.335,4.595,59.0
40.746,-0.331,4.394,30.0
39.555,-0.315,4.038,56.0
42.452,-0.327,5.53,19.0
39.61,-0.298,4.929,61.0
39.911,-0.294,4.736,44.0
40.439,-0.291,4.561,55.0
40.096,-0.282,4.291,38.0
39.695,-0.273,4.019,54.0
39.681,-0.262,5.135,64.0
39.688,-0.256,4.906,45.0
39.695,-0.25,4.676,50.0
40.23,-0.247,4.503,57.0
39.914,-0.238,4.237,51.0
39.538,-0.23,3.969,63.0
39.703,-0.22,5.103,49.0
39.564,-0.213,4.855,56.0
39.562,-0.207,4.625,62.0
39.907,-0.202,4.43,58.0
39.903,-0.196,4.199,73.0
47.381,-0.225,4.713,4.0
39.7,-0.178,5.065,72.0
39.623,-0.171,4.824,63.0
39.909,-0.166,4.627,39.0
39.853,-0.16,4.386,63.0
40.255,-0.155,4.198,57.0
39.963,-0.148,3.937,55.0
39.663,-0.136,5.021,62.0
39.655,-0.13,4.79,39.0
39.916,-0.125,4.589,57.0
40.463,-0.121,4.413,47.0
40.272,-0.114,4.16,63.0
39.972,-0.107,3.898,61.0
39.739,-0.096,4.991,60.0
39.794,-0.09,4.766,43.0
40.159,-0.085,4.576,35.0
41.0,-0.081,4.43,43.0
40.855,-0.075,4.177,37.0
0.0,0.0,0.0,0.0
39.636,-0.055,4.936,55.0
40.059,-0.05,4.755,39.0
40.462,-0.045,4.567,33.0
41.153,-0.04,4.402,50.0
40.678,-0.034,4.116,51.0
40.803,-0.029,3.892,17.0
39.429,-0.016,4.866,67.0
39.798,-0.011,4.68,46.0
40.164,-0.005,4.489,50.0
40.372,0.0,4.274,50.0
40.445,0.004,4.047,46.0
0.0,0.0,0.0,0.0
54.604,0.029,6.677,16.0
39.68,0.026,4.62,37.0
40.103,0.032,4.436,53.0
40.072,0.037,4.196,48.0
40.211,0.043,3.977,60.0
54.711,0.065,5.095,9.0
43.983,0.065,5.326,4.0
39.761,0.064,4.583,58.0
40.094,0.07,4.387,54.0
39.979,0.075,4.138,61.0
40.112,0.08,3.919,72.0
54.673,0.116,5.025,18.0
43.803,0.106,5.251,18.0
39.768,0.101,4.535,54.0
40.328,0.107,4.364,42.0
40.076,0.111,4.099,67.0
59.203,0.172,5.712,10.0
47.693,0.144,4.325,12.0
44.119,0.146,5.233,3.0
40.216,0.138,4.535,39.0
40.51,0.144,4.332,43.0
40.157,0.147,4.057,74.0
47.666,0.18,4.538,51.0
54.726,0.213,4.893,7.0
40.342,0.169,4.733,18.0
40.24,0.173,4.486,55.0
40.671,0.179,4.296,63.0
40.46,0.183,4.034,25.0
47.635,0.221,4.473,49.0
40.076,0.191,3.53,12.0
42.94,0.217,4.98,22.0
40.49,0.208,4.459,40.0
40.231,0.211,4.196,55.0
57.339,0.308,5.641,20.0
47.674,0.261,4.413,14.0
39.968,0.223,3.467,62.0
40.2,0.236,4.608,52.0
40.072,0.239,4.358,69.0
40.256,0.245,4.143,47.0
47.486,0.294,4.606,41.0
57.261,0.36,5.221,23.0
39.887,0.255,3.405,49.0
40.411,0.27,4.575,61.0
40.859,0.277,4.386,17.0
40.248,0.276,4.086,29.0
47.585,0.332,4.548,16.0
57.216,0.404,5.136,24.0
75.408,0.54,6.331,36.0
40.028,0.298,4.474,45.0
40.699,0.307,4.311,17.0
47.368,0.362,4.741,10.0
40.017,0.309,3.767,51.0
48.791,0.381,4.31,70.0
48.637,0.384,4.013,42.0
40.474,0.331,4.465,16.0
40.034,0.332,4.182,56.0
47.56,0.398,4.69,10.0
40.022,0.338,3.709,57.0
48.751,0.416,4.234,91.0
48.431,0.418,3.925,74.0
44.118,0.393,4.801,34.0
40.421,0.364,4.161,48.0
47.698,0.433,4.632,6.0
39.951,0.366,3.643,69.0
48.692,0.45,4.156,63.0
48.412,0.451,3.851,106.0
47.21,0.453,5.065,4.0
40.109,0.388,4.068,36.0
64.382,0.628,6.153,10.0
40.103,0.394,3.594,36.0
48.457,0.48,4.061,82.0
48.435,0.483,3.777,93.0
56.247,0.578,5.946,11.0
47.648,0.492,4.758,32.0
39.941,0.416,3.754,57.0
48.441,0.507,4.266,17.0
48.433,0.511,3.983,110.0
56.15,0.596,4.29,19.0
40.483,0.441,4.215,46.0
40.967,0.449,4.025,28.0
39.92,0.44,3.689,56.0
48.396,0.536,4.185,105.0
48.455,0.541,3.907,72.0
56.083,0.629,4.196,53.0
0.0,0.0,0.0,0.0
56.218,0.649,5.432,7.0
48.375,0.562,4.391,15.0
48.419,0.565,4.107,106.0
56.138,0.659,4.435,57.0
55.993,0.66,4.097,44.0
47.654,0.575,4.805,9.0
56.201,0.681,5.338,11.0
48.354,0.589,4.309,47.0
56.175,0.687,4.671,22.0
56.131,0.689,4.34,76.0
55.968,0.691,4.002,7.0
40.452,0.509,4.011,16.0
48.331,0.611,4.508,11.0
48.403,0.615,4.231,35.0
56.16,0.716,4.576,66.0
56.12,0.718,4.246,60.0
64.162,0.824,4.48,21.0
40.006,0.524,3.898,48.0
39.795,0.523,3.644,60.0
56.187,0.741,4.817,95.0
61.622,0.815,4.917,43.0
64.125,0.851,4.742,85.0
64.133,0.854,4.368,78.0
40.126,0.545,3.84,50.0
39.752,0.541,3.571,56.0
56.208,0.767,4.721,57.0
64.391,0.882,5.025,30.0
64.155,0.881,4.632,82.0
64.087,0.882,4.253,93.0
40.005,0.56,3.758,47.0
39.884,0.56,3.513,59.0
88.918,1.252,7.311,6.0
64.331,0.908,4.906,10.0
91.301,1.292,6.43,17.0
64.047,0.908,4.138,66.0
39.887,0.575,3.675,59.0
73.555,1.062,6.347,33.0
91.708,1.327,7.376,21.0
91.779,1.331,6.837,35.0
64.13,0.931,4.402,5.0
63.931,0.93,4.015,40.0
39.729,0.587,3.589,73.0
73.507,1.088,6.21,6.0
78.054,1.157,6.136,8.0
91.449,1.358,6.645,54.0
91.803,1.365,6.135,72.0
63.766,0.95,3.889,26.0
39.848,0.602,3.527,67.0
63.445,0.96,5.243,2.0
91.787,1.39,7.047,4.0
91.766,1.392,6.5,42.0
125.197,1.901,8.137,10.0
54.958,0.835,3.252,72.0
39.911,0.615,3.459,63.0
84.893,1.309,6.86,12.0
91.205,1.407,6.835,33.0
91.782,1.418,6.332,60.0
76.46,1.182,4.829,41.0
54.924,0.849,3.148,75.0
39.946,0.626,3.387,22.0
78.058,1.223,6.162,10.0
91.357,1.432,6.676,2.0
91.771,1.44,6.161,31.0
63.6,0.998,3.898,37.0
54.916,0.862,3.045,76.0
77.345,1.229,6.412,10.0
91.153,1.449,7.023,18.0
91.769,1.459,6.533,16.0
124.122,1.972,8.098,19.0
54.953,0.873,3.265,49.0
54.963,0.873,2.945,80.0
76.388,1.228,6.19,11.0
122.94,1.976,9.241,24.0
91.788,1.474,6.362,67.0
76.406,1.227,4.841,36.0
54.906,0.881,3.158,65.0
55.012,0.883,2.844,54.0
78.057,1.266,6.175,10.0
85.122,1.38,6.235,3.0
124.93,2.024,8.42,21.0
63.059,1.021,3.874,40.0
54.911,0.888,3.053,75.0
55.042,0.89,2.739,69.0
91.144,1.489,7.034,13.0
91.756,1.497,6.543,47.0
123.932,2.02,8.111,15.0
62.47,1.017,3.717,12.0
54.966,0.894,2.95,80.0
55.062,0.895,2.633,53.0
91.229,1.497,6.863,3.0
91.781,1.504,6.366,41.0
76.39,1.25,4.851,28.0
54.885,0.897,3.159,60.0
55.018,0.898,2.845,62.0
55.096,0.898,2.527,5.0
89.34,1.469,6.545,2.0
124.919,2.052,8.419,22.0
62.862,1.03,3.869,38.0
54.897,0.898,3.052,70.0
55.05,0.899,2.74,71.0
130.217,2.124,5.721,31.0
91.785,1.509,6.543,46.0
123.863,2.033,8.106,15.0
62.515,1.024,3.724,13.0
54.968,0.898,2.948,79.0
55.065,0.898,2.631,49.0
130.267,2.122,5.465,18.0
91.803,1.506,6.362,34.0
76.4,1.25,4.847,23.0
54.88,0.896,3.16,62.0
55.013,0.896,2.84,62.0
55.105,0.895,2.524,5.0
59.353,0.962,2.371,2.0
100.871,1.646,6.787,3.0
62.941,1.025,3.866,39.0
54.913,0.892,3.052,74.0
55.031,0.891,2.731,74.0
130.367,2.106,5.71,30.0
161.581,2.604,6.136,12.0
76.404,1.238,4.988,5.0
54.946,0.888,3.266,46.0
54.963,0.885,2.946,80.0
55.043,0.884,2.622,61.0
130.301,2.087,5.449,24.0
132.669,2.119,4.773,17.0
76.407,1.226,4.836,29.0
54.897,0.878,3.153,68.0
54.994,0.877,2.837,52.0
55.08,0.875,2.514,33.0
59.334,0.939,2.361,4.0
132.801,2.096,4.509,33.0
63.314,1.003,3.878,39.0
54.922,0.867,3.042,89.0
55.012,0.866,2.725,101.0
55.125,0.864,2.403,12.0
163.024,2.547,6.156,10.0
132.916,2.069,4.243,24.0
54.946,0.858,3.253,74.0
54.964,0.855,2.933,89.0
55.018,0.852,2.614,90.0
59.349,0.916,2.467,5.0
132.734,2.039,4.742,14.0
163.0,2.494,4.872,19.0
54.933,0.843,3.14,91.0
54.99,0.84,2.822,101.0
55.033,0.837,2.503,82.0
59.374,0.899,2.347,6.0
132.838,2.002,4.476,38.0
160.058,2.401,4.461,10.0
54.948,0.826,3.029,118.0
55.002,0.823,2.711,108.0
55.043,0.819,2.391,77.0
163.118,2.416,6.117,18.0
132.994,1.96,4.211,18.0
176.369,2.587,4.557,22.0
54.973,0.807,2.919,126.0
54.998,0.803,2.599,98.0
55.064,0.8,2.28,77.0
55.112,0.796,1.955,11.0
163.133,2.344,4.834,15.0
176.735,2.526,4.209,21.0
54.99,0.786,2.809,129.0
55.008,0.782,2.487,111.0
55.061,0.778,2.168,82.0
55.08,0.773,1.841,55.0
163.175,2.278,4.503,8.0
190.193,2.638,4.14,23.0
55.012,0.763,2.697,113.0
55.01,0.758,2.376,116.0
55.056,0.753,2.056,90.0
55.051,0.749,1.73,57.0
55.138,0.745,1.411,0.0
190.228,2.553,3.76,12.0
55.013,0.738,2.587,125.0
55.014,0.732,2.266,119.0
55.032,0.728,1.945,99.0
55.055,0.722,1.619,59.0
55.116,0.718,1.299,7.0
189.06,2.447,3.358,15.0
54.994,0.71,2.474,104.0
55.013,0.704,2.153,116.0
55.012,0.699,1.832,115.0
55.038,0.694,1.507,76.0
55.093,0.689,1.187,42.0
48.239,0.598,0.758,28.0
54.997,0.68,2.363,83.0
55.017,0.675,2.043,124.0
55.005,0.669,1.722,115.0
55.028,0.663,1.396,79.0
55.064,0.658,1.076,53.0
48.152,0.57,0.661,55.0
54.996,0.649,2.253,91.0
55.003,0.643,1.932,129.0
55.029,0.637,1.611,52.0
48.185,0.552,1.126,45.0
48.148,0.546,0.844,60.0
48.107,0.54,0.563,94.0
55.016,0.615,2.143,120.0
55.01,0.608,1.821,53.0
48.182,0.527,1.314,64.0
48.126,0.521,1.027,82.0
48.105,0.515,0.746,96.0
48.083,0.509,0.465,95.0
48.198,0.507,1.78,54.0
48.171,0.501,1.497,89.0
48.133,0.495,1.215,93.0
48.108,0.489,0.93,95.0
48.089,0.482,0.649,99.0
48.067,0.476,0.369,95.0
48.156,0.473,1.681,93.0
48.13,0.467,1.399,93.0
48.112,0.46,1.118,100.0
48.08,0.454,0.832,105.0
48.065,0.448,0.552,92.0
48.037,0.441,0.272,97.0
48.137,0.438,1.584,87.0
48.126,0.431,1.303,113.0
48.112,0.425,1.021,108.0
48.072,0.418,0.736,110.0
48.054,0.412,0.456,106.0
48.025,0.405,0.176,89.0
48.129,0.401,1.487,129.0
48.113,0.394,1.207,115.0
48.098,0.388,0.926,112.0
48.054,0.381,0.64,112.0
48.053,0.374,0.361,96.0
47.919,0.366,0.081,56.0
48.116,0.362,1.392,113.0
48.122,0.355,1.112,113.0
48.105,0.349,0.831,104.0
48.084,0.341,0.546,73.0
48.118,0.335,0.266,48.0
0.0,0.0,0.0,0.0
48.135,0.322,1.298,107.0
48.128,0.315,1.017,94.0
48.121,0.308,0.737,62.0
48.154,0.301,0.453,55.0
48.169,0.294,0.172,47.0
43.915,0.261,-0.098,3.0
48.158,0.281,1.205,81.0
48.166,0.273,0.925,61.0
48.218,0.266,0.644,33.0
55.081,0.296,0.41,32.0
54.482,0.284,0.089,7.0
38.952,0.197,-0.162,46.0
59.28,0.292,1.368,25.0
59.292,0.282,1.023,135.0
59.295,0.273,0.677,114.0
59.339,0.263,0.326,41.0
0.0,0.0,0.0,0.0
38.185,0.157,-0.233,13.0
79.423,0.316,1.679,50.0
79.442,0.303,1.218,150.0
79.464,0.291,0.757,11.0
54.998,0.192,0.199,28.0
40.549,0.135,-0.089,15.0
37.919,0.12,-0.303,2.0
79.459,0.239,1.529,151.0
79.469,0.226,1.068,151.0
76.661,0.205,0.584,29.0
47.985,0.12,0.081,16.0
39.186,0.091,-0.16,40.0
33.088,0.071,-0.328,1.0
79.45,0.158,1.378,159.0
79.466,0.144,0.916,151.0
75.867,0.125,0.433,9.0
0.0,0.0,0.0,0.0
38.477,0.05,-0.231,13.0
30.978,0.034,-0.366,1.0
79.461,0.075,1.229,152.0
79.458,0.061,0.767,150.0
59.27,0.035,0.228,9.0
43.778,0.018,-0.089,3.0
38.256,0.009,-0.3,1.0
29.686,0.001,-0.406,2.0
79.459,-0.009,1.082,151.0
79.143,-0.023,0.617,10.0
50.797,-0.024,0.101,3.0
39.708,-0.026,-0.155,28.0
33.046,-0.028,-0.321,1.0
28.67,-0.029,-0.445,2.0
79.472,-0.098,0.934,151.0
76.114,-0.108,0.452,16.0
45.927,-0.074,0.006,20.0
38.951,-0.07,-0.224,12.0
31.481,-0.062,-0.364,2.0
27.382,-0.06,-0.476,1.0
79.445,-0.189,0.789,150.0
61.494,-0.158,0.253,10.0
42.182,-0.117,-0.071,17.0
37.503,-0.111,-0.284,2.0
29.874,-0.094,-0.4,2.0
26.473,-0.088,-0.508,2.0
79.298,-0.282,0.644,50.0
0.0,0.0,0.0,0.0
0.0,0.0,0.0,0.0
33.523,-0.139,-0.314,1.0
28.876,-0.125,-0.438,1.0
25.424,-0.115,-0.533,1.0
76.56,-0.364,0.485,12.0
47.109,-0.233,0.025,21.0
39.653,-0.205,-0.208,6.0
31.466,-0.169,-0.35,1.0
27.668,-0.154,-0.469,2.0
24.354,-0.141,-0.554,3.0
61.349,-0.368,0.28,13.0
0.0,0.0,0.0,0.0
39.541,-0.254,-0.277,6.0
30.093,-0.199,-0.388,1.0
26.612,-0.182,-0.498,2.0
23.557,-0.166,-0.577,2.0
53.857,-0.392,0.151,11.0
46.908,-0.351,-0.139,7.0
33.895,-0.261,-0.297,1.0
29.1,-0.23,-0.426,2.0
25.726,-0.209,-0.526,1.0
22.744,-0.19,-0.597,1.0
50.521,-0.433,0.056,4.0
42.266,-0.371,-0.197,5.0
32.276,-0.29,-0.337,1.0
28.048,-0.258,-0.458,3.0
24.674,-0.233,-0.546,1.0
21.929,-0.211,-0.612,1.0
50.883,-0.503,-0.028,11.0
38.551,-0.389,-0.244,11.0
30.599,-0.316,-0.371,2.0
26.961,-0.284,-0.485,1.0
23.769,-0.256,-0.565,1.0
21.192,-0.233,-0.627,1.0
53.386,-0.599,-0.117,1.0
36.36,-0.416,-0.29,0.0
29.583,-0.345,-0.407,2.0
26.049,-0.31,-0.512,1.0
23.09,-0.28,-0.587,2.0
20.457,-0.253,-0.639,1.0
44.715,-0.563,-0.171,3.0
33.064,-0.424,-0.318,1.0
28.576,-0.373,-0.44,1.0
25.207,-0.335,-0.536,2.0
22.321,-0.302,-0.604,1.0
19.911,-0.274,-0.654,1.0
42.56,-0.595,-0.231,3.0
31.432,-0.447,-0.352,1.0
27.576,-0.398,-0.468,1.0
24.309,-0.357,-0.555,2.0
21.545,-0.322,-0.617,1.0
19.288,-0.292,-0.664,2.0
37.836,-0.583,-0.264,0.0
30.088,-0.47,-0.383,1.0
26.592,-0.422,-0.493,1.0
23.456,-0.378,-0.572,1.0
20.943,-0.343,-0.632,1.0
18.828,-0.312,-0.677,1.0
34.465,-0.58,-0.293,1.0
29.201,-0.499,-0.417,1.0
25.779,-0.447,-0.517,1.0
22.797,-0.401,-0.591,1.0
20.3,-0.362,-0.644,2.0
18.358,-0.332,-0.688,1.0
32.857,-0.602,-0.329,1.0
28.239,-0.524,-0.446,1.0
25.013,-0.47,-0.539,1.0
22.095,-0.421,-0.606,2.0
19.744,-0.381,-0.655,1.0
17.911,-0.35,-0.698,1.0
31.106,-0.615,-0.357,1.0
27.294,-0.547,-0.471,1.0
24.141,-0.49,-0.555,1.0
21.494,-0.442,-0.621,1.0
19.279,-0.401,-0.668,1.0
17.512,-0.369,-0.708,1.0
29.965,-0.638,-0.388,1.0
26.472,-0.571,-0.495,1.0
23.451,-0.511,-0.573,1.0
20.816,-0.459,-0.631,1.0
18.765,-0.419,-0.677,1.0
17.088,-0.386,-0.715,1.0
29.183,-0.666,-0.419,2.0
25.734,-0.594,-0.517,1.0
22.806,-0.532,-0.59,2.0
20.264,-0.479,-0.643,1.0
18.337,-0.438,-0.687,1.0
16.754,-0.404,-0.725,1.0
27.862,-0.679,-0.438,3.0
25.031,-0.617,-0.538,1.0
22.132,-0.551,-0.603,1.0
19.8,-0.498,-0.655,1.0
17.937,-0.456,-0.697,1.0
16.371,-0.421,-0.73,1.0
27.341,-0.709,-0.467,1.0
24.244,-0.635,-0.553,1.0
21.469,-0.568,-0.613,1.0
19.312,-0.517,-0.665,1.0
17.606,-0.476,-0.707,1.0
16.04,-0.438,-0.737,1.0
26.602,-0.733,-0.489,1.0
23.535,-0.655,-0.568,2.0
20.906,-0.587,-0.625,2.0
18.861,-0.535,-0.674,1.0
17.25,-0.494,-0.716,1.0
15.718,-0.454,-0.742,1.0
25.909,-0.755,-0.51,1.0
22.989,-0.676,-0.584,1.0
20.445,-0.607,-0.637,1.0
18.458,-0.553,-0.683,1.0
16.892,-0.511,-0.722,0.0
15.453,-0.472,-0.75,1.0
25.246,-0.777,-0.528,1.0
22.378,-0.695,-0.597,1.0
19.988,-0.626,-0.647,1.0
18.12,-0.573,-0.693,1.0
16.511,-0.527,-0.726,1.0
15.193,-0.489,-0.756,1.0
24.581,-0.797,-0.544,1.0
21.855,-0.714,-0.609,1.0
19.588,-0.646,-0.658,1.0
17.783,-0.591,-0.701,1.0
16.236,-0.545,-0.733,1.0
14.966,-0.506,-0.762,1.0
23.87,-0.813,-0.556,1.0
21.298,-0.731,-0.618,1.0
19.174,-0.664,-0.666,1.0
17.443,-0.609,-0.708,1.0
15.936,-0.561,-0.738,1.0
14.703,-0.522,-0.766,1.0
23.407,-0.836,-0.572,2.0
20.847,-0.751,-0.629,1.0
18.803,-0.683,-0.675,1.0
17.146,-0.627,-0.715,1.0
15.667,-0.578,-0.743,1.0
14.475,-0.538,-0.77,1.0
22.938,-0.858,-0.586,2.0
20.376,-0.768,-0.637,1.0
18.501,-0.703,-0.684,1.0
16.841,-0.645,-0.721,1.0
15.432,-0.595,-0.749,1.0
14.279,-0.555,-0.775,1.0
22.403,-0.876,-0.596,1.0
20.003,-0.788,-0.646,1.0
18.162,-0.721,-0.691,1.0
16.541,-0.661,-0.725,1.0
15.224,-0.613,-0.755,1.0
14.074,-0.571,-0.778,1.0
21.911,-0.894,-0.605,1.0
19.642,-0.807,-0.655,1.0
17.834,-0.738,-0.696,1.0
16.333,-0.681,-0.733,1.0
15.015,-0.631,-0.76,1.0
13.901,-0.588,-0.783,1.0
21.489,-0.913,-0.615,1.0
19.309,-0.827,-0.663,1.0
17.585,-0.758,-0.704,1.0
16.041,-0.696,-0.735,1.0
14.79,-0.647,-0.762,1.0
13.742,-0.605,-0.787,1.0
21.083,-0.933,-0.623,1.0
18.985,-0.845,-0.669,1.0
17.35,-0.778,-0.711,1.0
15.817,-0.714,-0.74,1.0
14.624,-0.665,-0.767,1.0
13.594,-0.622,-0.791,1.0
20.699,-0.951,-0.631,1.0
18.706,-0.865,-0.676,1.0
17.098,-0.796,-0.716,1.0
15.612,-0.732,-0.744,1.0
14.434,-0.681,-0.77,1.0
13.462,-0.64,-0.795,1.0
20.361,-0.971,-0.638,1.0
18.438,-0.885,-0.683,2.0
16.881,-0.816,-0.721,1.0
15.429,-0.75,-0.748,1.0
14.28,-0.699,-0.774,1.0
13.305,-0.655,-0.797,1.0
20.052,-0.991,-0.645,1.0
18.183,-0.904,-0.688,1.0
16.649,-0.833,-0.725,1.0
15.257,-0.768,-0.753,1.0
14.107,-0.715,-0.776,1.0
13.195,-0.673,-0.801,1.0
19.754,-1.011,-0.651,1.0
17.97,-0.925,-0.694,2.0
16.406,-0.85,-0.727,1.0
15.108,-0.788,-0.757,1.0
13.964,-0.733,-0.779,1.0
13.066,-0.69,-0.804,1.0
19.53,-1.034,-0.658,2.0
17.762,-0.946,-0.7,1.0
16.226,-0.869,-0.731,1.0
14.954,-0.806,-0.76,1.0
13.845,-0.751,-0.782,1.0
12.958,-0.707,-0.806,0.0
19.287,-1.055,-0.664,1.0
17.583,-0.967,-0.705,1.0
16.047,-0.888,-0.734,1.0
14.803,-0.824,-0.763,1.0
13.746,-0.77,-0.786,1.0
12.856,-0.724,-0.809,1.0
19.027,-1.074,-0.667,1.0
17.395,-0.987,-0.709,1.0
15.889,-0.907,-0.737,1.0
14.677,-0.842,-0.766,1.0
13.651,-0.788,-0.79,1.0
12.744,-0.74,-0.81,1.0
18.892,-1.099,-0.674,2.0
17.233,-1.008,-0.713,1.0
15.764,-0.927,-0.741,1.0
14.556,-0.861,-0.768,1.0
13.527,-0.805,-0.791,1.0
12.672,-0.758,-0.813,1.0
18.673,-1.119,-0.677,5.0
17.032,-1.027,-0.714,1.0
15.653,-0.948,-0.745,1.0
14.456,-0.881,-0.771,1.0
13.467,-0.825,-0.795,1.0
12.574,-0.774,-0.813,1.0
18.519,-1.143,-0.682,2.0
16.921,-1.049,-0.719,1.0
15.551,-0.97,-0.748,1.0
14.331,-0.898,-0.772,1.0
13.384,-0.843,-0.797,1.0
12.518,-0.793,-0.816,1.0
18.344,-1.164,-0.685,1.0
16.793,-1.071,-0.722,2.0
15.415,-0.988,-0.749,1.0
14.236,-0.917,-0.774,1.0
13.305,-0.862,-0.798,1.0
12.449,-0.81,-0.818,1.0
18.144,-1.183,-0.686,0.0
16.625,-1.089,-0.722,5.0
15.307,-1.008,-0.751,1.0
14.159,-0.937,-0.776,1.0
13.223,-0.879,-0.799,1.0
12.373,-0.827,-0.818,0.0
18.044,-1.207,-0.689,0.0
16.546,-1.113,-0.725,2.0
15.265,-1.032,-0.755,2.0
14.064,-0.955,-0.776,1.0
13.165,-0.898,-0.801,1.0
12.315,-0.844,-0.819,1.0
17.976,-1.234,-0.693,1.0
16.403,-1.131,-0.725,3.0
15.073,-1.044,-0.751,2.0
13.995,-0.974,-0.778,1.0
13.112,-0.917,-0.802,1.0
12.266,-0.862,-0.82,0.0
17.765,-1.25,-0.691,1.0
16.289,-1.152,-0.725,3.0
15.058,-1.07,-0.755,0.0
13.983,-0.998,-0.781,1.0
13.049,-0.935,-0.803,0.0
12.242,-0.882,-0.822,0.0
17.844,-1.286,-0.7,0.0
16.155,-1.17,-0.724,5.0
14.989,-1.09,-0.756,1.0
13.883,-1.014,-0.779,1.0
13.026,-0.956,-0.805,1.0
12.207,-0.9,-0.823,0.0
17.768,-1.311,-0.701,0.0
16.061,-1.19,-0.724,7.0
14.929,-1.111,-0.756,0.0
13.807,-1.032,-0.778,1.0
13.013,-0.977,-0.807,1.0
12.176,-0.918,-0.823,0.0
17.68,-1.334,-0.701,0.0
16.034,-1.215,-0.726,3.0
14.826,-1.128,-0.754,1.0
13.817,-1.056,-0.782,1.0
12.936,-0.993,-0.804,1.0
12.161,-0.938,-0.824,0.0
17.625,-1.36,-0.702,0.0
16.248,-1.259,-0.738,0.0
14.808,-1.152,-0.755,1.0
13.816,-1.079,-0.784,1.0
12.857,-1.009,-0.801,0.0
12.146,-0.957,-0.825,0.0
17.597,-1.387,-0.703,1.0
16.176,-1.28,-0.737,0.0
14.755,-1.172,-0.755,0.0
13.81,-1.102,-0.785,3.0
12.891,-1.033,-0.805,0.0
12.112,-0.974,-0.824,2.0
17.57,-1.414,-0.704,0.0
16.12,-1.302,-0.735,0.0
14.726,-1.194,-0.754,0.0
13.755,-1.12,-0.783,3.0
12.875,-1.053,-0.805,0.0
12.061,-0.99,-0.821,1.0
17.557,-1.441,-0.704,0.0
16.122,-1.329,-0.736,1.0
14.93,-1.235,-0.765,0.0
13.75,-1.142,-0.783,2.0
12.878,-1.074,-0.805,0.0
12.038,-1.008,-0.82,0.0
17.546,-1.469,-0.704,0.0
16.136,-1.356,-0.737,1.0
14.845,-1.252,-0.761,0.0
13.729,-1.162,-0.781,1.0
12.885,-1.095,-0.805,0.0
12.06,-1.029,-0.821,0.0
0.0,0.0,0.0,0.0
16.206,-1.387,-0.739,2.0
14.867,-1.277,-0.761,0.0
13.781,-1.188,-0.784,0.0
12.897,-1.116,-0.805,0.0
12.101,-1.051,-0.823,0.0
17.328,-1.505,-0.693,1.0
16.216,-1.414,-0.739,2.0
14.876,-1.301,-0.76,0.0
13.844,-1.216,-0.786,0.0
12.875,-1.135,-0.803,0.0
12.136,-1.073,-0.824,0.0
17.497,-1.547,-0.698,0.0
16.233,-1.44,-0.738,3.0
14.891,-1.326,-0.759,0.0
13.836,-1.236,-0.784,0.0
12.834,-1.151,-0.798,0.0
12.154,-1.094,-0.824,0.0
17.613,-1.585,-0.7,0.0
16.243,-1.466,-0.736,6.0
14.932,-1.353,-0.759,0.0
13.87,-1.261,-0.783,0.0
12.987,-1.185,-0.806,0.0
12.193,-1.116,-0.824,0.0
17.721,-1.621,-0.701,0.0
16.252,-1.492,-0.733,9.0
14.979,-1.38,-0.758,0.0
13.904,-1.285,-0.782,0.0
13.037,-1.209,-0.806,0.0
12.169,-1.132,-0.82,0.0
17.781,-1.653,-0.699,0.0
16.272,-1.518,-0.73,10.0
15.028,-1.406,-0.757,0.0
13.936,-1.308,-0.781,0.0
13.075,-1.232,-0.805,0.0
12.289,-1.161,-0.825,0.0
17.856,-1.687,-0.697,0.0
16.277,-1.542,-0.726,11.0
15.143,-1.439,-0.759,0.0
13.988,-1.334,-0.78,0.0
13.121,-1.255,-0.804,0.0
12.309,-1.181,-0.823,0.0
17.94,-1.72,-0.695,0.0
16.289,-1.567,-0.721,10.0
15.174,-1.464,-0.756,0.0
14.054,-1.36,-0.779,0.0
13.173,-1.279,-0.803,0.0
12.344,-1.202,-0.821,0.0
18.077,-1.759,-0.695,0.0
16.299,-1.591,-0.716,9.0
15.272,-1.495,-0.755,0.0
14.109,-1.385,-0.777,0.0
13.226,-1.303,-0.801,0.0
12.389,-1.224,-0.819,0.0
18.195,-1.796,-0.693,0.0
16.314,-1.615,-0.711,7.0
15.348,-1.524,-0.753,0.0
14.212,-1.415,-0.777,0.0
13.284,-1.327,-0.8,0.0
12.463,-1.248,-0.819,0.0
18.285,-1.83,-0.689,0.0
16.327,-1.639,-0.705,2.0
15.466,-1.557,-0.752,1.0
14.293,-1.443,-0.775,0.0
13.341,-1.35,-0.797,1.0
12.533,-1.272,-0.818,0.0
18.455,-1.872,-0.687,0.0
16.352,-1.663,-0.698,1.0
15.563,-1.587,-0.75,1.0
14.396,-1.472,-0.774,1.0
13.428,-1.377,-0.796,1.0
12.6,-1.296,-0.816,0.0
18.621,-1.914,-0.684,1.0
16.399,-1.689,-0.692,0.0
15.708,-1.622,-0.749,1.0
14.495,-1.501,-0.773,1.0
13.522,-1.404,-0.795,1.0
12.672,-1.319,-0.815,0.0
18.778,-1.954,-0.68,1.0
16.595,-1.731,-0.692,0.0
15.797,-1.652,-0.745,0.0
14.569,-1.527,-0.769,1.0
13.608,-1.43,-0.793,1.0
12.756,-1.344,-0.813,0.0
18.969,-1.997,-0.677,1.0
17.203,-1.816,-0.708,0.0
15.984,-1.691,-0.745,1.0
14.664,-1.556,-0.765,0.0
13.717,-1.459,-0.791,0.0
12.831,-1.368,-0.811,0.0
19.216,-2.047,-0.674,1.0
17.525,-1.871,-0.711,0.0
16.139,-1.727,-0.743,1.0
14.835,-1.592,-0.766,1.0
13.801,-1.484,-0.788,0.0
12.934,-1.395,-0.809,0.0
19.629,-2.115,-0.677,2.0
17.678,-1.909,-0.706,0.0
16.229,-1.756,-0.737,2.0
14.991,-1.626,-0.764,1.0
13.9,-1.511,-0.785,0.0
13.021,-1.419,-0.806,0.0
19.919,-2.169,-0.674,4.0
17.845,-1.947,-0.701,0.0
16.273,-1.78,-0.728,3.0
15.105,-1.656,-0.76,0.0
14.024,-1.541,-0.782,0.0
13.135,-1.446,-0.804,0.0
19.996,-2.2,-0.663,10.0
18.044,-1.989,-0.697,0.0
16.284,-1.799,-0.718,2.0
15.257,-1.689,-0.757,0.0
14.159,-1.571,-0.78,0.0
13.245,-1.473,-0.802,0.0
20.196,-2.243,-0.656,10.0
18.295,-2.036,-0.694,0.0
16.317,-1.82,-0.708,1.0
15.428,-1.724,-0.755,1.0
14.299,-1.602,-0.777,0.0
13.378,-1.502,-0.801,0.0
20.467,-2.295,-0.65,12.0
18.536,-2.083,-0.69,0.0
16.383,-1.844,-0.698,1.0
15.622,-1.762,-0.753,1.0
14.46,-1.634,-0.776,0.0
13.498,-1.529,-0.797,0.0
20.693,-2.342,-0.642,11.0
18.775,-2.129,-0.684,1.0
16.533,-1.878,-0.692,0.0
15.828,-1.801,-0.75,1.0
14.602,-1.665,-0.772,0.0
13.611,-1.555,-0.794,0.0
21.066,-2.404,-0.637,13.0
19.302,-2.207,-0.688,3.0
17.287,-1.98,-0.71,0.0
16.047,-1.842,-0.748,1.0
14.744,-1.695,-0.767,0.0
13.743,-1.583,-0.79,0.0
21.402,-2.463,-0.63,15.0
19.499,-2.248,-0.679,7.0
17.634,-2.036,-0.71,0.0
16.207,-1.875,-0.742,2.0
14.955,-1.733,-0.766,1.0
13.893,-1.613,-0.787,0.0
21.783,-2.527,-0.622,21.0
19.714,-2.291,-0.67,15.0
17.861,-2.079,-0.704,1.0
16.259,-1.895,-0.73,8.0
15.139,-1.768,-0.762,0.0
14.076,-1.647,-0.785,0.0
22.34,-2.611,-0.619,31.0
19.959,-2.336,-0.661,19.0
18.141,-2.127,-0.699,1.0
16.298,-1.914,-0.718,7.0
15.37,-1.808,-0.76,1.0
14.243,-1.678,-0.782,0.0
22.474,-2.645,-0.603,24.0
20.265,-2.389,-0.653,16.0
18.472,-2.18,-0.695,1.0
16.353,-1.933,-0.706,6.0
15.584,-1.845,-0.757,1.0
14.408,-1.709,-0.778,0.0
22.948,-2.719,-0.595,21.0
20.669,-2.452,-0.647,15.0
18.99,-2.256,-0.697,3.0
16.441,-1.956,-0.694,3.0
15.811,-1.884,-0.753,1.0
14.595,-1.742,-0.774,0.0
23.22,-2.768,-0.581,14.0
21.037,-2.511,-0.639,19.0
19.181,-2.293,-0.687,7.0
16.866,-2.019,-0.696,1.0
16.106,-1.931,-0.752,1.0
14.769,-1.773,-0.77,1.0
23.693,-2.841,-0.57,3.0
21.399,-2.569,-0.63,21.0
19.448,-2.338,-0.677,9.0
17.692,-2.13,-0.714,1.0
16.251,-1.959,-0.743,5.0
14.979,-1.808,-0.766,1.0
24.658,-2.973,-0.569,1.0
21.683,-2.617,-0.617,12.0
19.756,-2.388,-0.669,13.0
17.95,-2.172,-0.706,1.0
16.275,-1.972,-0.728,7.0
15.247,-1.85,-0.764,1.0
25.254,-3.061,-0.558,1.0
22.548,-2.736,-0.619,4.0
20.133,-2.445,-0.661,13.0
18.295,-2.225,-0.701,0.0
16.342,-1.989,-0.715,8.0
15.472,-1.886,-0.76,1.0
25.814,-3.144,-0.544,1.0
22.967,-2.8,-0.608,15.0
20.551,-2.508,-0.654,16.0
18.811,-2.298,-0.702,3.0
16.39,-2.004,-0.7,8.0
15.726,-1.925,-0.756,1.0
26.43,-3.233,-0.53,1.0
23.173,-2.837,-0.589,13.0
20.905,-2.562,-0.644,20.0
19.008,-2.331,-0.69,10.0
16.663,-2.046,-0.694,2.0
16.006,-1.967,-0.753,1.0
27.116,-3.33,-0.516,1.0
23.617,-2.903,-0.576,5.0
21.192,-2.607,-0.631,11.0
19.297,-2.376,-0.68,17.0
17.63,-2.172,-0.716,1.0
16.243,-2.003,-0.747,5.0
27.952,-3.445,-0.502,1.0
24.562,-3.029,-0.573,1.0
21.684,-2.676,-0.622,1.0
19.619,-2.423,-0.671,18.0
17.933,-2.217,-0.709,1.0
16.274,-2.014,-0.731,8.0
28.834,-3.565,-0.487,1.0
25.189,-3.117,-0.561,1.0
22.723,-2.813,-0.628,5.0
20.068,-2.486,-0.664,16.0
18.361,-2.277,-0.706,1.0
16.352,-2.029,-0.717,9.0
29.632,-3.675,-0.469,1.0
25.887,-3.212,-0.548,1.0
22.914,-2.845,-0.608,14.0
20.476,-2.544,-0.656,19.0
18.804,-2.338,-0.703,4.0
16.39,-2.039,-0.701,6.0
30.642,-3.809,-0.451,0.0
26.558,-3.303,-0.533,1.0
23.189,-2.886,-0.59,8.0
20.798,-2.59,-0.643,12.0
19.031,-2.371,-0.69,13.0
16.832,-2.098,-0.701,2.0
32.119,-4.002,-0.437,1.0
27.257,-3.397,-0.517,1.0
23.691,-2.954,-0.576,1.0
21.164,-2.64,-0.63,3.0
19.333,-2.413,-0.68,17.0
17.709,-2.211,-0.718,1.0
33.312,-4.157,-0.417,1.0
28.156,-3.515,-0.502,1.0
24.757,-3.092,-0.574,1.0
22.121,-2.764,-0.634,1.0
19.718,-2.465,-0.671,13.0
17.989,-2.249,-0.709,1.0
35.905,-4.487,-0.409,4.0
28.986,-3.624,-0.485,1.0
25.361,-3.171,-0.56,1.0
22.742,-2.845,-0.627,6.0
20.237,-2.532,-0.666,13.0
18.572,-2.325,-0.711,3.0
36.129,-4.52,-0.371,6.0
29.877,-3.738,-0.466,0.0
26.069,-3.263,-0.546,1.0
22.95,-2.873,-0.606,15.0
20.557,-2.574,-0.653,12.0
18.846,-2.36,-0.7,9.0
37.389,-4.681,-0.34,1.0
31.506,-3.944,-0.456,0.0
26.771,-3.352,-0.53,1.0
23.266,-2.914,-0.587,5.0
20.891,-2.617,-0.639,4.0
19.114,-2.395,-0.687,17.0
39.668,-4.967,-0.316,0.0
32.542,-4.075,-0.433,1.0
27.622,-3.459,-0.515,1.0
24.1,-3.018,-0.581,1.0
21.681,-2.716,-0.639,1.0
19.45,-2.436,-0.677,17.0
45.344,-5.678,-0.308,1.0
35.921,-4.497,-0.437,1.0
28.581,-3.578,-0.5,1.0
24.976,-3.127,-0.573,1.0
22.546,-2.823,-0.638,4.0
19.917,-2.494,-0.67,12.0
45.346,-5.676,-0.256,5.0
35.981,-4.503,-0.396,6.0
29.476,-3.688,-0.482,1.0
25.58,-3.2,-0.558,1.0
22.839,-2.857,-0.62,13.0
20.394,-2.551,-0.663,16.0
45.384,-5.676,-0.204,4.0
36.17,-4.522,-0.356,2.0
30.429,-3.804,-0.462,1.0
26.329,-3.29,-0.544,1.0
23.078,-2.884,-0.6,13.0
20.705,-2.587,-0.649,11.0
50.411,-6.297,-0.17,6.0
39.191,-4.894,-0.341,1.0
32.031,-3.998,-0.45,1.0
27.01,-3.371,-0.526,1.0
23.531,-2.936,-0.585,3.0
21.047,-2.625,-0.636,3.0
50.448,-6.291,-0.111,4.0
42.613,-5.312,-0.321,0.0
32.83,-4.091,-0.423,0.0
27.874,-3.472,-0.511,1.0
24.576,-3.06,-0.582,1.0
21.996,-2.738,-0.639,1.0
0.0,0.0,0.0,0.0
45.296,-5.635,-0.289,4.0
35.89,-4.463,-0.421,3.0
28.786,-3.578,-0.494,1.0
25.23,-3.134,-0.568,1.0
22.714,-2.821,-0.633,4.0
0.0,0.0,0.0,0.0
45.329,-5.625,-0.237,7.0
35.976,-4.462,-0.38,3.0
29.715,-3.684,-0.476,1.0
25.949,-3.215,-0.554,1.0
22.919,-2.838,-0.612,16.0
0.0,0.0,0.0,0.0
50.342,-6.23,-0.205,0.0
38.712,-4.788,-0.364,0.0
30.945,-3.825,-0.46,1.0
26.606,-3.287,-0.538,1.0
23.228,-2.868,-0.593,7.0
0.0,0.0,0.0,0.0
50.349,-6.211,-0.147,1.0
39.347,-4.85,-0.325,0.0
32.105,-3.955,-0.44,1.0
27.426,-3.376,-0.523,1.0
23.868,-2.936,-0.583,1.0
0.0,0.0,0.0,0.0
0.0,0.0,0.0,0.0
42.514,-5.222,-0.303,0.0
33.644,-4.129,-0.423,1.0
28.262,-3.466,-0.506,1.0
24.849,-3.045,-0.578,1.0
0.0,0.0,0.0,0.0
0.0,0.0,0.0,0.0
44.245,-5.412,-0.264,0.0
36.884,-4.508,-0.422,1.0
29.27,-3.574,-0.491,1.0
25.467,-3.107,-0.563,1.0
86.984,-10.614,0.507,4.0
0.0,0.0,0.0,0.0
50.314,-6.127,-0.244,0.0
37.253,-4.532,-0.384,3.0
30.219,-3.673,-0.473,1.0
26.167,-3.178,-0.55,1.0
87.021,-10.57,0.605,150.0
0.0,0.0,0.0,0.0
50.304,-6.097,-0.188,1.0
37.811,-4.578,-0.347,2.0
31.556,-3.817,-0.459,1.0
26.81,-3.24,-0.534,1.0
86.649,-10.471,0.699,11.0
0.0,0.0,0.0,0.0
50.362,-6.072,-0.133,1.0
39.866,-4.801,-0.322,0.0
32.54,-3.915,-0.437,1.0
27.657,-3.324,-0.52,1.0
86.23,-10.365,0.789,31.0
0.0,0.0,0.0,0.0
0.0,0.0,0.0,0.0
43.8,-5.245,-0.306,0.0
33.688,-4.029,-0.416,1.0
28.546,-3.41,-0.505,1.0
86.212,-10.302,0.883,39.0
90.026,-10.743,0.441,1.0
0.0,0.0,0.0,0.0
44.088,-5.247,-0.26,0.0
36.361,-4.322,-0.409,3.0
29.354,-3.485,-0.488,1.0
86.215,-10.237,0.977,44.0
87.275,-10.349,0.521,5.0
0.0,0.0,0.0,0.0
50.308,-5.949,-0.243,1.0
36.954,-4.364,-0.377,1.0
30.148,-3.556,-0.469,0.0
86.229,-10.172,1.068,59.0
87.286,-10.281,0.613,10.0
0.0,0.0,0.0,0.0
50.364,-5.914,-0.19,4.0
38.969,-4.57,-0.356,1.0
31.325,-3.668,-0.454,1.0
86.249,-10.102,1.159,172.0
87.103,-10.186,0.703,15.0
82.296,-9.608,0.224,1.0
50.456,-5.882,-0.138,7.0
39.847,-4.638,-0.322,1.0
32.394,-3.765,-0.436,0.0
86.255,-10.027,1.248,151.0
86.228,-10.007,0.786,35.0
0.0,0.0,0.0,0.0
50.431,-5.834,-0.086,1.0
0.0,0.0,0.0,0.0
33.201,-3.829,-0.414,0.0
86.208,-9.944,1.335,56.0
86.231,-9.928,0.873,80.0
0.0,0.0,0.0,0.0
0.0,0.0,0.0,0.0
45.137,-5.17,-0.274,0.0
34.536,-3.949,-0.395,0.0
86.237,-9.863,1.423,54.0
86.221,-9.843,0.959,150.0
87.328,-9.951,0.503,1.0
0.0,0.0,0.0,0.0
45.119,-5.123,-0.229,0.0
35.808,-4.058,-0.374,0.0
86.268,-9.781,1.508,59.0
86.251,-9.759,1.044,173.0
87.258,-9.854,0.586,6.0
67.904,-7.654,0.085,2.0
47.656,-5.362,-0.196,0.0
37.576,-4.22,-0.356,0.0
86.294,-9.694,1.591,46.0
86.261,-9.67,1.127,182.0
87.169,-9.752,0.67,8.0
0.0,0.0,0.0,0.0
0.0,0.0,0.0,0.0
39.528,-4.396,-0.338,1.0
86.339,-9.606,1.673,14.0
86.253,-9.576,1.207,86.0
86.442,-9.576,0.744,13.0
0.0,0.0,0.0,0.0
0.0,0.0,0.0,0.0
0.0,0.0,0.0,0.0
86.522,-9.529,1.756,0.0
86.26,-9.479,1.286,72.0
86.236,-9.455,0.822,38.0
0.0,0.0,0.0,0.0
0.0,0.0,0.0,0.0
0.0,0.0,0.0,0.0
86.803,-9.459,1.84,4.0
86.297,-9.383,1.364,53.0
86.276,-9.359,0.898,77.0
0.0,0.0,0.0,0.0
0.0,0.0,0.0,0.0
44.891,-4.837,-0.262,0.0
86.999,-9.377,1.921,5.0
86.366,-9.285,1.441,33.0
86.322,-9.259,0.974,163.0
87.355,-9.348,0.505,1.0
0.0,0.0,0.0,0.0
0.0,0.0,0.0,0.0
123.596,-13.169,2.834,28.0
86.462,-9.188,1.516,30.0
86.395,-9.159,1.048,150.0
86.997,-9.2,0.577,6.0
0.0,0.0,0.0,0.0
0.0,0.0,0.0,0.0
188.208,-19.814,4.473,35.0
86.692,-9.102,1.591,5.0
86.464,-9.055,1.119,21.0
86.791,-9.067,0.646,3.0
0.0,0.0,0.0,0.0
50.297,-5.227,-0.168,0.0
187.678,-19.51,4.611,44.0
0.0,0.0,0.0,0.0
87.008,-8.996,1.196,5.0
87.544,-9.028,0.721,1.0
0.0,0.0,0.0,0.0
50.471,-5.177,-0.129,0.0
187.915,-19.283,4.763,43.0
89.126,-9.12,1.776,2.0
89.381,-9.121,1.298,6.0
89.528,-9.111,0.806,3.0
0.0,0.0,0.0,0.0
50.486,-5.11,-0.091,2.0
188.097,-19.042,4.909,46.0
0.0,0.0,0.0,0.0
94.999,-9.562,1.45,7.0
94.596,-9.494,0.922,5.0
94.836,-9.491,0.41,2.0
0.0,0.0,0.0,0.0
188.12,-18.779,5.046,60.0
187.897,-18.699,4.021,38.0
95.952,-9.521,1.532,7.0
95.875,-9.485,1.002,2.0
90.767,-8.953,0.457,3.0
0.0,0.0,0.0,0.0
188.154,-18.509,5.179,42.0
149.573,-14.668,3.304,17.0
97.5,-9.531,1.625,6.0
97.367,-9.49,1.084,1.0
91.368,-8.878,0.522,1.0
0.0,0.0,0.0,0.0
149.411,-14.477,4.212,41.0
149.48,-14.437,3.401,105.0
0.0,0.0,0.0,0.0
100.696,-9.663,1.187,12.0
90.8,-8.687,0.577,1.0
0.0,0.0,0.0,0.0
148.913,-14.203,4.292,68.0
188.01,-17.872,4.396,47.0
108.781,-10.306,1.953,3.0
101.488,-9.584,1.259,1.0
0.0,0.0,0.0,0.0
0.0,0.0,0.0,0.0
187.954,-17.636,5.533,37.0
188.255,-17.603,4.517,51.0
108.932,-10.151,2.02,6.0
108.482,-10.076,1.41,76.0
0.0,0.0,0.0,0.0
0.0,0.0,0.0,0.0
188.157,-17.36,5.647,36.0
188.496,-17.328,4.63,38.0
188.293,-17.249,3.598,5.0
108.597,-9.914,1.473,62.0
108.781,-9.896,0.883,6.0
0.0,0.0,0.0,0.0
188.457,-17.088,5.757,24.0
188.389,-17.018,4.728,52.0
188.252,-16.943,3.698,14.0
109.122,-9.786,1.537,12.0
109.339,-9.771,0.944,1.0
0.0,0.0,0.0,0.0
149.605,-13.32,4.647,37.0
188.597,-16.728,4.83,47.0
157.267,-13.896,3.169,21.0
110.793,-9.752,1.616,7.0
111.363,-9.766,1.016,6.0
0.0,0.0,0.0,0.0
190.568,-16.648,6.013,24.0
157.38,-13.695,4.104,101.0
157.307,-13.635,3.243,14.0
0.0,0.0,0.0,0.0
121.812,-10.478,1.168,8.0
0.0,0.0,0.0,0.0
157.272,-13.474,5.031,61.0
165.019,-14.082,4.376,24.0
165.067,-14.029,3.474,65.0
0.0,0.0,0.0,0.0
121.924,-10.281,1.221,4.0
0.0,0.0,0.0,0.0
157.603,-13.233,5.106,39.0
165.071,-13.803,4.446,46.0
201.57,-16.785,4.325,28.0
0.0,0.0,0.0,0.0
122.112,-10.087,1.27,5.0
0.0,0.0,0.0,0.0
157.279,-12.934,5.155,67.0
194.747,-15.949,5.316,12.0
202.362,-16.501,4.415,10.0
0.0,0.0,0.0,0.0
0.0,0.0,0.0,0.0
0.0,0.0,0.0,0.0
164.575,-13.244,5.452,45.0
204.733,-16.404,5.657,24.0
291.107,-23.221,6.446,38.0
128.075,-10.173,2.121,3.0
128.103,-10.132,1.418,2.0
0.0,0.0,0.0,0.0
164.297,-12.932,5.492,12.0
212.822,-16.674,5.945,11.0
0.0,0.0,0.0,0.0
148.484,-11.527,2.501,39.0
130.357,-10.076,1.481,2.0
0.0,0.0,0.0,0.0
195.855,-15.062,6.601,39.0
196.775,-15.063,5.549,46.0
196.983,-15.009,4.471,59.0
148.544,-11.266,2.541,16.0
148.501,-11.21,1.724,153.0
92.777,-6.971,0.566,1.0
197.225,-14.811,6.693,53.0
196.728,-14.703,5.592,21.0
292.031,-21.72,6.693,17.0
0.0,0.0,0.0,0.0
0.0,0.0,0.0,0.0
0.0,0.0,0.0,0.0
195.35,-14.312,6.668,40.0
214.516,-15.638,6.139,8.0
204.899,-14.862,4.735,52.0
154.687,-11.165,2.706,5.0
0.0,0.0,0.0,0.0
0.0,0.0,0.0,0.0
196.264,-14.011,6.731,36.0
204.79,-14.544,5.893,27.0
212.888,-15.04,4.951,24.0
0.0,0.0,0.0,0.0
157.233,-10.998,1.907,5.0
0.0,0.0,0.0,0.0
208.366,-14.483,7.172,7.0
208.523,-14.418,6.025,28.0
228.565,-15.722,5.341,13.0
187.075,-12.8,3.321,6.0
0.0,0.0,0.0,0.0
0.0,0.0,0.0,0.0
208.195,-14.077,7.183,37.0
208.884,-14.046,6.053,32.0
237.204,-15.865,5.562,70.0
187.2,-12.454,3.336,151.0
0.0,0.0,0.0,0.0
0.0,0.0,0.0,0.0
208.239,-13.683,7.195,36.0
248.353,-16.228,7.208,155.0
248.365,-16.138,5.833,67.0
187.196,-12.096,3.341,150.0
0.0,0.0,0.0,0.0
0.0,0.0,0.0,0.0
227.77,-14.53,7.872,12.0
248.329,-15.752,7.208,54.0
0.0,0.0,0.0,0.0
0.0,0.0,0.0,0.0
0.0,0.0,0.0,0.0
0.0,0.0,0.0,0.0
228.143,-14.114,7.879,7.0
263.519,-16.205,7.638,42.0
0.0,0.0,0.0,0.0
0.0,0.0,0.0,0.0
0.0,0.0,0.0,0.0
0.0,0.0,0.0,0.0
212.387,-12.727,7.321,10.0
272.11,-16.202,7.869,39.0
271.732,-16.081,6.348,102.0
203.06,-11.945,3.597,6.0
0.0,0.0,0.0,0.0
0.0,0.0,0.0,0.0
244.444,-14.166,8.399,13.0
0.0,0.0,0.0,0.0
0.0,0.0,0.0,0.0
227.945,-12.957,4.01,150.0
0.0,0.0,0.0,0.0
0.0,0.0,0.0,0.0
0.0,0.0,0.0,0.0
0.0,0.0,0.0,0.0
0.0,0.0,0.0,0.0
233.884,-12.828,4.075,70.0
0.0,0.0,0.0,0.0
0.0,0.0,0.0,0.0
0.0,0.0,0.0,0.0
0.0,0.0,0.0,0.0
0.0,0.0,0.0,0.0
0.0,0.0,0.0,0.0
263.441,-13.707,8.909,9.0
0.0,0.0,0.0,0.0
0.0,0.0,0.0,0.0
0.0,0.0,0.0,0.0
0.0,0.0,0.0,0.0
0.0,0.0,0.0,0.0
0.0,0.0,0.0,0.0
0.0,0.0,0.0,0.0
0.0,0.0,0.0,0.0
0.0,0.0,0.0,0.0
0.0,0.0,0.0,0.0
0.0,0.0,0.0,0.0
0.0,0.0,0.0,0.0
0.0,0.0,0.0,0.0
0.0,0.0,0.0,0.0
0.0,0.0,0.0,0.0
0.0,0.0,0.0,0.0
0.0,0.0,0.0,0.0
0.0,0.0,0.0,0.0
0.0,0.0,0.0,0.0
0.0,0.0,0.0,0.0
0.0,0.0,0.0,0.0
174.903,-7.506,2.736,15.0
0.0,0.0,0.0,0.0
0.0,0.0,0.0,0.0
0.0,0.0,0.0,0.0
0.0,0.0,0.0,0.0
175.017,-7.226,3.66,12.0
174.438,-7.138,2.653,28.0
0.0,0.0,0.0,0.0
0.0,0.0,0.0,0.0
0.0,0.0,0.0,0.0
0.0,0.0,0.0,0.0
175.124,-6.877,3.579,6.0
174.866,-6.803,2.576,4.0
0.0,0.0,0.0,0.0
0.0,0.0,0.0,0.0
0.0,0.0,0.0,0.0
0.0,0.0,0.0,0.0
0.0,0.0,0.0,0.0
0.0,0.0,0.0,0.0
0.0,0.0,0.0,0.0
0.0,0.0,0.0,0.0
0.0,0.0,0.0,0.0
0.0,0.0,0.0,0.0
0.0,0.0,0.0,0.0
0.0,0.0,0.0,0.0
0.0,0.0,0.0,0.0
0.0,0.0,0.0,0.0
0.0,0.0,0.0,0.0
0.0,0.0,0.0,0.0
0.0,0.0,0.0,0.0
0.0,0.0,0.0,0.0
0.0,0.0,0.0,0.0
0.0,0.0,0.0,0.0
0.0,0.0,0.0,0.0
40.309,-1.276,0.96,22.0
40.332,-1.262,0.733,27.0
40.378,-1.249,0.503,7.0
0.0,0.0,0.0,0.0
40.264,-1.218,0.049,1.0
40.3,-1.209,1.16,26.0
40.351,-1.196,0.934,32.0
0.0,0.0,0.0,0.0
40.212,-1.165,0.474,0.0
40.197,-1.15,0.247,54.0
40.195,-1.136,0.021,66.0
40.222,-1.126,1.13,41.0
40.212,-1.112,0.903,44.0
40.228,-1.099,0.677,38.0
40.196,-1.084,0.446,49.0
40.175,-1.07,0.219,53.0
40.999,-1.078,-0.007,9.0
40.216,-1.047,1.101,57.0
40.192,-1.033,0.874,51.0
40.198,-1.019,0.647,64.0
40.223,-1.005,0.416,31.0
40.292,-0.993,0.19,7.0
40.308,-0.98,-0.037,150.0
40.209,-0.967,1.07,62.0
40.19,-0.953,0.843,58.0
40.326,-0.943,0.618,123.0
40.283,-0.928,0.386,23.0
40.307,-0.915,0.158,1.0
0.0,0.0,0.0,0.0
40.215,-0.889,1.038,60.0
40.213,-0.876,0.811,56.0
40.233,-0.863,0.584,56.0
40.259,-0.85,0.353,40.0
66.926,-1.39,0.209,1.0
0.0,0.0,0.0,0.0
40.256,-0.812,1.006,45.0
40.191,-0.797,0.777,44.0
40.261,-0.785,0.551,44.0
40.228,-0.771,0.319,58.0
40.275,-0.759,0.091,66.0
40.309,-0.746,-0.136,63.0
40.238,-0.733,0.971,45.0
40.21,-0.72,0.743,5.0
149.558,-2.628,1.916,8.0
40.281,-0.694,0.283,27.0
40.318,-0.681,0.055,3.0
46.249,-0.766,-0.197,2.0
262.079,-4.271,6.087,30.0
0.0,0.0,0.0,0.0
148.603,-2.323,1.766,8.0
81.705,-1.25,0.5,3.0
60.726,-0.909,0.027,0.0
42.865,-0.628,-0.223,2.0
86.938,-1.248,1.936,19.0
86.947,-1.22,1.443,150.0
86.953,-1.192,0.95,150.0
78.338,-1.048,0.404,4.0
54.583,-0.713,-0.027,3.0
42.197,-0.537,-0.26,2.0
79.444,-0.989,1.691,151.0
79.426,-0.962,1.24,255.0
79.453,-0.937,0.789,150.0
60.847,-0.697,0.252,3.0
54.281,-0.605,-0.082,19.0
38.524,-0.417,-0.277,11.0
79.441,-0.838,1.61,183.0
79.434,-0.813,1.159,204.0
79.467,-0.788,0.708,150.0
60.849,-0.583,0.19,7.0
50.533,-0.468,-0.128,12.0
36.622,-0.328,-0.301,0.0
79.437,-0.689,1.527,166.0
79.45,-0.663,1.075,186.0
79.27,-0.638,0.623,59.0
53.565,-0.414,0.111,9.0
44.932,-0.333,-0.162,5.0
33.926,-0.241,-0.315,0.0
79.441,-0.542,1.441,167.0
79.459,-0.517,0.989,170.0
76.848,-0.476,0.52,12.0
0.0,0.0,0.0,0.0
39.771,-0.222,-0.187,5.0
33.093,-0.174,-0.343,1.0
79.438,-0.395,1.353,165.0
79.452,-0.37,0.9,151.0
76.518,-0.333,0.432,12.0
46.154,-0.187,-0.006,13.0
39.162,-0.147,-0.228,7.0
31.986,-0.111,-0.368,2.0
79.45,-0.252,1.263,151.0
79.468,-0.227,0.81,151.0
61.703,-0.158,0.278,12.0
0.0,0.0,0.0,0.0
38.656,-0.076,-0.27,4.0
30.606,-0.05,-0.388,1.0
79.454,-0.109,1.169,151.0
79.425,-0.085,0.716,150.0
55.982,-0.043,0.186,19.0
43.733,-0.021,-0.108,5.0
38.209,-0.007,-0.312,2.0
29.799,0.003,-0.413,2.0
79.468,0.031,1.074,151.0
79.435,0.055,0.62,17.0
0.0,0.0,0.0,0.0
39.722,0.051,-0.147,35.0
33.587,0.053,-0.316,0.0
29.162,0.054,-0.44,2.0
79.468,0.173,0.974,151.0
76.127,0.188,0.498,27.0
47.757,0.131,0.04,21.0
38.829,0.118,-0.192,35.0
32.68,0.109,-0.349,1.0
28.401,0.103,-0.465,2.0
59.32,0.232,0.651,97.0
59.328,0.249,0.312,15.0
0.0,0.0,0.0,0.0
38.205,0.182,-0.239,14.0
31.217,0.157,-0.373,1.0
27.451,0.146,-0.485,1.0
48.195,0.271,0.466,56.0
48.169,0.284,0.191,61.0
44.018,0.272,-0.076,11.0
37.674,0.243,-0.284,5.0
30.242,0.203,-0.401,2.0
26.772,0.187,-0.508,2.0
48.074,0.351,0.402,102.0
48.01,0.364,0.127,75.0
39.442,0.31,-0.121,35.0
37.311,0.303,-0.331,0.0
29.429,0.247,-0.43,2.0
26.076,0.226,-0.53,2.0
48.061,0.431,0.336,110.0
47.795,0.442,0.061,53.0
38.493,0.366,-0.17,49.0
32.832,0.321,-0.336,1.0
28.627,0.288,-0.457,1.0
22.169,0.228,-0.481,2.0
48.048,0.51,0.27,88.0
0.0,0.0,0.0,0.0
37.786,0.421,-0.22,18.0
31.512,0.36,-0.367,2.0
27.607,0.322,-0.48,1.0
21.603,0.258,-0.499,4.0
48.053,0.588,0.201,75.0
44.054,0.55,-0.067,14.0
37.229,0.475,-0.27,7.0
30.276,0.394,-0.396,2.0
26.865,0.357,-0.505,2.0
20.928,0.283,-0.513,4.0
48.032,0.663,0.132,59.0
39.231,0.552,-0.116,41.0
37.018,0.53,-0.322,2.0
29.439,0.429,-0.427,2.0
26.234,0.389,-0.531,1.0
20.166,0.304,-0.524,3.0
47.76,0.734,0.062,43.0
38.088,0.595,-0.169,45.0
32.9,0.522,-0.334,1.0
28.45,0.459,-0.455,2.0
22.002,0.36,-0.478,4.0
19.649,0.327,-0.54,6.0
0.0,0.0,0.0,0.0
37.366,0.64,-0.221,24.0
31.312,0.545,-0.365,1.0
27.484,0.485,-0.481,1.0
21.265,0.38,-0.494,4.0
18.946,0.343,-0.549,7.0
39.958,0.735,-0.067,15.0
36.814,0.686,-0.273,12.0
30.171,0.569,-0.397,2.0
26.717,0.511,-0.508,1.0
20.56,0.398,-0.509,3.0
18.488,0.362,-0.564,9.0
38.98,0.774,-0.126,45.0
36.69,0.737,-0.329,1.0
29.276,0.595,-0.431,2.0
22.722,0.467,-0.467,5.0
19.85,0.413,-0.522,3.0
17.853,0.375,-0.572,7.0
37.555,0.8,-0.179,51.0
32.33,0.696,-0.34,1.0
28.199,0.614,-0.459,1.0
21.583,0.474,-0.477,4.0
19.305,0.429,-0.538,3.0
17.413,0.391,-0.585,6.0
36.918,0.838,-0.234,13.0
30.84,0.707,-0.373,1.0
27.207,0.63,-0.485,1.0
20.907,0.488,-0.495,4.0
18.707,0.441,-0.551,3.0
16.912,0.403,-0.595,3.0
36.494,0.878,-0.29,7.0
29.758,0.722,-0.407,2.0
23.465,0.575,-0.456,2.0
20.226,0.5,-0.512,3.0
18.053,0.45,-0.56,3.0
16.376,0.412,-0.603,2.0
33.188,0.843,-0.317,1.0
28.791,0.737,-0.44,1.0
22.116,0.571,-0.466,4.0
19.566,0.509,-0.526,3.0
17.569,0.461,-0.574,6.0
15.918,0.421,-0.612,3.0
31.515,0.841,-0.352,1.0
27.63,0.743,-0.468,1.0
21.313,0.578,-0.483,4.0
18.914,0.517,-0.54,3.0
17.091,0.471,-0.586,2.0
15.55,0.431,-0.623,4.0
30.161,0.843,-0.387,2.0
23.789,0.67,-0.442,2.0
20.595,0.584,-0.501,4.0
18.351,0.524,-0.554,3.0
16.507,0.475,-0.594,2.0
14.708,0.427,-0.614,2.0
29.209,0.853,-0.424,1.0
22.67,0.667,-0.46,4.0
19.859,0.588,-0.517,3.0
17.732,0.529,-0.566,3.0
16.014,0.481,-0.603,3.0
14.327,0.433,-0.622,3.0
28.036,0.853,-0.454,1.0
21.482,0.657,-0.471,4.0
19.165,0.59,-0.531,3.0
17.248,0.534,-0.579,2.0
15.147,0.472,-0.596,3.0
14.07,0.442,-0.635,3.0
24.068,0.76,-0.43,2.0
20.684,0.657,-0.489,4.0
18.468,0.59,-0.543,3.0
16.66,0.535,-0.588,2.0
14.642,0.473,-0.601,2.0
13.856,0.45,-0.649,3.0
22.997,0.752,-0.45,5.0
19.943,0.656,-0.505,3.0
17.848,0.59,-0.555,3.0
16.129,0.536,-0.596,2.0
14.391,0.481,-0.615,1.0
13.633,0.458,-0.662,3.0
21.643,0.731,-0.461,4.0
19.283,0.655,-0.522,3.0
17.356,0.592,-0.57,3.0
15.467,0.53,-0.599,2.0
13.998,0.483,-0.623,1.0
13.415,0.465,-0.674,3.0
20.863,0.727,-0.48,4.0
18.64,0.652,-0.537,3.0
16.833,0.592,-0.582,3.0
14.638,0.517,-0.592,9.0
13.648,0.485,-0.631,1.0
13.241,0.473,-0.689,4.0
20.193,0.724,-0.5,3.0
18.028,0.649,-0.55,3.0
16.241,0.587,-0.589,2.0
14.595,0.53,-0.615,19.0
13.323,0.486,-0.639,1.0
13.032,0.478,-0.701,7.0
19.469,0.717,-0.516,3.0
17.47,0.646,-0.564,6.0
15.696,0.583,-0.597,3.0
14.224,0.53,-0.625,14.0
13.069,0.49,-0.65,5.0
12.752,0.48,-0.708,4.0
18.738,0.707,-0.53,3.0
16.892,0.64,-0.575,2.0
14.692,0.559,-0.585,7.0
14.001,0.535,-0.64,12.0
13.061,0.501,-0.672,10.0
12.422,0.479,-0.712,2.0
18.065,0.698,-0.542,3.0
16.2,0.628,-0.58,3.0
14.629,0.57,-0.608,12.0
13.498,0.528,-0.641,6.0
13.041,0.512,-0.695,9.0
12.092,0.476,-0.714,2.0
17.542,0.693,-0.558,4.0
15.806,0.627,-0.594,6.0
14.522,0.578,-0.63,13.0
13.152,0.525,-0.648,5.0
12.789,0.513,-0.704,6.0
11.784,0.474,-0.717,2.0
16.963,0.684,-0.57,2.0
14.738,0.596,-0.58,7.0
14.122,0.573,-0.638,14.0
13.064,0.532,-0.667,9.0
12.55,0.513,-0.713,3.0
11.505,0.472,-0.721,2.0
16.372,0.673,-0.579,3.0
14.653,0.604,-0.603,14.0
13.561,0.561,-0.636,14.0
12.958,0.538,-0.685,7.0
12.197,0.508,-0.715,2.0
11.214,0.468,-0.723,2.0
15.893,0.665,-0.59,2.0
14.563,0.611,-0.625,15.0
13.303,0.56,-0.648,12.0
12.808,0.541,-0.7,3.0
11.859,0.502,-0.717,2.0
10.987,0.467,-0.728,2.0
14.923,0.635,-0.581,7.0
14.235,0.607,-0.637,14.0
13.04,0.558,-0.659,10.0
12.483,0.536,-0.704,2.0
11.568,0.498,-0.72,2.0
10.744,0.464,-0.731,2.0
14.664,0.633,-0.597,26.0
13.676,0.592,-0.636,14.0
13.014,0.565,-0.681,8.0
12.272,0.534,-0.714,1.0
11.255,0.491,-0.72,2.0
10.527,0.461,-0.735,2.0
14.598,0.64,-0.621,22.0
13.39,0.588,-0.647,12.0
12.877,0.567,-0.697,3.0
11.94,0.527,-0.716,1.0
11.012,0.487,-0.725,2.0
10.29,0.457,-0.737,2.0
14.29,0.634,-0.633,16.0
13.083,0.582,-0.655,10.0
12.485,0.557,-0.698,3.0
11.635,0.52,-0.719,2.0
10.781,0.483,-0.729,2.0
10.095,0.454,-0.741,2.0
13.794,0.62,-0.636,17.0
13.064,0.588,-0.678,9.0
12.224,0.552,-0.705,3.0
11.323,0.512,-0.72,2.0
10.56,0.479,-0.733,2.0
9.926,0.451,-0.747,2.0
13.482,0.612,-0.646,14.0
12.939,0.589,-0.694,4.0
11.93,0.544,-0.709,2.0
11.053,0.505,-0.722,2.0
10.317,0.473,-0.734,2.0
9.791,0.45,-0.754,2.0
13.106,0.601,-0.651,10.0
12.544,0.577,-0.695,3.0
11.709,0.539,-0.717,2.0
10.813,0.499,-0.726,2.0
10.13,0.468,-0.739,2.0
9.667,0.448,-0.762,2.0
13.056,0.604,-0.671,11.0
12.264,0.569,-0.702,3.0
11.405,0.53,-0.719,2.0
10.593,0.493,-0.73,2.0
9.934,0.463,-0.742,2.0
9.583,0.448,-0.772,2.0
12.981,0.606,-0.69,5.0
11.94,0.558,-0.704,3.0
11.111,0.52,-0.72,2.0
10.366,0.486,-0.733,2.0
9.767,0.459,-0.747,2.0
9.535,0.449,-0.785,1.0
12.625,0.593,-0.694,3.0
11.704,0.551,-0.711,2.0
10.872,0.512,-0.723,2.0
10.15,0.479,-0.735,2.0
9.625,0.455,-0.753,2.0
9.476,0.449,-0.797,2.0
12.321,0.583,-0.698,3.0
11.457,0.543,-0.716,2.0
10.653,0.505,-0.727,2.0
9.967,0.473,-0.739,2.0
9.521,0.453,-0.762,2.0
9.428,0.449,-0.81,2.0
11.996,0.57,-0.701,3.0
11.163,0.531,-0.717,2.0
10.441,0.498,-0.731,2.0
9.792,0.467,-0.744,2.0
9.457,0.452,-0.773,1.0
9.391,0.45,-0.823,1.0
11.775,0.562,-0.708,3.0
10.954,0.524,-0.723,2.0
10.212,0.489,-0.733,2.0
9.638,0.462,-0.749,2.0
9.391,0.451,-0.784,2.0
9.377,0.451,-0.838,1.0
11.523,0.552,-0.713,2.0
10.712,0.514,-0.725,2.0
10.033,0.482,-0.737,2.0
9.494,0.456,-0.754,2.0
9.37,0.451,-0.799,2.0
9.359,0.451,-0.852,0.0
11.212,0.539,-0.713,3.0
10.518,0.506,-0.73,2.0
9.849,0.474,-0.741,2.0
9.425,0.454,-0.765,1.0
9.355,0.451,-0.814,2.0
9.361,0.452,-0.869,0.0
11.023,0.531,-0.72,3.0
10.278,0.495,-0.731,2.0
9.677,0.467,-0.744,2.0
9.373,0.452,-0.777,2.0
9.355,0.452,-0.829,1.0
9.376,0.453,-0.886,0.0
10.794,0.52,-0.723,2.0
10.103,0.487,-0.735,2.0
9.541,0.46,-0.75,2.0
9.358,0.452,-0.791,2.0
9.332,0.451,-0.843,1.0
9.363,0.453,-0.901,0.0
10.597,0.511,-0.727,2.0
9.919,0.478,-0.738,2.0
9.443,0.456,-0.758,2.0
9.35,0.451,-0.806,2.0
9.373,0.453,-0.862,0.0
9.342,0.452,-0.914,0.0
10.385,0.5,-0.73,2.0
9.751,0.47,-0.742,2.0
9.399,0.453,-0.77,2.0
9.356,0.451,-0.822,1.0
9.411,0.454,-0.881,0.0
9.334,0.451,-0.929,0.0
10.191,0.49,-0.733,2.0
9.607,0.462,-0.746,2.0
9.394,0.452,-0.784,2.0
9.388,0.452,-0.84,1.0
9.421,0.454,-0.897,0.0
9.338,0.45,-0.944,0.0
10.025,0.481,-0.737,2.0
9.514,0.457,-0.754,2.0
9.393,0.451,-0.799,2.0
9.388,0.451,-0.855,0.0
9.378,0.451,-0.908,0.0
9.316,0.448,-0.957,0.0
9.858,0.472,-0.74,2.0
9.461,0.453,-0.765,2.0
9.4,0.45,-0.815,1.0
9.426,0.451,-0.873,0.0
9.409,0.451,-0.926,0.0
9.25,0.443,-0.965,0.0
9.705,0.462,-0.744,2.0
9.476,0.452,-0.781,1.0
9.442,0.45,-0.833,1.0
9.455,0.451,-0.891,0.0
9.402,0.448,-0.94,0.0
8.909,0.425,-0.943,0.0
9.608,0.456,-0.751,2.0
9.485,0.45,-0.797,2.0
9.488,0.45,-0.852,0.0
9.477,0.449,-0.907,0.0
9.422,0.447,-0.957,0.0
8.529,0.405,-0.916,0.0
9.567,0.451,-0.763,2.0
9.535,0.45,-0.815,1.0
9.546,0.45,-0.872,0.0
9.491,0.448,-0.923,0.0
9.364,0.442,-0.965,0.0
8.411,0.397,-0.916,0.0
9.584,0.449,-0.778,2.0
9.566,0.448,-0.832,1.0
9.56,0.448,-0.887,0.0
9.529,0.446,-0.941,0.0
9.049,0.424,-0.946,0.0
8.288,0.388,-0.915,0.0
9.624,0.448,-0.796,2.0
9.605,0.447,-0.85,0.0
9.609,0.447,-0.906,0.0
9.541,0.444,-0.956,0.0
8.614,0.4,-0.913,0.0
8.216,0.382,-0.919,0.0
9.677,0.447,-0.814,1.0
9.713,0.448,-0.873,0.0
9.62,0.444,-0.921,0.0
9.5,0.438,-0.966,0.0
8.49,0.391,-0.913,0.0
8.125,0.374,-0.921,0.0
9.735,0.445,-0.833,1.0
9.768,0.447,-0.892,0.0
9.662,0.442,-0.939,0.0
9.267,0.423,-0.955,0.0
8.363,0.382,-0.911,0.0
8.001,0.365,-0.918,0.0
9.817,0.445,-0.854,0.0
9.767,0.442,-0.906,0.0
9.728,0.44,-0.959,0.0
8.735,0.395,-0.912,0.0
8.296,0.375,-0.915,0.0
7.92,0.358,-0.92,0.0
9.908,0.444,-0.875,0.0
9.856,0.442,-0.927,0.0
9.562,0.428,-0.955,0.0
8.537,0.382,-0.903,0.0
8.192,0.366,-0.915,0.0
7.845,0.35,-0.921,0.0
9.955,0.442,-0.892,0.0
9.887,0.438,-0.943,0.0
9.15,0.405,-0.926,0.0
8.488,0.375,-0.909,0.0
8.148,0.36,-0.92,0.0
7.804,0.345,-0.927,0.0
10.008,0.439,-0.91,0.0
9.926,0.434,-0.96,0.0
8.789,0.384,-0.901,0.0
8.386,0.366,-0.909,0.0
8.075,0.352,-0.922,0.0
7.725,0.337,-0.927,0.0
10.062,0.435,-0.928,0.0
9.663,0.417,-0.947,0.0
8.7,0.375,-0.903,0.0
8.325,0.359,-0.913,0.0
7.986,0.344,-0.922,0.0
7.626,0.328,-0.925,0.0
10.125,0.432,-0.946,0.0
9.021,0.384,-0.895,0.0
8.586,0.365,-0.902,0.0
8.252,0.35,-0.915,0.0
7.896,0.335,-0.922,0.0
7.559,0.32,-0.926,0.0
9.947,0.418,-0.941,0.0
8.938,0.375,-0.897,0.0
8.539,0.358,-0.907,0.0
8.173,0.342,-0.916,0.0
7.798,0.326,-0.919,0.0
7.526,0.314,-0.931,0.0
9.345,0.387,-0.895,0.0
8.861,0.366,-0.9,0.0
8.415,0.347,-0.903,0.0
8.085,0.333,-0.916,0.0
7.766,0.319,-0.925,0.0
7.46,0.306,-0.932,0.0
9.247,0.376,-0.896,0.0
8.751,0.355,-0.899,0.0
8.351,0.338,-0.906,0.0
8.029,0.325,-0.918,0.0
7.713,0.311,-0.927,0.0
7.382,0.298,-0.93,0.0
9.143,0.365,-0.896,0.0
8.677,0.346,-0.9,0.0
8.306,0.33,-0.91,0.0
7.965,0.316,-0.92,0.0
7.641,0.303,-0.927,0.0
7.345,0.291,-0.933,0.0
9.018,0.353,-0.894,0.0
8.624,0.337,-0.904,0.0
8.231,0.321,-0.911,0.0
7.921,0.309,-0.923,0.0
7.582,0.295,-0.927,0.0
7.278,0.282,-0.933,0.0
8.952,0.344,-0.896,0.0
8.553,0.328,-0.906,0.0
8.151,0.312,-0.91,0.0
7.817,0.298,-0.919,0.0
7.535,0.287,-0.929,0.0
7.229,0.275,-0.934,0.0
8.86,0.333,-0.896,0.0
8.466,0.318,-0.905,0.0
8.125,0.304,-0.915,0.0
7.796,0.291,-0.924,0.0
7.48,0.279,-0.93,0.0
7.198,0.268,-0.937,0.0
8.816,0.324,-0.9,0.0
8.394,0.308,-0.905,0.0
8.083,0.296,-0.918,0.0
7.742,0.283,-0.925,0.0
7.413,0.27,-0.928,0.0
7.143,0.259,-0.936,0.0
8.735,0.314,-0.899,0.0
8.365,0.3,-0.909,0.0
8.029,0.287,-0.919,0.0
7.69,0.274,-0.926,0.0
7.397,0.263,-0.933,0.0
7.103,0.252,-0.937,0.0
8.672,0.304,-0.9,0.0
8.288,0.29,-0.908,0.0
7.985,0.278,-0.921,0.0
7.618,0.265,-0.923,0.0
7.332,0.254,-0.931,0.0
6.984,0.241,-0.927,0.0
8.613,0.294,-0.901,0.0
8.17,0.278,-0.902,0.0
7.941,0.27,-0.922,0.0
7.572,0.256,-0.924,0.0
7.301,0.246,-0.933,0.0
6.925,0.233,-0.925,0.0
8.568,0.285,-0.903,0.0
8.147,0.27,-0.906,0.0
7.87,0.26,-0.92,0.0
7.533,0.248,-0.925,0.0
7.256,0.238,-0.933,0.0
6.911,0.226,-0.929,1.0
8.517,0.275,-0.905,0.0
8.123,0.262,-0.909,1.0
7.788,0.25,-0.916,0.0
7.494,0.24,-0.926,0.0
7.215,0.23,-0.933,0.0
6.904,0.219,-0.933,1.0
8.436,0.265,-0.902,0.0
8.112,0.254,-0.914,0.0
7.773,0.242,-0.92,0.0
7.471,0.232,-0.928,0.0
7.179,0.222,-0.933,0.0
6.907,0.212,-0.938,0.0
8.415,0.256,-0.905,0.0
8.046,0.244,-0.912,0.0
7.696,0.232,-0.916,0.0
7.45,0.223,-0.931,0.0
7.149,0.214,-0.934,0.0
6.893,0.205,-0.941,0.0
8.303,0.244,-0.898,0.0
8.028,0.235,-0.915,0.0
7.688,0.224,-0.92,0.0
7.403,0.215,-0.929,0.0
7.133,0.206,-0.936,0.0
6.866,0.197,-0.941,0.0
8.225,0.233,-0.895,1.0
7.988,0.226,-0.915,0.0
7.658,0.215,-0.921,0.0
7.352,0.206,-0.927,0.0
7.113,0.198,-0.938,0.0
6.826,0.189,-0.939,0.0
8.203,0.225,-0.897,2.0
7.972,0.217,-0.917,0.0
7.614,0.206,-0.92,0.0
7.323,0.197,-0.927,0.0
7.083,0.19,-0.937,0.0
6.814,0.182,-0.941,0.0
8.193,0.216,-0.9,2.0
7.941,0.208,-0.917,0.0
7.616,0.198,-0.923,0.0
7.331,0.19,-0.932,0.0
7.064,0.182,-0.938,0.0
6.777,0.173,-0.939,0.0
8.194,0.207,-0.904,1.0
7.923,0.199,-0.919,0.0
7.601,0.19,-0.925,0.0
7.298,0.181,-0.931,0.0
7.033,0.173,-0.937,0.0
6.756,0.166,-0.939,0.0
8.196,0.198,-0.907,0.0
7.896,0.19,-0.919,0.0
7.569,0.181,-0.924,0.0
7.269,0.172,-0.93,0.0
7.014,0.165,-0.937,0.0
6.756,0.158,-0.942,0.0
8.177,0.189,-0.908,0.0
7.831,0.18,-0.914,0.0
7.551,0.172,-0.924,0.0
7.258,0.164,-0.931,0.0
7.003,0.157,-0.938,0.0
6.754,0.151,-0.944,0.0
8.183,0.18,-0.911,0.0
7.837,0.171,-0.917,0.0
7.541,0.164,-0.926,0.0
7.25,0.156,-0.932,0.0
6.998,0.15,-0.94,0.0
6.722,0.143,-0.941,0.0
8.145,0.171,-0.909,0.0
7.85,0.163,-0.921,0.0
7.507,0.155,-0.923,0.0
7.234,0.148,-0.932,0.0
6.976,0.141,-0.938,0.0
6.706,0.135,-0.94,0.0
8.137,0.161,-0.91,0.0
7.805,0.153,-0.917,0.0
7.499,0.146,-0.924,0.0
7.218,0.139,-0.931,0.0
6.954,0.133,-0.937,0.0
6.704,0.127,-0.941,0.0
8.112,0.152,-0.909,0.0
7.791,0.144,-0.917,0.0
7.495,0.138,-0.925,0.0
7.226,0.131,-0.933,0.0
6.96,0.125,-0.939,0.0
6.703,0.12,-0.942,0.0
8.096,0.142,-0.908,0.0
7.811,0.136,-0.92,0.0
7.48,0.129,-0.924,0.0
7.212,0.123,-0.932,0.0
6.962,0.117,-0.94,0.0
6.692,0.112,-0.941,0.0
8.109,0.133,-0.91,0.0
7.817,0.127,-0.922,0.0
7.473,0.12,-0.923,0.0
7.241,0.115,-0.937,0.0
6.95,0.109,-0.938,0.0
6.697,0.104,-0.942,0.0
8.092,0.124,-0.909,0.0
7.81,0.118,-0.921,0.0
7.474,0.112,-0.924,0.0
7.22,0.107,-0.934,0.0
6.951,0.101,-0.939,0.0
6.693,0.096,-0.942,0.0
8.098,0.115,-0.909,0.0
7.794,0.109,-0.919,0.0
7.472,0.103,-0.923,0.0
7.247,0.099,-0.937,0.0
6.952,0.093,-0.938,0.0
6.7,0.089,-0.943,0.0
8.106,0.106,-0.91,0.0
7.802,0.1,-0.92,0.0
7.479,0.095,-0.924,0.0
7.22,0.09,-0.933,0.0
6.959,0.086,-0.939,0.0
6.706,0.081,-0.943,0.0
8.103,0.096,-0.909,0.0
7.816,0.092,-0.92,0.0
7.509,0.087,-0.927,0.0
7.239,0.082,-0.935,0.0
6.972,0.078,-0.94,0.0
6.712,0.073,-0.943,0.0
8.139,0.088,-0.912,0.0
7.814,0.083,-0.919,0.0
7.502,0.078,-0.925,0.0
7.252,0.074,-0.935,0.0
6.969,0.07,-0.938,0.0
6.715,0.066,-0.942,0.0
8.129,0.078,-0.909,0.0
7.838,0.074,-0.92,0.0
7.538,0.07,-0.927,0.0
7.248,0.066,-0.933,0.0
6.99,0.062,-0.939,0.0
6.721,0.058,-0.941,0.0
8.141,0.069,-0.909,0.0
7.838,0.065,-0.919,0.0
7.554,0.061,-0.928,0.0
7.263,0.057,-0.933,0.0
7.005,0.054,-0.94,0.0
6.741,0.051,-0.942,0.0
8.157,0.06,-0.908,0.0
7.849,0.056,-0.917,0.0
7.571,0.053,-0.927,0.0
7.274,0.049,-0.932,0.0
7.006,0.046,-0.937,0.0
6.754,0.043,-0.942,0.0
8.187,0.051,-0.909,0.0
7.883,0.047,-0.919,0.0
7.588,0.044,-0.927,0.0
7.306,0.041,-0.934,0.0
7.023,0.038,-0.937,0.0
6.761,0.035,-0.94,0.0
8.21,0.042,-0.908,0.0
7.909,0.039,-0.919,0.0
7.584,0.035,-0.923,0.0
7.336,0.033,-0.935,0.0
7.056,0.03,-0.939,0.0
6.787,0.028,-0.941,0.0
8.226,0.032,-0.906,0.0
7.921,0.03,-0.917,0.0
7.628,0.027,-0.925,0.0
7.327,0.024,-0.93,0.0
7.08,0.022,-0.939,0.0
6.814,0.02,-0.942,0.0
8.253,0.023,-0.906,0.0
7.97,0.021,-0.919,0.0
7.65,0.019,-0.924,0.0
7.366,0.016,-0.932,0.0
7.088,0.014,-0.936,0.0
6.844,0.013,-0.942,0.0
8.3,0.014,-0.906,0.0
7.99,0.012,-0.917,0.0
7.678,0.01,-0.924,0.0
7.382,0.008,-0.93,0.0
7.124,0.007,-0.937,0.0
6.859,0.005,-0.941,0.0
8.32,0.005,-0.904,0.0
8.024,0.003,-0.916,0.0
7.721,0.002,-0.924,0.0
7.431,0.0,-0.932,0.0
7.147,0.0,-0.936,0.0
6.898,-0.002,-0.942,0.0
8.372,-0.003,-0.905,0.0
8.04,-0.004,-0.913,0.0
7.756,-0.006,-0.924,0.0
7.45,-0.007,-0.929,0.0
7.189,-0.008,-0.937,0.0
6.93,-0.009,-0.942,0.0
8.395,-0.012,-0.902,0.0
8.07,-0.013,-0.911,0.0
7.788,-0.014,-0.922,0.0
7.477,-0.015,-0.928,0.0
7.216,-0.016,-0.935,0.0
6.976,-0.017,-0.943,0.0
8.435,-0.021,-0.9,0.0
8.116,-0.022,-0.911,0.0
7.811,-0.022,-0.92,0.0
7.52,-0.023,-0.928,0.0
7.247,-0.024,-0.934,0.0
7.005,-0.024,-0.942,0.0
8.498,-0.03,-0.901,0.0
8.17,-0.03,-0.911,0.0
7.855,-0.031,-0.919,0.0
7.564,-0.031,-0.927,0.0
7.288,-0.031,-0.934,0.0
7.045,-0.032,-0.942,0.0
8.536,-0.039,-0.898,0.0
8.21,-0.039,-0.909,0.0
7.914,-0.039,-0.92,0.0
7.61,-0.039,-0.927,0.0
7.323,-0.039,-0.932,0.0
7.072,-0.039,-0.94,0.0
8.596,-0.048,-0.898,0.0
8.26,-0.048,-0.908,0.0
7.957,-0.047,-0.918,0.0
7.648,-0.047,-0.925,0.0
7.358,-0.047,-0.931,0.0
7.115,-0.046,-0.939,0.0
8.656,-0.057,-0.896,0.0
8.303,-0.056,-0.905,0.0
7.99,-0.056,-0.915,0.0
7.677,-0.055,-0.922,0.0
7.411,-0.054,-0.931,0.0
7.14,-0.054,-0.936,0.0
8.714,-0.066,-0.895,0.0
8.361,-0.065,-0.904,0.0
8.041,-0.064,-0.913,0.0
7.751,-0.063,-0.924,0.0
7.469,-0.062,-0.931,0.0
7.187,-0.061,-0.935,0.0
8.813,-0.075,-0.897,0.0
8.415,-0.073,-0.902,0.0
8.093,-0.072,-0.911,0.0
7.803,-0.071,-0.922,0.0
7.514,-0.07,-0.929,0.0
7.237,-0.068,-0.935,0.0
8.886,-0.084,-0.895,0.0
8.487,-0.082,-0.901,0.0
8.149,-0.08,-0.91,0.0
7.86,-0.079,-0.921,0.0
7.568,-0.077,-0.928,0.0
7.297,-0.076,-0.935,0.0
8.96,-0.093,-0.893,0.0
8.547,-0.09,-0.899,0.0
8.223,-0.089,-0.909,0.0
7.899,-0.087,-0.917,0.0
7.619,-0.085,-0.926,0.0
7.355,-0.083,-0.934,0.0
9.051,-0.103,-0.893,0.0
8.648,-0.099,-0.9,0.0
8.286,-0.097,-0.907,0.0
7.987,-0.095,-0.919,0.0
7.676,-0.092,-0.925,0.0
7.413,-0.091,-0.934,0.0
9.096,-0.111,-0.887,0.0
8.696,-0.108,-0.895,0.0
8.353,-0.105,-0.905,0.0
8.036,-0.102,-0.915,0.0
7.746,-0.1,-0.924,0.0
7.457,-0.098,-0.931,0.0
9.227,-0.121,-0.89,0.0
8.794,-0.116,-0.895,0.0
8.423,-0.113,-0.903,0.0
8.106,-0.11,-0.914,0.0
7.814,-0.108,-0.923,0.0
7.537,-0.105,-0.932,0.0
9.318,-0.13,-0.887,0.0
8.885,-0.125,-0.894,0.0
8.499,-0.121,-0.901,0.0
8.172,-0.118,-0.911,0.0
7.896,-0.115,-0.923,0.0
7.582,-0.112,-0.928,0.0
9.423,-0.139,-0.886,0.0
8.979,-0.134,-0.892,0.0
8.597,-0.13,-0.901,0.0
8.235,-0.125,-0.908,0.0
7.947,-0.122,-0.919,0.0
7.665,-0.119,-0.928,0.0
9.519,-0.148,-0.883,0.0
9.081,-0.142,-0.891,0.0
8.68,-0.138,-0.898,0.0
8.33,-0.133,-0.908,0.0
8.016,-0.13,-0.917,0.0
7.73,-0.126,-0.926,0.0
9.62,-0.157,-0.88,0.0
9.17,-0.151,-0.888,0.0
8.772,-0.146,-0.897,0.0
8.404,-0.141,-0.905,0.0
8.091,-0.137,-0.915,0.0
7.793,-0.133,-0.923,0.0
9.762,-0.166,-0.88,1.0
9.302,-0.16,-0.888,0.0
8.878,-0.154,-0.895,0.0
8.485,-0.148,-0.902,0.0
8.166,-0.144,-0.912,0.0
7.888,-0.14,-0.924,0.0
9.833,-0.175,-0.873,2.0
9.418,-0.168,-0.887,0.0
8.991,-0.162,-0.895,0.0
8.595,-0.156,-0.902,0.0
8.281,-0.152,-0.913,0.0
7.956,-0.147,-0.92,0.0
9.962,-0.184,-0.871,1.0
9.519,-0.177,-0.883,0.0
9.099,-0.17,-0.892,0.0
8.704,-0.164,-0.901,0.0
8.352,-0.159,-0.909,0.0
8.028,-0.154,-0.917,0.0
10.082,-0.192,-0.867,0.0
9.669,-0.186,-0.883,0.0
9.228,-0.179,-0.892,0.0
8.794,-0.172,-0.898,0.0
8.429,-0.166,-0.906,0.0
8.109,-0.16,-0.915,0.0
10.264,-0.202,-0.867,0.0
9.786,-0.194,-0.879,2.0
9.336,-0.187,-0.888,0.0
8.933,-0.18,-0.899,0.0
8.535,-0.173,-0.904,0.0
8.202,-0.167,-0.913,0.0
10.425,-0.212,-0.866,0.0
9.87,-0.202,-0.872,2.0
9.448,-0.194,-0.885,0.0
9.024,-0.187,-0.894,0.0
8.636,-0.18,-0.902,0.0
8.328,-0.175,-0.914,0.0
10.594,-0.221,-0.864,0.0
10.002,-0.21,-0.868,1.0
9.609,-0.203,-0.885,0.0
9.15,-0.194,-0.892,0.0
8.755,-0.187,-0.9,0.0
8.395,-0.181,-0.908,0.0
10.749,-0.23,-0.859,0.0
10.196,-0.219,-0.869,0.0
9.753,-0.211,-0.883,1.0
9.276,-0.202,-0.89,0.0
8.865,-0.194,-0.898,0.0
8.517,-0.187,-0.908,0.0
10.911,-0.239,-0.855,0.0
10.353,-0.228,-0.866,0.0
9.824,-0.217,-0.874,2.0
9.401,-0.209,-0.887,0.0
8.984,-0.201,-0.895,0.0
8.613,-0.194,-0.904,0.0
11.088,-0.248,-0.851,0.0
10.539,-0.237,-0.865,0.0
9.956,-0.225,-0.87,1.0
9.536,-0.216,-0.884,0.0
9.142,-0.208,-0.896,0.0
8.724,-0.2,-0.901,0.0
11.273,-0.257,-0.847,0.0
10.698,-0.245,-0.86,0.0
10.147,-0.233,-0.87,0.0
9.728,-0.225,-0.886,0.0
9.255,-0.215,-0.892,0.0
8.859,-0.206,-0.901,0.0
11.485,-0.266,-0.844,0.0
10.871,-0.253,-0.856,0.0
10.334,-0.242,-0.868,0.0
9.802,-0.23,-0.877,2.0
9.399,-0.222,-0.89,0.0
8.972,-0.212,-0.897,0.0
11.668,-0.275,-0.838,0.0
11.092,-0.262,-0.855,0.0
10.52,-0.25,-0.866,0.0
9.937,-0.237,-0.872,1.0
9.541,-0.228,-0.887,0.0
9.111,-0.219,-0.895,0.0
11.862,-0.283,-0.832,1.0
11.258,-0.27,-0.849,0.0
10.69,-0.257,-0.862,0.0
10.146,-0.245,-0.872,0.0
9.719,-0.235,-0.887,0.0
9.247,-0.225,-0.893,0.0
12.098,-0.293,-0.828,0.0
11.486,-0.279,-0.846,0.0
10.863,-0.264,-0.857,0.0
10.317,-0.252,-0.869,0.0
9.797,-0.24,-0.877,2.0
9.394,-0.231,-0.89,0.0
12.348,-0.302,-0.823,0.0
11.683,-0.286,-0.84,1.0
11.067,-0.272,-0.854,0.0
10.525,-0.26,-0.868,0.0
9.955,-0.246,-0.873,1.0
9.535,-0.236,-0.887,0.0
12.586,-0.31,-0.817,0.0
11.857,-0.293,-0.831,0.0
11.266,-0.279,-0.849,0.0
10.697,-0.266,-0.863,0.0
10.146,-0.253,-0.872,0.0
9.733,-0.243,-0.888,1.0
12.875,-0.32,-0.813,0.0
12.12,-0.302,-0.828,0.0
11.496,-0.287,-0.846,0.0
10.888,-0.272,-0.859,0.0
10.359,-0.26,-0.872,0.0
9.821,-0.247,-0.878,2.0
13.148,-0.329,-0.806,0.0
12.38,-0.31,-0.824,1.0
11.694,-0.293,-0.839,1.0
11.094,-0.279,-0.855,0.0
10.539,-0.266,-0.868,0.0
9.97,-0.252,-0.873,1.0
13.439,-0.337,-0.8,1.0
12.638,-0.318,-0.818,0.0
11.92,-0.3,-0.833,1.0
11.271,-0.284,-0.848,0.0
10.734,-0.271,-0.864,0.0
10.196,-0.258,-0.874,0.0
13.718,-0.345,-0.791,1.0
12.923,-0.326,-0.812,0.0
12.195,-0.308,-0.83,0.0
11.548,-0.292,-0.847,0.0
10.934,-0.277,-0.859,0.0
10.41,-0.264,-0.873,0.0
14.036,-0.354,-0.783,1.0
13.216,-0.334,-0.806,0.0
12.437,-0.314,-0.823,1.0
11.74,-0.297,-0.839,0.0
11.147,-0.282,-0.855,1.0
10.582,-0.268,-0.867,0.0
14.396,-0.363,-0.776,1.0
13.525,-0.341,-0.799,1.0
12.694,-0.321,-0.816,0.0
11.982,-0.303,-0.834,0.0
11.365,-0.288,-0.85,0.0
10.79,-0.273,-0.864,0.0
14.802,-0.373,-0.77,1.0
13.805,-0.348,-0.79,1.0
12.999,-0.328,-0.811,0.0
12.263,-0.309,-0.83,0.0
11.589,-0.292,-0.845,0.0
11.014,-0.278,-0.861,0.0
15.183,-0.381,-0.761,1.0
14.148,-0.355,-0.783,1.0
13.303,-0.334,-0.805,0.0
12.504,-0.314,-0.823,1.0
11.803,-0.296,-0.838,0.0
11.188,-0.281,-0.853,0.0
15.561,-0.389,-0.751,1.0
14.518,-0.362,-0.776,1.0
13.601,-0.34,-0.797,1.0
12.794,-0.319,-0.818,0.0
12.073,-0.301,-0.834,1.0
11.469,-0.286,-0.852,0.0
16.046,-0.398,-0.743,1.0
14.941,-0.371,-0.769,1.0
13.908,-0.345,-0.788,1.0
13.083,-0.324,-0.811,0.0
12.338,-0.306,-0.829,0.0
11.667,-0.289,-0.844,0.0
16.566,-0.408,-0.735,1.0
15.325,-0.377,-0.759,1.0
14.265,-0.351,-0.781,1.0
13.409,-0.329,-0.805,1.0
12.613,-0.31,-0.822,1.0
11.897,-0.292,-0.838,0.0
17.091,-0.417,-0.725,1.0
15.719,-0.383,-0.748,1.0
14.659,-0.357,-0.774,1.0
13.706,-0.333,-0.796,1.0
12.924,-0.314,-0.817,0.0
12.18,-0.295,-0.834,0.0
17.646,-0.425,-0.714,1.0
16.222,-0.391,-0.74,0.0
15.085,-0.363,-0.767,1.0
14.048,-0.337,-0.788,1.0
13.214,-0.317,-0.81,1.0
12.452,-0.298,-0.828,0.0
18.181,-0.432,-0.7,1.0
16.773,-0.398,-0.733,1.0
15.477,-0.367,-0.756,1.0
14.42,-0.341,-0.781,1.0
13.546,-0.32,-0.804,1.0
12.715,-0.3,-0.82,0.0
18.771,-0.44,-0.687,1.0
17.317,-0.405,-0.723,1.0
15.948,-0.372,-0.748,1.0
14.801,-0.345,-0.773,1.0
13.828,-0.321,-0.793,1.0
13.027,-0.302,-0.815,0.0
19.446,-0.448,-0.673,1.0
17.844,-0.41,-0.71,1.0
16.417,-0.377,-0.738,0.0
15.215,-0.348,-0.764,1.0
14.193,-0.324,-0.786,1.0
13.34,-0.304,-0.808,0.0
20.122,-0.455,-0.657,1.0
18.405,-0.415,-0.696,1.0
16.931,-0.381,-0.728,1.0
15.657,-0.351,-0.756,1.0
14.596,-0.326,-0.78,1.0
13.649,-0.304,-0.8,1.0
20.918,-0.463,-0.642,1.0
19.073,-0.421,-0.684,1.0
17.513,-0.385,-0.719,1.0
16.078,-0.353,-0.745,1.0
14.976,-0.327,-0.771,1.0
13.975,-0.304,-0.792,1.0
21.833,-0.472,-0.628,2.0
19.759,-0.426,-0.67,1.0
18.074,-0.388,-0.706,1.0
16.649,-0.356,-0.739,1.0
15.39,-0.328,-0.762,1.0
14.338,-0.305,-0.784,1.0
22.587,-0.476,-0.605,4.0
20.421,-0.429,-0.653,1.0
18.631,-0.39,-0.692,1.0
17.17,-0.358,-0.728,1.0
15.835,-0.329,-0.753,1.0
14.746,-0.305,-0.778,1.0
23.603,-0.484,-0.586,1.0
21.258,-0.434,-0.638,1.0
19.328,-0.393,-0.68,1.0
17.725,-0.358,-0.716,1.0
16.446,-0.331,-0.75,1.0
15.154,-0.304,-0.769,1.0
24.633,-0.489,-0.563,1.0
22.192,-0.439,-0.622,2.0
20.001,-0.393,-0.664,1.0
18.272,-0.358,-0.703,1.0
16.681,-0.325,-0.728,2.0
15.56,-0.301,-0.759,1.0
25.67,-0.493,-0.537,1.0
23.059,-0.44,-0.601,2.0
20.754,-0.394,-0.648,1.0
18.867,-0.356,-0.689,1.0
17.42,-0.327,-0.726,1.0
16.031,-0.299,-0.751,1.0
26.734,-0.495,-0.507,1.0
23.971,-0.441,-0.578,1.0
21.601,-0.395,-0.633,1.0
19.591,-0.356,-0.677,1.0
17.956,-0.324,-0.713,1.0
16.547,-0.297,-0.743,1.0
28.031,-0.498,-0.477,1.0
25.074,-0.442,-0.556,1.0
22.493,-0.394,-0.615,1.0
20.229,-0.352,-0.66,1.0
18.492,-0.319,-0.699,1.0
17.072,-0.293,-0.733,1.0
29.225,-0.496,-0.441,1.0
26.127,-0.44,-0.529,1.0
23.427,-0.392,-0.596,2.0
21.029,-0.349,-0.645,1.0
19.128,-0.315,-0.686,1.0
17.592,-0.287,-0.722,1.0
30.289,-0.49,-0.398,1.0
27.127,-0.435,-0.497,1.0
24.374,-0.387,-0.573,1.0
21.851,-0.345,-0.629,1.0
19.823,-0.31,-0.673,1.0
18.126,-0.281,-0.709,1.0
32.193,-0.493,-0.363,1.0
28.418,-0.431,-0.467,1.0
25.379,-0.382,-0.548,1.0
22.765,-0.339,-0.611,1.0
20.493,-0.302,-0.657,1.0
18.737,-0.274,-0.697,1.0
34.958,-0.505,-0.327,1.0
29.606,-0.423,-0.43,1.0
26.506,-0.375,-0.522,1.0
23.644,-0.331,-0.59,2.0
21.326,-0.295,-0.643,1.0
19.353,-0.265,-0.683,2.0
38.395,-0.518,-0.286,0.0
30.909,-0.412,-0.39,1.0
27.592,-0.364,-0.491,1.0
24.659,-0.321,-0.569,1.0
22.132,-0.285,-0.625,1.0
20.015,-0.255,-0.669,1.0
42.435,-0.532,-0.236,3.0
32.943,-0.408,-0.354,2.0
28.843,-0.352,-0.459,2.0
25.708,-0.31,-0.545,1.0
23.064,-0.274,-0.608,1.0
20.724,-0.243,-0.654,1.0
46.745,-0.54,-0.172,1.0
36.634,-0.417,-0.324,0.0
29.92,-0.335,-0.42,3.0
26.731,-0.295,-0.516,1.0
23.908,-0.26,-0.586,1.0
21.554,-0.23,-0.64,2.0
54.485,-0.572,-0.099,9.0
38.541,-0.398,-0.269,10.0
31.208,-0.317,-0.38,1.0
28.002,-0.279,-0.489,1.0
24.955,-0.245,-0.565,1.0
22.393,-0.215,-0.623,1.0
53.942,-0.509,0.001,5.0
43.937,-0.407,-0.227,2.0
33.425,-0.303,-0.346,1.0
29.044,-0.258,-0.454,3.0
26.076,-0.227,-0.543,2.0
23.27,-0.198,-0.605,2.0
57.877,-0.482,0.107,1.0
47.43,-0.386,-0.157,19.0
40.239,-0.32,-0.342,0.0
30.109,-0.234,-0.416,1.0
26.968,-0.204,-0.512,4.0
24.157,-0.178,-0.584,3.0
61.352,-0.442,0.225,22.0
45.891,-0.321,-0.069,3.0
42.192,-0.287,-0.282,10.0
31.502,-0.208,-0.377,1.0
28.158,-0.18,-0.483,1.0
25.074,-0.155,-0.561,1.0
76.734,-0.462,0.421,12.0
49.653,-0.288,0.014,23.0
40.126,-0.225,-0.196,3.0
33.526,-0.182,-0.342,1.0
29.291,-0.153,-0.451,2.0
26.183,-0.131,-0.539,2.0
79.239,-0.381,0.576,42.0
0.0,0.0,0.0,0.0
42.086,-0.185,-0.131,6.0
37.299,-0.156,-0.314,1.0
30.196,-0.12,-0.412,1.0
27.114,-0.102,-0.511,2.0
79.458,-0.284,0.717,150.0
61.471,-0.206,0.235,15.0
0.0,0.0,0.0,0.0
39.011,-0.114,-0.26,6.0
32.06,-0.087,-0.381,2.0
28.23,-0.071,-0.482,1.0
79.463,-0.183,0.856,151.0
76.346,-0.159,0.424,13.0
48.145,-0.09,0.017,9.0
39.728,-0.065,-0.196,22.0
33.622,-0.048,-0.341,1.0
29.387,-0.035,-0.451,2.0
79.464,-0.079,0.993,151.0
79.238,-0.061,0.577,28.0
0.0,0.0,0.0,0.0
41.025,-0.014,-0.133,17.0
38.265,-0.005,-0.324,4.0
30.277,0.002,-0.414,1.0
79.465,0.024,1.126,151.0
79.45,0.042,0.712,150.0
59.258,0.045,0.222,10.0
0.0,0.0,0.0,0.0
38.555,0.047,-0.261,13.0
31.704,0.046,-0.381,1.0
79.456,0.133,1.26,156.0
79.471,0.152,0.845,151.0
75.968,0.162,0.411,15.0
47.652,0.112,0.003,22.0
39.129,0.101,-0.201,42.0
33.401,0.094,-0.346,1.0
79.462,0.243,1.391,157.0
79.474,0.262,0.976,151.0
76.884,0.272,0.542,56.0
54.342,0.205,0.094,29.0
40.191,0.161,-0.141,16.0
37.711,0.16,-0.329,10.0
59.292,0.266,1.135,119.0
59.29,0.28,0.824,137.0
59.296,0.294,0.513,130.0
55.002,0.287,0.183,59.0
0.0,0.0,0.0,0.0
38.072,0.216,-0.272,13.0
48.162,0.286,0.999,86.0
48.141,0.297,0.746,61.0
48.137,0.309,0.493,49.0
48.144,0.321,0.236,58.0
47.014,0.325,-0.015,37.0
38.508,0.275,-0.214,38.0
48.116,0.356,1.074,115.0
48.095,0.368,0.821,113.0
48.085,0.38,0.568,113.0
48.043,0.392,0.31,99.0
47.96,0.402,0.058,68.0
39.246,0.339,-0.158,38.0
48.116,0.428,1.148,110.0
48.105,0.44,0.895,109.0
48.092,0.452,0.641,111.0
48.045,0.464,0.384,94.0
48.02,0.476,0.131,77.0
43.832,0.446,-0.11,12.0
48.16,0.502,1.222,93.0
48.14,0.515,0.968,93.0
48.109,0.527,0.715,94.0
48.087,0.539,0.457,90.0
48.044,0.551,0.204,85.0
0.0,0.0,0.0,0.0
55.031,0.66,1.479,101.0
55.065,0.674,1.19,69.0
48.241,0.603,0.787,12.0
48.193,0.614,0.528,2.0
48.113,0.626,0.273,47.0
47.78,0.635,0.02,48.0
55.106,0.747,1.561,20.0
190.055,2.627,4.381,13.0
189.415,2.668,3.368,27.0
126.156,1.809,1.563,13.0
0.0,0.0,0.0,0.0
48.042,0.714,0.088,26.0
162.657,2.465,4.841,21.0
176.248,2.716,4.312,18.0
190.011,2.979,3.645,29.0
126.442,2.015,1.745,37.0
78.028,1.264,0.664,21.0
55.046,0.907,0.178,5.0
132.968,2.229,4.142,14.0
160.389,2.73,4.145,13.0
190.189,3.288,3.91,8.0
126.933,2.228,1.925,37.0
89.817,1.6,0.886,12.0
61.005,1.104,0.279,35.0
128.113,2.356,4.164,18.0
128.092,2.391,3.485,23.0
128.084,2.426,2.807,28.0
127.845,2.454,2.11,10.0
93.11,1.812,1.043,3.0
74.755,1.475,0.441,13.0
127.994,2.565,4.33,55.0
128.029,2.601,3.652,54.0
128.063,2.637,2.974,51.0
106.207,2.214,1.891,21.0
120.949,2.556,1.512,3.0
77.844,1.666,0.561,14.0
152.773,3.318,5.366,36.0
159.481,3.507,4.755,25.0
170.12,3.787,4.168,5.0
0.0,0.0,0.0,0.0
106.099,2.42,1.461,8.0
77.942,1.8,0.66,32.0
152.631,3.575,5.556,36.0
158.656,3.759,4.931,22.0
146.489,3.512,3.774,17.0
100.575,2.438,2.044,3.0
100.422,2.462,1.507,5.0
78.492,1.946,0.761,13.0
152.297,3.827,5.73,40.0
158.904,4.036,5.131,15.0
138.048,3.545,3.723,12.0
0.0,0.0,0.0,0.0
0.0,0.0,0.0,0.0
93.259,2.473,1.015,2.0
152.047,4.086,5.904,49.0
152.544,4.14,5.109,38.0
154.031,4.222,4.335,39.0
0.0,0.0,0.0,0.0
0.0,0.0,0.0,0.0
106.051,2.994,1.275,9.0
152.031,4.345,6.076,39.0
152.062,4.387,5.264,32.0
154.083,4.487,4.51,38.0
0.0,0.0,0.0,0.0
0.0,0.0,0.0,0.0
100.665,3.016,1.323,4.0
152.217,4.615,6.254,44.0
152.16,4.656,5.436,32.0
158.208,4.886,4.806,15.0
0.0,0.0,0.0,0.0
0.0,0.0,0.0,0.0
100.719,3.196,1.432,1.0
152.534,4.895,6.432,36.0
152.623,4.941,5.618,37.0
159.311,5.203,5.011,14.0
159.203,5.243,4.137,3.0
0.0,0.0,0.0,0.0
0.0,0.0,0.0,0.0
152.773,5.177,6.603,22.0
152.737,5.219,5.782,38.0
157.385,5.421,5.113,11.0
159.111,5.526,4.299,15.0
0.0,0.0,0.0,0.0
0.0,0.0,0.0,0.0
153.177,5.466,6.777,29.0
152.515,5.484,5.927,37.0
153.695,5.57,5.145,18.0
160.219,5.85,4.486,18.0
0.0,0.0,0.0,0.0
0.0,0.0,0.0,0.0
123.855,4.64,5.599,31.0
152.723,5.765,6.082,13.0
157.431,5.986,5.42,6.0
162.059,6.208,4.691,9.0
0.0,0.0,0.0,0.0
0.0,0.0,0.0,0.0
123.868,4.864,5.715,14.0
124.221,4.912,5.061,33.0
157.791,6.284,5.577,17.0
162.252,6.508,4.844,10.0
0.0,0.0,0.0,0.0
0.0,0.0,0.0,0.0
123.976,5.094,5.831,34.0
124.144,5.136,5.168,36.0
157.372,6.554,5.702,20.0
158.041,6.628,4.857,16.0
173.526,7.324,4.395,5.0
0.0,0.0,0.0,0.0
130.29,5.591,6.24,10.0
124.313,5.368,5.28,42.0
157.25,6.835,5.829,19.0
157.211,6.877,4.961,7.0
173.628,7.644,4.54,5.0
0.0,0.0,0.0,0.0
129.612,5.8,6.314,16.0
129.717,5.84,5.616,22.0
124.325,5.63,4.707,11.0
156.758,7.144,5.071,5.0
174.047,7.979,4.687,13.0
0.0,0.0,0.0,0.0
123.417,5.748,6.108,24.0
129.513,6.069,5.706,38.0
157.539,7.424,6.085,20.0
174.309,8.262,5.77,11.0
156.269,7.452,4.326,10.0
0.0,0.0,0.0,0.0
129.636,6.276,6.511,13.0
129.483,6.305,5.799,17.0
157.31,7.702,6.191,16.0
156.85,7.724,5.305,16.0
156.429,7.75,4.442,19.0
0.0,0.0,0.0,0.0
132.593,6.664,6.753,16.0
132.188,6.68,6.012,19.0
167.119,8.49,6.691,9.0
156.774,8.009,5.408,17.0
157.14,8.072,4.567,16.0
162.997,8.418,3.849,4.0
33.449,1.743,1.725,29.0
162.292,8.5,7.487,6.0
162.411,8.553,6.608,6.0
157.578,8.341,5.535,14.0
162.48,8.646,4.823,6.0
162.525,8.693,3.94,9.0
33.452,1.804,1.746,6.0
162.385,8.803,7.59,39.0
157.601,8.587,6.507,6.0
158.397,8.675,5.659,5.0
162.471,8.941,4.917,8.0
163.195,9.027,4.05,16.0
33.461,1.866,1.766,2.0
33.481,1.876,1.584,1.0
157.483,8.868,6.59,15.0
157.944,8.938,5.73,15.0
162.292,9.228,5.0,13.0
157.313,8.99,3.988,5.0
33.46,1.928,1.784,1.0
162.014,9.38,7.752,39.0
162.195,9.432,6.871,13.0
158.123,9.239,5.817,24.0
157.075,9.221,4.92,11.0
164.094,9.679,4.243,5.0
128.419,7.638,6.911,40.0
127.672,7.628,6.171,28.0
33.45,2.007,1.433,1.0
33.415,2.013,1.245,0.0
157.697,9.547,5.012,5.0
33.431,2.033,0.879,1.0
128.512,7.881,6.976,27.0
127.819,7.87,6.235,21.0
157.973,9.768,6.838,15.0
33.444,2.077,1.26,3.0
33.44,2.085,1.077,1.0
33.505,2.098,0.895,0.0
128.282,8.101,7.016,23.0
158.052,10.021,7.775,33.0
33.422,2.127,1.46,3.0
158.169,10.112,6.024,41.0
158.093,10.15,5.153,32.0
158.167,10.198,4.288,34.0
128.096,8.323,7.053,26.0
33.41,2.179,1.655,32.0
33.456,2.19,1.473,1.0
158.087,10.393,6.076,40.0
158.077,10.434,5.207,35.0
158.062,10.476,4.337,35.0
128.51,8.583,7.12,32.0
33.397,2.239,1.665,49.0
118.126,7.95,5.24,23.0
157.969,10.674,6.122,41.0
157.964,10.715,5.251,28.0
114.67,7.806,3.18,28.0
128.37,8.807,7.149,6.0
33.397,2.299,1.675,116.0
116.555,8.054,5.203,12.0
157.901,10.95,6.161,40.0
157.897,10.992,5.29,26.0
114.883,8.028,3.216,36.0
157.664,11.1,8.82,10.0
33.377,2.357,1.682,118.0
115.004,8.151,5.161,9.0
157.753,11.222,6.191,21.0
157.761,11.261,5.321,13.0
114.934,8.234,3.241,29.0
157.285,11.353,8.832,34.0
157.217,11.387,7.957,15.0
112.18,8.153,5.056,38.0
157.176,11.461,6.198,26.0
157.156,11.5,5.328,19.0
66.507,4.884,1.887,1.0
133.908,9.907,7.543,12.0
133.78,9.928,6.794,11.0
109.433,8.148,4.949,11.0
66.563,4.972,2.635,11.0
133.188,9.982,4.535,10.0
132.946,9.996,3.79,9.0
131.605,9.966,7.43,12.0
131.488,9.989,6.693,6.0
112.182,8.548,5.087,5.0
131.052,10.018,5.202,12.0
130.882,10.038,4.469,12.0
103.203,7.94,2.953,12.0
129.279,10.017,7.31,7.0
129.151,10.036,6.585,9.0
106.305,8.286,4.829,15.0
128.811,10.07,5.122,13.0
128.633,10.088,4.4,12.0
74.686,5.875,2.141,8.0
74.596,5.908,4.222,19.0
74.643,5.929,3.809,8.0
74.676,5.949,3.395,6.0
74.579,5.958,2.967,21.0
74.54,5.973,2.552,29.0
74.524,5.99,2.137,32.0
74.553,6.034,4.221,29.0
74.56,6.05,3.805,27.0
74.547,6.066,3.388,39.0
74.521,6.082,2.965,41.0
74.525,6.099,2.549,30.0
74.544,6.118,2.135,29.0
74.563,6.162,4.219,19.0
74.542,6.176,3.801,30.0
74.575,6.196,3.386,22.0
74.569,6.211,2.963,8.0
122.491,10.232,4.184,13.0
34.297,2.873,0.98,2.0
121.145,10.215,6.846,10.0
103.181,8.723,5.254,23.0
34.254,2.903,1.552,14.0
34.276,2.913,1.359,83.0
34.27,2.919,1.167,55.0
34.29,2.929,0.977,98.0
120.783,10.387,6.813,23.0
120.796,10.414,6.138,8.0
106.303,9.187,4.806,11.0
120.607,10.449,4.766,43.0
120.637,10.479,4.094,54.0
34.27,2.984,0.971,23.0
119.063,10.435,6.699,20.0
119.104,10.462,6.033,5.0
106.355,9.365,4.792,16.0
120.61,10.646,4.747,52.0
120.634,10.674,4.073,51.0
120.651,10.702,3.398,54.0
117.291,10.471,6.577,21.0
117.205,10.486,5.915,4.0
109.441,9.813,4.909,9.0
115.551,10.384,4.525,16.0
115.506,10.405,3.876,14.0
115.377,10.419,3.226,11.0
114.749,10.426,6.41,48.0
104.639,9.529,5.257,13.0
13.852,1.264,0.618,2.0
114.761,10.495,4.466,31.0
13.86,1.27,0.461,6.0
13.858,1.273,0.384,12.0
13.874,1.282,0.771,0.0
13.836,1.281,0.691,3.0
13.835,1.284,0.613,18.0
13.842,1.287,0.534,13.0
13.85,1.291,0.457,27.0
13.839,1.293,0.379,30.0
13.826,1.299,0.764,16.0
13.807,1.3,0.686,24.0
13.819,1.304,0.608,37.0
13.821,1.307,0.529,32.0
13.83,1.31,0.452,36.0
13.815,1.312,0.374,34.0
13.815,1.319,0.759,36.0
13.803,1.321,0.681,39.0
13.8,1.323,0.603,39.0
13.801,1.326,0.524,37.0
13.818,1.33,0.447,38.0
13.8,1.331,0.369,34.0
13.805,1.339,0.754,47.0
13.795,1.34,0.675,124.0
13.78,1.342,0.597,39.0
13.783,1.344,0.518,39.0
13.794,1.348,0.441,41.0
13.793,1.351,0.363,37.0
13.787,1.358,0.747,82.0
13.786,1.36,0.669,146.0
13.768,1.361,0.59,49.0
13.774,1.364,0.512,59.0
13.797,1.369,0.435,86.0
13.781,1.37,0.357,37.0
13.781,1.377,0.741,81.0
13.778,1.379,0.663,150.0
13.767,1.38,0.584,67.0
13.776,1.384,0.506,97.0
13.788,1.388,0.428,56.0
13.775,1.389,0.35,36.0
13.774,1.396,0.734,85.0
13.767,1.398,0.656,150.0
13.767,1.4,0.578,83.0
13.768,1.402,0.498,73.0
13.783,1.406,0.421,75.0
13.765,1.407,0.343,36.0
13.773,1.415,0.727,97.0
13.772,1.418,0.649,128.0
13.77,1.42,0.571,141.0
13.766,1.421,0.491,87.0
13.785,1.426,0.414,89.0
13.772,1.427,0.336,36.0
13.765,1.433,0.719,104.0
13.771,1.436,0.641,68.0
13.762,1.437,0.563,150.0
13.773,1.441,0.484,96.0
13.777,1.443,0.406,68.0
13.777,1.446,0.328,36.0
13.77,1.452,0.711,91.0
13.766,1.454,0.633,88.0
13.768,1.456,0.555,150.0
13.776,1.459,0.476,68.0
13.786,1.462,0.398,49.0
13.779,1.464,0.32,34.0
13.774,1.47,0.703,71.0
13.781,1.473,0.625,66.0
13.782,1.475,0.547,109.0
13.781,1.477,0.468,40.0
13.785,1.48,0.39,36.0
13.787,1.482,0.312,33.0
13.781,1.488,0.695,40.0
13.791,1.491,0.617,39.0
13.786,1.493,0.539,38.0
13.788,1.495,0.459,35.0
13.794,1.498,0.381,33.0
13.796,1.5,0.303,31.0
13.793,1.507,0.686,36.0
13.801,1.509,0.608,33.0
13.783,1.509,0.529,29.0
13.796,1.513,0.45,30.0
13.812,1.517,0.372,27.0
13.806,1.518,0.294,27.0
13.814,1.526,0.678,32.0
13.802,1.526,0.599,24.0
13.806,1.528,0.52,15.0
13.828,1.533,0.441,13.0
24.358,2.703,0.64,1.0
13.81,1.535,0.284,17.0
24.446,2.729,1.182,150.0
13.808,1.543,0.589,8.0
24.424,2.732,0.903,154.0
24.362,2.728,0.76,15.0
24.332,2.728,0.621,22.0
24.325,2.731,0.482,22.0
24.399,2.751,1.162,168.0
24.379,2.751,1.022,16.0
24.357,2.752,0.883,166.0
24.344,2.754,0.741,26.0
24.321,2.754,0.602,18.0
24.328,2.758,0.464,37.0
24.405,2.778,1.143,160.0
24.382,2.778,1.003,11.0
24.371,2.78,0.864,161.0
24.355,2.781,0.722,15.0
24.339,2.782,0.583,6.0
24.314,2.782,0.445,13.0
24.43,2.806,1.125,152.0
24.385,2.804,0.984,1.0
24.414,2.81,0.846,152.0
24.358,2.806,0.703,3.0
24.368,2.81,0.564,2.0
24.312,2.807,0.425,1.0
10.006,1.159,0.452,49.0
10.0,1.16,0.395,86.0
10.001,1.161,0.338,89.0
9.998,1.162,0.28,43.0
10.009,1.164,0.223,35.0
10.008,1.165,0.166,20.0
10.003,1.169,0.444,82.0
10.005,1.17,0.387,130.0
9.995,1.17,0.329,121.0
9.986,1.17,0.271,78.0
10.001,1.173,0.214,71.0
9.992,1.173,0.157,35.0
9.989,1.176,0.434,78.0
9.994,1.178,0.377,150.0
9.99,1.178,0.32,143.0
9.983,1.178,0.262,84.0
9.992,1.181,0.205,79.0
9.989,1.181,0.148,39.0
9.984,1.185,0.425,87.0
9.98,1.185,0.368,140.0
9.981,1.186,0.311,143.0
9.976,1.186,0.253,93.0
9.983,1.188,0.196,81.0
9.982,1.189,0.139,35.0
9.975,1.192,0.415,96.0
9.975,1.193,0.359,150.0
9.975,1.194,0.302,150.0
9.974,1.194,0.244,104.0
9.975,1.195,0.187,101.0
9.978,1.197,0.13,52.0
9.974,1.2,0.406,108.0
9.974,1.201,0.349,150.0
9.976,1.202,0.292,150.0
9.965,1.201,0.234,119.0
9.974,1.203,0.177,99.0
9.968,1.203,0.12,58.0
9.975,1.208,0.397,108.0
9.977,1.209,0.34,150.0
9.974,1.209,0.283,150.0
9.97,1.209,0.224,126.0
9.98,1.211,0.168,114.0
9.97,1.211,0.111,63.0
9.972,1.215,0.387,107.0
9.977,1.216,0.33,150.0
9.971,1.216,0.273,150.0
9.969,1.216,0.215,136.0
9.973,1.217,0.158,116.0
9.974,1.218,0.101,66.0
9.974,1.222,0.377,103.0
9.972,1.222,0.32,150.0
9.975,1.223,0.263,150.0
9.971,1.223,0.205,118.0
9.976,1.225,0.148,115.0
9.973,1.225,0.091,76.0
9.972,1.228,0.367,102.0
9.976,1.229,0.31,150.0
9.975,1.229,0.253,150.0
9.971,1.229,0.195,123.0
9.976,1.231,0.138,104.0
9.969,1.231,0.081,65.0
9.972,1.234,0.357,101.0
9.965,1.233,0.299,150.0
9.974,1.235,0.243,150.0
9.97,1.235,0.184,119.0
9.973,1.236,0.127,107.0
9.969,1.236,0.07,62.0
9.972,1.239,0.346,103.0
9.975,1.24,0.289,150.0
9.976,1.24,0.232,150.0
9.967,1.24,0.174,110.0
9.975,1.241,0.117,112.0
9.973,1.242,0.06,52.0
9.972,1.244,0.336,103.0
9.977,1.245,0.279,150.0
9.973,1.245,0.222,150.0
9.969,1.245,0.163,118.0
9.968,1.245,0.106,109.0
9.966,1.246,0.049,58.0
9.969,1.248,0.325,97.0
9.973,1.249,0.268,150.0
9.978,1.25,0.211,150.0
9.972,1.25,0.153,116.0
9.974,1.251,0.095,109.0
9.975,1.251,0.038,61.0
9.975,1.253,0.314,86.0
9.975,1.254,0.257,150.0
9.97,1.253,0.2,150.0
9.97,1.254,0.142,110.0
9.977,1.255,0.085,116.0
9.967,1.254,0.027,68.0
9.974,1.257,0.303,76.0
9.977,1.258,0.246,150.0
9.973,1.257,0.189,135.0
9.965,1.257,0.131,101.0
9.972,1.258,0.074,96.0
9.969,1.258,0.016,45.0
9.974,1.26,0.292,65.0
9.983,1.261,0.235,137.0
9.967,1.26,0.178,132.0
9.969,1.26,0.12,83.0
9.971,1.261,0.063,94.0
9.979,1.262,0.005,39.0
9.975,1.263,0.281,67.0
9.975,1.263,0.224,131.0
9.965,1.262,0.167,125.0
9.967,1.263,0.109,83.0
9.976,1.264,0.051,84.0
9.976,1.264,-0.005,39.0
9.98,1.266,0.27,62.0
9.98,1.266,0.213,137.0
9.971,1.265,0.156,124.0
9.97,1.265,0.098,83.0
9.975,1.266,0.04,77.0
9.973,1.266,-0.016,34.0
9.984,1.268,0.259,65.0
9.983,1.268,0.202,143.0
9.972,1.267,0.144,112.0
9.966,1.266,0.086,71.0
9.978,1.268,0.029,73.0
9.973,1.268,-0.027,36.0
9.98,1.269,0.248,56.0
9.985,1.27,0.191,126.0
9.976,1.269,0.133,111.0
9.966,1.267,0.075,71.0
9.974,1.269,0.018,54.0
9.973,1.269,-0.038,39.0
9.98,1.27,0.237,63.0
9.985,1.271,0.179,124.0
9.969,1.269,0.122,118.0
9.97,1.269,0.064,69.0
9.972,1.269,0.007,44.0
9.979,1.27,-0.049,36.0
9.989,1.272,0.226,69.0
9.981,1.271,0.168,135.0
9.971,1.269,0.111,130.0
9.97,1.269,0.052,69.0
9.976,1.27,-0.004,66.0
9.977,1.27,-0.061,39.0
9.983,1.271,0.214,69.0
9.985,1.271,0.157,138.0
9.979,1.27,0.099,124.0
9.97,1.269,0.041,74.0
9.978,1.27,-0.015,68.0
9.976,1.27,-0.072,48.0
9.98,1.27,0.202,64.0
9.98,1.27,0.145,133.0
9.976,1.269,0.088,131.0
9.966,1.268,0.03,85.0
9.98,1.269,-0.026,71.0
9.981,1.27,-0.084,42.0
9.98,1.269,0.191,66.0
9.984,1.269,0.134,140.0
9.975,1.268,0.077,128.0
9.965,1.267,0.018,57.0
9.98,1.268,-0.038,81.0
9.969,1.267,-0.095,43.0
9.97,1.266,0.179,60.0
9.97,1.266,0.122,123.0
9.98,1.267,0.065,136.0
9.973,1.266,0.007,58.0
9.976,1.266,-0.049,83.0
9.974,1.266,-0.107,51.0
9.974,1.265,0.168,62.0
9.975,1.265,0.111,137.0
9.966,1.263,0.054,148.0
9.966,1.263,-0.003,81.0
9.981,1.265,-0.061,117.0
9.973,1.264,-0.118,67.0
9.974,1.263,0.157,74.0
9.976,1.263,0.1,147.0
9.975,1.262,0.042,150.0
9.97,1.261,-0.015,88.0
9.976,1.261,-0.072,109.0
9.973,1.261,-0.129,70.0
9.979,1.261,0.145,87.0
9.97,1.259,0.088,150.0
9.979,1.26,0.031,150.0
9.976,1.259,-0.026,104.0
9.978,1.259,-0.083,113.0
9.973,1.258,-0.14,63.0
9.968,1.256,0.134,96.0
9.97,1.256,0.077,150.0
9.971,1.255,0.02,150.0
9.965,1.254,-0.037,101.0
9.976,1.255,-0.095,110.0
9.972,1.254,-0.152,66.0
9.97,1.253,0.123,96.0
9.977,1.253,0.066,150.0
9.974,1.252,0.009,139.0
9.97,1.251,-0.048,104.0
9.974,1.251,-0.106,104.0
9.974,1.25,-0.163,62.0
9.973,1.249,0.112,103.0
9.969,1.248,0.055,150.0
9.972,1.247,-0.001,97.0
9.964,1.246,-0.059,106.0
9.972,1.246,-0.117,106.0
9.973,1.246,-0.174,59.0
9.97,1.244,0.101,106.0
9.968,1.243,0.044,150.0
9.975,1.243,-0.012,51.0
9.974,1.242,-0.07,101.0
9.972,1.241,-0.127,109.0
9.971,1.241,-0.185,61.0
9.972,1.239,0.09,98.0
9.968,1.238,0.033,150.0
9.97,1.237,-0.023,116.0
9.972,1.237,-0.081,103.0
9.978,1.237,-0.138,116.0
9.969,1.235,-0.195,64.0
9.975,1.234,0.079,110.0
9.968,1.232,0.022,150.0
9.974,1.232,-0.034,150.0
9.965,1.23,-0.092,105.0
9.971,1.23,-0.149,110.0
9.967,1.229,-0.206,65.0
9.961,1.226,0.068,103.0
9.974,1.227,0.012,147.0
9.97,1.225,-0.045,150.0
9.963,1.224,-0.103,115.0
9.973,1.224,-0.16,105.0
9.968,1.223,-0.217,64.0
9.975,1.221,0.058,117.0
9.973,1.22,0.001,150.0
9.971,1.219,-0.055,150.0
9.969,1.218,-0.113,101.0
9.976,1.218,-0.17,106.0
9.972,1.217,-0.227,54.0
9.975,1.214,0.048,112.0
9.974,1.213,-0.008,150.0
9.977,1.213,-0.065,150.0
9.971,1.211,-0.123,96.0
9.979,1.211,-0.181,100.0
9.976,1.21,-0.238,55.0
9.974,1.207,0.037,103.0
9.975,1.206,-0.019,150.0
9.979,1.206,-0.076,150.0
9.969,1.203,-0.134,86.0
9.982,1.204,-0.191,84.0
9.974,1.202,-0.248,37.0
9.976,1.2,0.027,87.0
9.98,1.199,-0.029,145.0
9.978,1.198,-0.086,144.0
9.978,1.197,-0.144,67.0
9.99,1.197,-0.201,74.0
9.987,1.196,-0.258,32.0
9.989,1.193,0.017,67.0
9.989,1.192,-0.039,140.0
9.987,1.19,-0.096,120.0
9.992,1.19,-0.154,71.0
9.994,1.189,-0.211,71.0
10.0,1.189,-0.268,22.0
9.997,1.185,0.008,70.0
9.999,1.184,-0.048,136.0
9.995,1.183,-0.105,126.0
9.995,1.182,-0.164,61.0
10.003,1.182,-0.221,59.0
10.004,1.181,-0.278,21.0
10.004,1.177,-0.001,73.0
10.01,1.177,-0.058,111.0
10.006,1.175,-0.115,80.0
9.998,1.173,-0.173,21.0
10.012,1.173,-0.23,20.0
10.009,1.172,-0.287,17.0
10.012,1.169,-0.01,21.0
10.012,1.167,-0.067,20.0
24.244,2.824,-0.302,1.0
9.997,1.163,-0.182,13.0
9.997,1.162,-0.239,12.0
13.848,1.609,-0.411,7.0
24.321,2.816,-0.048,3.0
24.287,2.809,-0.186,4.0
24.237,2.8,-0.324,4.0
21.099,2.435,-0.405,2.0
13.845,1.596,-0.344,7.0
13.817,1.591,-0.422,13.0
24.299,2.789,-0.07,14.0
24.267,2.781,-0.208,15.0
24.117,2.761,-0.344,6.0
20.716,2.369,-0.415,2.0
13.841,1.581,-0.356,16.0
13.796,1.574,-0.434,20.0
24.294,2.762,-0.091,28.0
24.293,2.759,-0.23,19.0
23.96,2.717,-0.363,5.0
13.851,1.569,-0.29,13.0
13.806,1.562,-0.367,18.0
13.78,1.557,-0.445,16.0
24.325,2.739,-0.112,9.0
24.323,2.735,-0.251,12.0
13.845,1.555,-0.221,14.0
13.806,1.549,-0.3,18.0
13.791,1.545,-0.378,18.0
13.758,1.539,-0.456,21.0
13.854,1.544,-0.075,13.0
13.844,1.541,-0.154,13.0
13.81,1.535,-0.232,17.0
13.795,1.531,-0.311,25.0
13.786,1.528,-0.39,27.0
13.747,1.522,-0.467,24.0
13.823,1.524,-0.086,19.0
13.79,1.518,-0.164,20.0
13.793,1.517,-0.243,29.0
13.794,1.515,-0.322,33.0
13.78,1.511,-0.4,31.0
13.735,1.504,-0.477,20.0
13.809,1.506,-0.097,27.0
13.792,1.502,-0.175,33.0
13.792,1.5,-0.253,35.0
13.788,1.497,-0.333,33.0
13.776,1.494,-0.411,35.0
13.729,1.487,-0.487,22.0
13.793,1.487,-0.107,35.0
13.784,1.484,-0.185,62.0
13.783,1.481,-0.264,38.0
13.775,1.478,-0.343,32.0
13.773,1.476,-0.421,35.0
13.724,1.468,-0.497,22.0
13.778,1.467,-0.117,36.0
13.783,1.466,-0.195,109.0
13.779,1.463,-0.273,59.0
13.776,1.46,-0.353,33.0
13.767,1.457,-0.431,35.0
13.721,1.45,-0.507,20.0
13.772,1.449,-0.127,40.0
13.777,1.447,-0.205,119.0
13.776,1.444,-0.283,59.0
13.759,1.44,-0.362,29.0
13.77,1.439,-0.44,32.0
13.708,1.43,-0.516,18.0
13.772,1.43,-0.136,40.0
13.778,1.428,-0.214,116.0
13.775,1.425,-0.292,150.0
13.758,1.421,-0.371,28.0
13.75,1.418,-0.448,28.0
13.681,1.409,-0.524,10.0
13.766,1.41,-0.145,39.0
13.781,1.409,-0.223,115.0
13.771,1.406,-0.3,150.0
13.765,1.403,-0.38,34.0
13.763,1.4,-0.457,31.0
13.675,1.389,-0.532,9.0
13.779,1.392,-0.153,39.0
13.786,1.39,-0.231,150.0
13.77,1.386,-0.309,150.0
13.766,1.383,-0.388,45.0
13.755,1.38,-0.465,31.0
13.674,1.369,-0.54,10.0
13.788,1.373,-0.162,39.0
13.781,1.37,-0.239,150.0
13.772,1.366,-0.317,150.0
13.758,1.362,-0.395,37.0
13.725,1.356,-0.472,23.0
13.68,1.349,-0.548,11.0
13.799,1.354,-0.169,38.0
13.782,1.349,-0.247,39.0
13.78,1.346,-0.324,94.0
13.764,1.342,-0.403,32.0
13.733,1.337,-0.479,23.0
13.664,1.327,-0.554,13.0
13.804,1.333,-0.176,38.0
13.796,1.33,-0.254,39.0
13.787,1.326,-0.331,37.0
13.756,1.32,-0.41,25.0
13.733,1.316,-0.486,21.0
13.627,1.303,-0.559,10.0
13.827,1.314,-0.183,37.0
13.819,1.311,-0.261,39.0
13.805,1.307,-0.338,36.0
13.766,1.3,-0.416,22.0
13.752,1.296,-0.493,25.0
13.6,1.279,-0.564,10.0
13.841,1.294,-0.19,31.0
13.832,1.29,-0.267,32.0
13.817,1.286,-0.345,32.0
13.799,1.281,-0.423,19.0
13.763,1.275,-0.5,18.0
13.588,1.256,-0.57,10.0
13.866,1.274,-0.196,30.0
13.846,1.269,-0.273,21.0
13.817,1.264,-0.35,29.0
13.823,1.261,-0.43,22.0
13.775,1.254,-0.505,16.0
13.551,1.231,-0.573,11.0
13.888,1.254,-0.202,18.0
13.881,1.25,-0.279,11.0
13.852,1.244,-0.356,17.0
13.845,1.241,-0.435,15.0
13.801,1.234,-0.511,15.0
13.53,1.207,-0.577,13.0
24.581,2.179,-0.366,5.0
21.079,1.864,-0.432,4.0
13.901,1.226,-0.362,5.0
13.905,1.223,-0.442,10.0
13.821,1.212,-0.517,13.0
13.55,1.186,-0.583,10.0
24.27,2.111,-0.369,5.0
20.91,1.814,-0.435,4.0
18.705,1.618,-0.493,3.0
16.879,1.456,-0.541,2.0
13.864,1.193,-0.522,13.0
13.564,1.164,-0.587,10.0
24.272,2.07,-0.376,5.0
20.816,1.77,-0.438,4.0
18.67,1.583,-0.497,3.0
16.818,1.422,-0.544,2.0
13.921,1.174,-0.528,13.0
13.542,1.139,-0.589,9.0
24.219,2.024,-0.381,5.0
20.793,1.733,-0.443,4.0
18.598,1.545,-0.5,2.0
16.758,1.388,-0.546,2.0
14.08,1.163,-0.537,9.0
13.512,1.113,-0.591,10.0
24.147,1.976,-0.384,5.0
20.724,1.691,-0.445,4.0
18.524,1.507,-0.501,3.0
16.738,1.358,-0.548,2.0
14.212,1.149,-0.545,9.0
13.515,1.09,-0.593,12.0
24.102,1.931,-0.388,5.0
20.734,1.656,-0.449,4.0
18.547,1.476,-0.505,3.0
16.699,1.325,-0.549,2.0
14.391,1.139,-0.553,8.0
13.505,1.065,-0.595,12.0
24.004,1.88,-0.389,5.0
20.714,1.618,-0.451,4.0
18.541,1.443,-0.507,3.0
16.715,1.297,-0.551,3.0
14.383,1.112,-0.555,8.0
13.501,1.041,-0.596,11.0
23.969,1.835,-0.391,5.0
20.686,1.578,-0.452,4.0
18.542,1.41,-0.508,3.0
16.737,1.269,-0.553,2.0
14.473,1.093,-0.559,8.0
13.561,1.021,-0.599,11.0
24.011,1.795,-0.393,5.0
20.719,1.543,-0.454,4.0
18.566,1.378,-0.51,3.0
16.754,1.24,-0.555,2.0
14.534,1.072,-0.562,8.0
13.597,0.999,-0.601,12.0
23.982,1.749,-0.393,5.0
20.783,1.51,-0.455,4.0
18.641,1.35,-0.512,4.0
16.76,1.209,-0.555,2.0
14.569,1.047,-0.563,9.0
13.643,0.977,-0.603,12.0
24.105,1.714,-0.394,5.0
20.783,1.472,-0.455,4.0
18.676,1.318,-0.512,3.0
16.793,1.18,-0.555,3.0
14.668,1.027,-0.566,7.0
13.685,0.955,-0.604,12.0
24.2,1.676,-0.394,5.0
20.861,1.439,-0.455,4.0
18.647,1.281,-0.51,3.0
16.84,1.153,-0.555,3.0
14.711,1.003,-0.566,6.0
13.721,0.932,-0.604,13.0
24.364,1.642,-0.394,4.0
20.964,1.407,-0.455,4.0
18.782,1.256,-0.511,3.0
16.953,1.129,-0.557,2.0
14.786,0.98,-0.567,5.0
13.797,0.911,-0.606,13.0
24.688,1.618,-0.396,6.0
21.058,1.374,-0.454,4.0
18.846,1.224,-0.51,3.0
17.04,1.103,-0.557,2.0
14.806,0.954,-0.566,5.0
13.821,0.887,-0.604,12.0
24.614,1.567,-0.391,2.0
21.119,1.338,-0.451,4.0
18.963,1.196,-0.51,3.0
17.088,1.073,-0.555,2.0
15.064,0.942,-0.572,2.0
13.957,0.869,-0.607,13.0
24.849,1.534,-0.389,2.0
21.264,1.307,-0.45,4.0
19.05,1.166,-0.508,3.0
17.234,1.05,-0.556,2.0
15.289,0.927,-0.577,2.0
14.21,0.858,-0.615,14.0
28.723,1.719,-0.442,1.0
21.428,1.276,-0.447,4.0
19.188,1.138,-0.506,3.0
17.352,1.024,-0.555,2.0
15.583,0.915,-0.584,3.0
14.389,0.841,-0.618,15.0
28.803,1.669,-0.435,1.0
21.595,1.245,-0.444,4.0
19.391,1.113,-0.505,3.0
17.472,0.998,-0.553,3.0
15.813,0.898,-0.587,2.0
14.526,0.821,-0.619,18.0
28.914,1.62,-0.427,2.0
21.792,1.215,-0.441,4.0
19.598,1.087,-0.504,3.0
17.617,0.972,-0.551,4.0
15.922,0.874,-0.585,5.0
14.57,0.796,-0.615,19.0
29.101,1.575,-0.419,2.0
22.053,1.187,-0.438,4.0
19.727,1.056,-0.499,3.0
17.728,0.944,-0.547,3.0
16.023,0.849,-0.583,4.0
14.612,0.77,-0.611,21.0
29.368,1.533,-0.41,2.0
22.439,1.164,-0.436,4.0
19.947,1.029,-0.496,3.0
17.887,0.918,-0.545,3.0
16.256,0.829,-0.584,3.0
14.65,0.743,-0.606,19.0
29.635,1.49,-0.4,2.0
22.862,1.142,-0.433,5.0
20.183,1.002,-0.493,3.0
18.148,0.896,-0.544,3.0
16.399,0.805,-0.581,4.0
14.658,0.715,-0.599,20.0
29.895,1.445,-0.389,2.0
23.432,1.126,-0.432,5.0
20.492,0.978,-0.49,3.0
18.34,0.87,-0.54,3.0
16.567,0.781,-0.578,3.0
14.656,0.687,-0.591,14.0
30.336,1.408,-0.379,2.0
23.998,1.107,-0.43,5.0
20.77,0.952,-0.485,4.0
18.497,0.842,-0.534,3.0
16.743,0.757,-0.575,2.0
14.702,0.661,-0.585,8.0
30.789,1.37,-0.367,2.0
24.389,1.078,-0.423,5.0
21.011,0.922,-0.478,4.0
18.729,0.816,-0.53,3.0
17.057,0.738,-0.575,2.0
15.094,0.649,-0.591,4.0
31.313,1.333,-0.354,2.0
24.652,1.042,-0.412,1.0
21.286,0.893,-0.471,13.0
19.018,0.792,-0.526,3.0
17.296,0.715,-0.572,2.0
15.503,0.637,-0.597,3.0
31.914,1.297,-0.34,2.0
28.359,1.144,-0.455,1.0
21.579,0.864,-0.463,4.0
19.329,0.768,-0.522,3.0
17.522,0.691,-0.568,5.0
15.863,0.621,-0.6,8.0
32.678,1.266,-0.325,1.0
28.72,1.104,-0.441,1.0
22.103,0.843,-0.459,4.0
19.674,0.744,-0.517,3.0
17.71,0.665,-0.561,4.0
16.119,0.6,-0.598,2.0
35.975,1.324,-0.332,0.0
29.128,1.064,-0.426,2.0
22.85,0.827,-0.457,5.0
20.059,0.72,-0.512,3.0
18.017,0.641,-0.557,3.0
16.369,0.578,-0.594,3.0
35.94,1.254,-0.304,6.0
29.679,1.027,-0.411,2.0
23.503,0.806,-0.452,5.0
20.369,0.692,-0.504,3.0
18.337,0.618,-0.552,3.0
16.664,0.556,-0.592,2.0
36.198,1.194,-0.277,7.0
30.278,0.99,-0.395,2.0
24.002,0.777,-0.442,3.0
20.685,0.663,-0.494,4.0
18.629,0.592,-0.545,3.0
17.077,0.538,-0.592,2.0
36.508,1.135,-0.248,13.0
30.774,0.947,-0.375,2.0
27.519,0.839,-0.483,1.0
21.107,0.637,-0.486,4.0
18.974,0.567,-0.539,4.0
17.28,0.511,-0.584,4.0
36.742,1.073,-0.218,29.0
31.694,0.916,-0.358,1.0
27.936,0.799,-0.465,1.0
21.572,0.611,-0.477,4.0
19.39,0.543,-0.533,3.0
17.559,0.487,-0.577,6.0
37.056,1.013,-0.186,36.0
32.69,0.884,-0.339,1.0
28.636,0.766,-0.451,1.0
22.112,0.584,-0.469,4.0
19.79,0.517,-0.525,3.0
17.805,0.46,-0.568,5.0
38.215,0.973,-0.155,43.0
33.694,0.848,-0.317,1.0
29.231,0.727,-0.431,1.0
23.185,0.569,-0.468,5.0
20.254,0.492,-0.518,3.0
18.217,0.437,-0.563,4.0
39.136,0.924,-0.12,48.0
36.602,0.853,-0.308,4.0
29.842,0.687,-0.41,2.0
26.741,0.608,-0.514,1.0
20.778,0.466,-0.51,4.0
18.624,0.412,-0.557,4.0
39.708,0.865,-0.081,29.0
36.785,0.79,-0.272,10.0
30.565,0.648,-0.389,2.0
27.17,0.567,-0.493,2.0
21.141,0.435,-0.497,4.0
18.866,0.383,-0.544,12.0
44.721,0.892,-0.044,19.0
37.208,0.731,-0.235,18.0
31.32,0.606,-0.365,1.0
27.764,0.529,-0.474,1.0
21.696,0.407,-0.486,4.0
19.572,0.362,-0.543,7.0
0.0,0.0,0.0,0.0
37.697,0.672,-0.196,43.0
32.505,0.57,-0.342,1.0
28.554,0.492,-0.455,1.0
22.215,0.376,-0.473,4.0
19.97,0.332,-0.531,3.0
47.814,0.781,0.059,44.0
38.471,0.617,-0.156,48.0
36.961,0.582,-0.347,0.0
29.362,0.454,-0.434,2.0
26.261,0.398,-0.528,1.0
20.546,0.305,-0.522,4.0
48.019,0.698,0.115,61.0
39.382,0.562,-0.114,37.0
37.071,0.518,-0.304,4.0
30.056,0.411,-0.409,2.0
26.825,0.359,-0.508,2.0
21.099,0.276,-0.511,4.0
48.035,0.615,0.173,76.0
44.249,0.554,-0.075,11.0
37.421,0.457,-0.262,12.0
30.943,0.369,-0.384,2.0
27.396,0.319,-0.485,1.0
21.712,0.247,-0.499,4.0
48.047,0.531,0.232,97.0
0.0,0.0,0.0,0.0
37.973,0.398,-0.219,25.0
32.209,0.328,-0.359,1.0
28.372,0.281,-0.467,1.0
25.521,0.245,-0.555,1.0
48.038,0.448,0.292,108.0
47.606,0.43,0.038,52.0
38.686,0.339,-0.173,50.0
33.265,0.282,-0.328,1.0
29.214,0.239,-0.443,2.0
26.086,0.206,-0.533,2.0
48.105,0.367,0.355,55.0
48.039,0.353,0.1,48.0
39.573,0.28,-0.126,32.0
37.679,0.256,-0.322,1.0
29.937,0.195,-0.414,2.0
26.77,0.167,-0.512,2.0
59.32,0.352,0.517,6.0
54.955,0.311,0.188,59.0
44.269,0.238,-0.081,18.0
37.828,0.193,-0.273,10.0
30.971,0.149,-0.386,1.0
27.457,0.125,-0.488,1.0
79.43,0.34,0.8,19.0
59.278,0.237,0.285,15.0
0.0,0.0,0.0,0.0
38.588,0.133,-0.225,14.0
32.2,0.102,-0.357,1.0
28.485,0.083,-0.466,2.0
79.476,0.21,0.91,151.0
75.994,0.18,0.47,17.0
47.925,0.101,0.044,21.0
39.351,0.072,-0.174,36.0
33.549,0.052,-0.325,1.0
29.352,0.038,-0.439,2.0
79.466,0.081,1.023,151.0
79.354,0.06,0.604,24.0
0.0,0.0,0.0,0.0
40.882,0.009,-0.122,17.0
38.256,-0.001,-0.316,2.0
30.213,-0.008,-0.408,2.0
79.459,-0.044,1.138,151.0
79.439,-0.065,0.72,150.0
61.672,-0.066,0.234,14.0
0.0,0.0,0.0,0.0
38.841,-0.062,-0.263,5.0
31.72,-0.059,-0.381,2.0
79.461,-0.168,1.255,151.0
79.466,-0.189,0.838,151.0
76.385,-0.202,0.405,11.0
46.195,-0.134,-0.001,4.0
39.338,-0.124,-0.208,7.0
32.972,-0.112,-0.347,1.0
79.452,-0.292,1.375,163.0
79.458,-0.312,0.958,151.0
79.098,-0.331,0.539,13.0
0.0,0.0,0.0,0.0
0.0,0.0,0.0,0.0
36.794,-0.181,-0.331,0.0
79.431,-0.411,1.495,189.0
79.46,-0.432,1.08,165.0
79.455,-0.451,0.663,150.0
61.029,-0.361,0.183,9.0
44.445,-0.273,-0.099,3.0
39.659,-0.254,-0.296,3.0
79.436,-0.529,1.618,175.0
79.451,-0.548,1.202,180.0
79.456,-0.567,0.785,181.0
61.859,-0.457,0.282,5.0
48.602,-0.371,-0.032,4.0
42.183,-0.332,-0.248,4.0
79.433,-0.644,1.743,179.0
79.441,-0.664,1.328,191.0
79.451,-0.683,0.913,190.0
77.358,-0.683,0.476,15.0
54.35,-0.493,0.05,5.0
50.833,-0.473,-0.218,3.0
79.436,-0.757,1.869,178.0
79.432,-0.776,1.455,193.0
79.449,-0.795,1.039,175.0
79.37,-0.812,0.616,150.0
60.365,-0.631,0.153,6.0
53.315,-0.57,-0.143,3.0
79.441,-0.867,1.998,156.0
79.437,-0.886,1.583,174.0
79.417,-0.904,1.169,255.0
79.476,-0.923,0.747,4.0
77.96,-0.923,0.326,0.0
54.62,-0.659,-0.055,3.0
79.664,-0.98,2.135,0.0
86.945,-1.089,1.877,4.0
86.952,-1.108,1.424,64.0
86.957,-1.128,0.961,144.0
78.817,-1.04,0.461,7.0
60.804,-0.815,0.038,1.0
86.919,-1.185,2.475,12.0
183.39,-2.541,4.266,66.0
183.418,-2.583,3.312,67.0
148.363,-2.12,1.89,13.0
87.826,-1.274,0.661,3.0
248.353,-3.658,0.578,34.0
151.474,-2.262,4.567,91.0
183.54,-2.781,4.579,23.0
0.0,0.0,0.0,0.0
205.359,-3.2,2.966,72.0
123.843,-1.956,1.145,9.0
40.278,-0.644,0.162,5.0
151.446,-2.455,4.826,96.0
151.435,-2.486,4.037,45.0
264.504,-4.396,5.674,47.0
205.375,-3.457,3.317,47.0
40.277,-0.685,0.44,25.0
40.253,-0.693,0.231,52.0
151.425,-2.642,5.087,39.0
40.291,-0.711,1.144,44.0
40.214,-0.718,0.933,50.0
40.159,-0.725,0.719,64.0
40.262,-0.735,0.511,39.0
40.242,-0.742,0.302,55.0
184.599,-3.445,6.525,52.0
40.298,-0.759,1.214,43.0
40.251,-0.766,1.003,44.0
40.205,-0.773,0.789,38.0
40.239,-0.781,0.58,50.0
40.235,-0.789,0.372,47.0
184.55,-3.657,6.844,26.0
40.359,-0.807,1.287,13.0
40.233,-0.812,1.074,46.0
40.204,-0.819,0.86,49.0
40.242,-0.827,0.652,54.0
40.249,-0.835,0.443,34.0
191.275,-4.009,7.434,34.0
185.568,-3.921,6.246,45.0
40.223,-0.857,1.145,44.0
40.202,-0.864,0.932,58.0
40.198,-0.871,0.723,58.0
40.311,-0.881,0.516,9.0
129.61,-2.858,5.268,28.0
185.564,-4.125,6.58,36.0
40.255,-0.901,1.217,44.0
40.202,-0.907,1.003,54.0
40.192,-0.914,0.795,56.0
40.307,-0.923,0.588,88.0
129.322,-2.988,5.487,29.0
40.228,-0.936,1.497,34.0
40.272,-0.943,1.29,58.0
40.193,-0.948,1.075,55.0
40.188,-0.955,0.866,55.0
40.201,-0.962,0.659,64.0
128.927,-3.111,5.705,41.0
40.244,-0.977,1.571,11.0
40.207,-0.982,1.361,55.0
40.211,-0.989,1.148,44.0
40.188,-0.995,0.939,54.0
40.197,-1.001,0.731,57.0
129.076,-3.242,5.945,39.0
129.168,-3.264,5.279,43.0
40.183,-1.021,1.433,57.0
40.259,-1.029,1.223,41.0
40.192,-1.034,1.013,56.0
40.2,-1.04,0.805,41.0
177.909,-4.637,8.52,32.0
128.873,-3.378,5.503,30.0
40.216,-1.06,1.508,36.0
40.293,-1.067,1.298,15.0
40.203,-1.071,1.087,44.0
40.21,-1.076,0.878,41.0
129.151,-3.484,6.423,20.0
128.915,-3.496,5.741,29.0
129.261,-3.524,5.088,10.0
40.313,-1.104,1.373,4.0
40.229,-1.107,1.162,32.0
40.348,-1.116,0.957,10.0
129.192,-3.598,6.663,28.0
0.0,0.0,0.0,0.0
129.302,-3.636,5.327,10.0
0.0,0.0,0.0,0.0
40.327,-1.144,1.24,3.0
40.32,-1.149,1.031,31.0
90.448,-2.596,4.834,22.0
0.0,0.0,0.0,0.0
148.292,-4.292,6.387,5.0
0.0,0.0,0.0,0.0
0.0,0.0,0.0,0.0
40.297,-1.181,1.105,31.0
90.482,-2.669,5.006,24.0
0.0,0.0,0.0,0.0
0.0,0.0,0.0,0.0
148.171,-4.422,5.877,13.0
0.0,0.0,0.0,0.0
40.321,-1.212,1.181,3.0
93.216,-2.821,5.331,9.0
0.0,0.0,0.0,0.0
0.0,0.0,0.0,0.0
148.289,-4.536,6.161,11.0
0.0,0.0,0.0,0.0
0.0,0.0,0.0,0.0
98.149,-3.042,5.8,18.0
90.466,-2.813,4.876,10.0
0.0,0.0,0.0,0.0
0.0,0.0,0.0,0.0
0.0,0.0,0.0,0.0
0.0,0.0,0.0,0.0
93.205,-2.952,5.683,15.0
90.509,-2.875,5.048,7.0
0.0,0.0,0.0,0.0
0.0,0.0,0.0,0.0
148.082,-4.745,5.94,25.0
0.0,0.0,0.0,0.0
93.196,-3.013,5.858,20.0
175.398,-5.683,10.111,22.0
0.0,0.0,0.0,0.0
0.0,0.0,0.0,0.0
148.02,-4.833,6.215,10.0
0.0,0.0,0.0,0.0
93.25,-3.07,6.036,4.0
174.67,-5.764,10.399,32.0
0.0,0.0,0.0,0.0
0.0,0.0,0.0,0.0
0.0,0.0,0.0,0.0
0.0,0.0,0.0,0.0
90.423,-3.028,6.025,9.0
174.623,-5.861,10.725,33.0
175.439,-5.899,9.864,10.0
0.0,0.0,0.0,0.0
0.0,0.0,0.0,0.0
0.0,0.0,0.0,0.0
83.126,-2.827,5.694,12.0
93.163,-3.174,5.898,7.0
175.154,-5.979,10.177,31.0
0.0,0.0,0.0,0.0
0.0,0.0,0.0,0.0
0.0,0.0,0.0,0.0
82.974,-2.862,5.84,22.0
93.16,-3.219,6.072,9.0
174.632,-6.043,10.475,37.0
0.0,0.0,0.0,0.0
0.0,0.0,0.0,0.0
0.0,0.0,0.0,0.0
82.384,-2.879,5.954,12.0
90.46,-3.165,6.067,11.0
174.657,-6.118,10.805,39.0
175.483,-6.155,9.928,7.0
0.0,0.0,0.0,0.0
0.0,0.0,0.0,0.0
0.0,0.0,0.0,0.0
83.175,-2.943,5.735,12.0
93.187,-3.301,5.94,10.0
174.827,-6.2,10.218,29.0
0.0,0.0,0.0,0.0
0.0,0.0,0.0,0.0
91.762,-3.278,6.978,5.0
83.27,-2.977,5.897,10.0
90.281,-3.229,5.923,6.0
174.682,-6.253,10.536,38.0
0.0,0.0,0.0,0.0
0.0,0.0,0.0,0.0
91.515,-3.298,7.129,12.0
83.169,-2.999,6.044,5.0
90.384,-3.26,6.097,8.0
174.739,-6.307,10.862,29.0
98.717,-3.565,5.623,1.0
0.0,0.0,0.0,0.0
91.487,-3.323,7.296,15.0
83.239,-3.024,6.203,16.0
93.081,-3.383,6.451,11.0
93.089,-3.384,5.956,18.0
175.391,-6.379,10.311,14.0
0.0,0.0,0.0,0.0
82.963,-3.033,6.77,12.0
83.458,-3.052,6.373,9.0
90.7,-3.317,6.453,8.0
90.327,-3.303,5.946,9.0
174.735,-6.391,10.593,36.0
0.0,0.0,0.0,0.0
82.229,-3.024,6.862,2.0
96.803,-3.558,7.571,3.0
90.497,-3.326,6.604,6.0
83.419,-3.066,5.643,8.0
174.589,-6.415,10.9,28.0
98.595,-3.623,5.643,1.0
82.121,-3.033,7.002,8.0
91.424,-3.376,7.316,11.0
83.335,-3.075,6.232,13.0
83.26,-3.072,5.783,11.0
93.08,-3.433,5.979,15.0
175.511,-6.47,10.36,8.0
56.9,-2.108,4.954,4.0
82.945,-3.072,6.787,13.0
83.474,-3.089,6.393,11.0
90.742,-3.357,6.465,5.0
90.217,-3.336,5.957,8.0
174.977,-6.466,10.639,28.0
40.783,-1.514,3.624,17.0
92.699,-3.439,7.75,7.0
91.615,-3.397,7.18,3.0
90.55,-3.355,6.613,7.0
83.492,-3.091,5.661,9.0
174.636,-6.462,10.93,26.0
40.779,-1.516,3.696,36.0
63.455,-2.357,5.419,4.0
91.507,-3.396,7.334,12.0
83.358,-3.09,6.234,10.0
83.276,-3.084,5.793,11.0
93.125,-3.446,5.992,12.0
57.272,-2.129,5.293,7.0
56.919,-2.114,4.96,6.0
82.945,-3.077,6.792,12.0
83.427,-3.091,6.386,12.0
93.083,-3.446,6.636,18.0
90.193,-3.335,5.959,9.0
63.905,-2.374,6.018,11.0
40.782,-1.513,3.625,24.0
92.627,-3.432,7.747,7.0
91.601,-3.39,7.171,3.0
90.579,-3.346,6.616,4.0
83.491,-3.081,5.661,9.0
62.965,-2.335,6.039,5.0
40.781,-1.509,3.696,31.0
81.994,-3.031,7.0,10.0
91.45,-3.375,7.316,12.0
83.374,-3.072,6.232,13.0
83.313,-3.065,5.791,12.0
53.34,-1.972,5.207,6.0
57.182,-2.11,5.28,8.0
56.9,-2.096,4.954,5.0
82.919,-3.049,6.774,11.0
92.823,-3.408,7.096,7.0
90.626,-3.321,6.453,9.0
53.045,-1.953,5.269,28.0
63.787,-2.344,5.999,28.0
40.791,-1.496,3.621,26.0
82.164,-3.007,6.851,8.0
91.524,-3.343,7.15,8.0
83.141,-3.031,6.059,4.0
40.385,-1.479,4.08,21.0
63.039,-2.305,6.035,6.0
40.773,-1.487,3.687,22.0
82.183,-2.991,6.99,12.0
91.544,-3.325,7.304,11.0
83.252,-3.016,6.204,21.0
40.321,-1.468,4.14,68.0
53.311,-1.937,5.191,20.0
57.159,-2.071,5.263,9.0
56.895,-2.057,4.932,4.0
82.444,-2.974,6.712,7.0
81.745,-2.942,6.225,1.0
40.227,-1.454,4.196,44.0
52.776,-1.903,5.225,22.0
63.866,-2.297,5.984,21.0
54.87,-1.968,4.845,13.0
92.397,-3.306,7.671,15.0
91.619,-3.269,7.122,15.0
40.164,-1.44,4.254,51.0
40.523,-1.449,4.077,26.0
53.321,-1.901,5.081,15.0
40.752,-1.449,3.663,35.0
63.488,-2.251,5.37,4.0
83.033,-2.936,6.585,14.0
40.429,-1.436,4.346,63.0
40.224,-1.424,4.11,57.0
53.144,-1.877,5.147,27.0
40.7,-1.433,3.722,39.0
82.521,-2.896,7.109,10.0
92.477,-3.237,7.477,11.0
40.334,-1.418,4.399,56.0
40.004,-1.402,4.149,65.0
54.899,-1.918,5.402,17.0
40.713,-1.418,3.785,11.0
54.82,-1.903,4.806,10.0
90.524,-3.132,7.457,6.0
40.472,-1.406,4.476,42.0
40.089,-1.388,4.22,60.0
40.407,-1.395,4.037,15.0
53.276,-1.833,5.034,27.0
40.791,-1.398,3.637,29.0
82.689,-2.825,6.935,13.0
40.407,-1.386,4.53,64.0
40.389,-1.381,4.312,52.0
40.424,-1.377,4.099,51.0
52.821,-1.793,5.07,9.0
40.742,-1.378,3.693,54.0
41.042,-1.383,3.502,37.0
40.394,-1.367,4.588,50.0
40.36,-1.361,4.368,45.0
40.036,-1.344,4.118,67.0
40.976,-1.371,3.992,14.0
40.732,-1.357,3.751,45.0
40.974,-1.36,3.555,32.0
40.489,-1.35,4.658,48.0
40.085,-1.331,4.396,47.0
39.943,-1.321,4.166,54.0
40.395,-1.33,3.993,35.0
40.787,-1.337,3.814,37.0
40.855,-1.335,3.603,43.0
40.214,-1.319,4.683,51.0
39.951,-1.305,4.438,47.0
39.949,-1.299,4.223,58.0
40.534,-1.312,4.063,45.0
54.648,-1.762,5.185,6.0
40.729,-1.307,3.648,36.0
40.277,-1.298,4.747,58.0
39.916,-1.281,4.489,53.0
39.92,-1.275,4.275,58.0
40.365,-1.283,4.102,43.0
40.853,-1.293,3.932,15.0
40.778,-1.285,3.707,49.0
40.595,-1.284,4.84,48.0
39.853,-1.254,4.536,60.0
39.523,-1.238,4.285,59.0
39.759,-1.24,4.093,48.0
40.543,-1.258,3.956,41.0
40.686,-1.256,3.752,56.0
40.582,-1.258,4.892,50.0
39.616,-1.222,4.561,65.0
39.978,-1.227,4.387,51.0
39.598,-1.209,4.128,51.0
40.236,-1.223,3.978,59.0
40.781,-1.233,3.813,43.0
40.467,-1.227,4.931,59.0
39.404,-1.189,4.588,69.0
39.99,-1.2,4.44,55.0
39.247,-1.172,4.142,59.0
39.73,-1.18,3.978,51.0
40.445,-1.194,3.833,16.0
40.469,-1.2,4.982,58.0
39.657,-1.169,4.667,52.0
39.626,-1.162,4.448,54.0
39.306,-1.146,4.196,61.0
39.535,-1.146,4.008,53.0
40.036,-1.154,3.843,69.0
40.546,-1.173,5.041,50.0
39.863,-1.147,4.739,58.0
39.817,-1.139,4.518,59.0
39.185,-1.113,4.23,67.0
39.443,-1.115,4.045,56.0
40.075,-1.126,3.893,52.0
40.254,-1.134,5.053,55.0
39.676,-1.111,4.764,61.0
39.462,-1.099,4.524,57.0
39.414,-1.09,4.3,57.0
39.26,-1.079,4.071,61.0
39.808,-1.088,3.913,68.0
39.638,-1.086,5.021,61.0
40.202,-1.095,4.873,50.0
39.335,-1.064,4.554,60.0
39.431,-1.06,4.346,49.0
39.328,-1.051,4.122,65.0
39.856,-1.058,3.961,52.0
39.579,-1.053,5.057,64.0
40.216,-1.063,4.919,53.0
39.247,-1.03,4.586,63.0
39.348,-1.026,4.38,62.0
39.309,-1.018,4.162,50.0
39.791,-1.024,3.997,59.0
39.514,-1.019,5.092,45.0
39.76,-1.018,4.906,56.0
39.244,-0.998,4.627,56.0
39.472,-0.996,4.435,45.0
39.011,-0.977,4.171,67.0
39.556,-0.984,4.014,56.0
39.576,-0.987,5.141,41.0
39.755,-0.984,4.946,64.0
39.31,-0.966,4.675,60.0
39.529,-0.964,4.481,49.0
39.029,-0.944,4.212,65.0
39.462,-0.948,4.044,58.0
42.133,-1.014,5.515,48.0
39.551,-0.944,4.959,45.0
39.425,-0.934,4.727,60.0
39.848,-0.937,4.556,58.0
39.078,-0.911,4.255,53.0
39.369,-0.911,4.072,59.0
42.033,-0.974,5.542,54.0
39.541,-0.909,4.996,60.0
39.855,-0.908,4.816,49.0
39.327,-0.889,4.533,59.0
39.079,-0.876,4.291,60.0
39.396,-0.876,4.11,52.0
41.908,-0.933,5.564,57.0
39.506,-0.872,5.027,62.0
39.639,-0.867,4.826,65.0
39.356,-0.853,4.571,48.0
38.993,-0.838,4.315,61.0
39.344,-0.839,4.139,60.0
41.787,-0.891,5.584,72.0
39.54,-0.836,5.066,52.0
39.495,-0.827,4.842,63.0
39.262,-0.814,4.593,56.0
39.038,-0.802,4.353,60.0
39.182,-0.798,4.154,50.0
42.638,-0.869,5.734,29.0
41.886,-0.845,5.401,20.0
39.445,-0.788,4.868,61.0
39.131,-0.774,4.61,57.0
39.216,-0.768,4.404,62.0
39.306,-0.763,4.198,45.0
42.876,-0.832,5.8,27.0
42.118,-0.809,5.464,11.0
39.469,-0.75,4.901,50.0
39.248,-0.738,4.653,51.0
39.295,-0.731,4.442,58.0
39.209,-0.722,4.217,59.0
42.853,-0.789,5.829,30.0
41.887,-0.762,5.465,31.0
39.45,-0.71,4.928,51.0
39.415,-0.702,4.702,48.0
39.34,-0.693,4.476,57.0
39.496,-0.687,4.276,41.0
42.014,-0.73,5.744,48.0
39.931,-0.686,5.237,58.0
39.635,-0.673,4.978,41.0
39.704,-0.667,4.763,57.0
39.694,-0.659,4.543,51.0
39.433,-0.646,4.295,56.0
42.465,-0.695,5.834,54.0
39.983,-0.647,5.27,26.0
39.679,-0.633,5.009,53.0
39.988,-0.631,4.822,50.0
39.593,-0.616,4.555,67.0
39.354,-0.605,4.311,39.0
0.0,0.0,0.0,0.0
39.977,-0.605,5.294,19.0
39.918,-0.596,5.064,47.0
39.97,-0.588,4.844,58.0
39.858,-0.579,4.609,55.0
39.285,-0.563,4.326,57.0
42.367,-0.604,5.871,44.0
42.512,-0.598,5.654,4.0
40.069,-0.556,5.105,47.0
40.073,-0.548,4.878,52.0
39.977,-0.539,4.644,61.0
41.981,-0.557,4.645,22.0
0.0,0.0,0.0,0.0
39.989,-0.52,5.339,33.0
40.016,-0.512,5.119,64.0
40.018,-0.504,4.892,47.0
39.901,-0.494,4.656,61.0
39.517,-0.482,4.391,49.0
40.694,-0.493,5.681,71.0
40.066,-0.477,5.368,47.0
39.989,-0.468,5.134,37.0
39.88,-0.459,4.893,44.0
40.016,-0.452,4.687,47.0
39.545,-0.44,4.412,47.0
0.0,0.0,0.0,0.0
40.061,-0.434,5.385,64.0
39.913,-0.424,5.141,49.0
39.874,-0.416,4.909,50.0
40.227,-0.411,4.728,45.0
39.838,-0.4,4.46,58.0
40.177,-0.399,5.642,66.0
40.105,-0.39,5.406,48.0
39.911,-0.38,5.156,40.0
39.84,-0.372,4.919,62.0
40.298,-0.368,4.75,29.0
40.096,-0.358,4.503,50.0
40.36,-0.356,5.682,62.0
40.022,-0.345,5.408,47.0
39.956,-0.336,5.175,39.0
39.654,-0.325,4.909,70.0
43.532,-0.349,5.145,5.0
40.529,-0.317,4.564,50.0
40.581,-0.313,5.725,60.0
39.715,-0.298,5.379,47.0
40.153,-0.293,5.212,34.0
39.61,-0.281,4.914,45.0
43.973,-0.304,5.209,4.0
40.902,-0.274,4.617,57.0
40.502,-0.267,5.724,61.0
39.658,-0.253,5.38,58.0
39.702,-0.246,5.162,58.0
43.695,-0.261,5.431,4.0
39.675,-0.23,4.709,32.0
40.401,-0.226,4.568,43.0
40.159,-0.219,5.684,63.0
39.509,-0.208,5.368,59.0
39.497,-0.2,5.143,58.0
39.627,-0.193,4.933,52.0
39.738,-0.186,4.723,54.0
46.914,-0.21,5.313,3.0
39.966,-0.173,5.663,54.0
39.472,-0.163,5.369,67.0
39.509,-0.155,5.151,51.0
39.629,-0.148,4.938,54.0
46.813,-0.166,5.57,6.0
40.306,-0.134,4.569,41.0
40.028,-0.127,5.676,51.0
39.574,-0.119,5.387,62.0
39.531,-0.11,5.157,61.0
39.654,-0.103,4.945,68.0
39.841,-0.096,4.744,45.0
40.162,-0.089,4.556,32.0
40.155,-0.082,5.697,57.0
39.601,-0.074,5.393,57.0
39.656,-0.066,5.176,56.0
39.582,-0.059,4.938,56.0
39.885,-0.051,4.75,47.0
40.054,-0.044,4.545,45.0
40.212,-0.037,5.706,53.0
39.697,-0.028,5.407,54.0
39.562,-0.021,5.164,42.0
39.461,-0.013,4.923,54.0
39.929,-0.006,4.755,54.0
39.884,0.001,4.525,54.0
40.072,0.008,5.685,61.0
39.696,0.016,5.405,61.0
39.629,0.023,5.171,57.0
39.368,0.03,4.909,52.0
39.885,0.038,4.748,60.0
40.212,0.046,4.559,35.0
39.861,0.054,5.652,61.0
39.798,0.061,5.416,65.0
39.621,0.068,5.166,55.0
39.395,0.075,4.909,42.0
43.65,0.091,5.191,12.0
39.895,0.09,4.519,59.0
40.293,0.1,5.709,48.0
39.764,0.106,5.406,66.0
39.917,0.114,5.199,43.0
39.347,0.119,4.897,36.0
39.67,0.127,4.712,27.0
40.193,0.135,4.547,32.0
40.237,0.144,5.694,62.0
39.78,0.15,5.402,67.0
40.396,0.16,5.255,15.0
0.0,0.0,0.0,0.0
40.051,0.173,4.75,45.0
40.426,0.182,4.565,34.0
40.286,0.191,5.692,54.0
39.762,0.195,5.39,51.0
39.573,0.201,5.138,60.0
40.317,0.212,5.001,39.0
39.841,0.217,4.715,42.0
40.348,0.226,4.546,53.0
40.505,0.238,5.713,64.0
39.567,0.239,5.353,44.0
0.0,0.0,0.0,0.0
39.835,0.254,4.93,60.0
39.983,0.262,4.72,48.0
40.429,0.272,4.543,58.0
40.263,0.281,5.666,29.0
39.434,0.282,5.323,66.0
40.085,0.293,5.181,68.0
39.841,0.299,4.918,44.0
40.321,0.309,4.747,40.0
40.012,0.314,4.483,56.0
39.363,0.319,5.526,53.0
39.376,0.325,5.301,65.0
39.595,0.334,5.103,36.0
46.968,0.404,5.78,22.0
40.007,0.351,4.695,53.0
40.115,0.358,4.479,48.0
39.226,0.361,5.491,65.0
39.298,0.368,5.275,49.0
39.476,0.376,5.071,67.0
43.847,0.425,5.377,7.0
40.24,0.397,4.705,43.0
40.986,0.411,4.558,39.0
38.919,0.401,5.43,56.0
39.172,0.41,5.24,59.0
39.259,0.417,5.026,40.0
43.666,0.471,5.335,3.0
40.078,0.439,4.667,60.0
41.326,0.459,4.576,18.0
38.729,0.441,5.385,62.0
38.973,0.45,5.194,50.0
39.047,0.457,4.979,41.0
40.335,0.478,4.907,22.0
40.586,0.488,4.705,45.0
41.445,0.504,4.568,30.0
38.504,0.48,5.333,71.0
39.06,0.493,5.184,53.0
39.122,0.499,4.967,61.0
40.059,0.518,4.851,27.0
40.637,0.531,4.688,59.0
41.539,0.549,4.555,24.0
38.723,0.523,5.341,48.0
39.075,0.534,5.163,57.0
39.392,0.544,4.978,26.0
43.927,0.613,5.294,9.0
41.223,0.581,4.731,40.0
47.605,0.678,5.191,7.0
38.56,0.561,5.294,64.0
38.876,0.572,5.112,53.0
39.502,0.587,4.967,24.0
41.149,0.617,4.933,32.0
41.064,0.622,4.686,50.0
41.626,0.636,4.512,37.0
38.623,0.602,5.277,61.0
38.467,0.605,5.033,60.0
39.282,0.623,4.912,45.0
41.432,0.663,4.938,47.0
41.106,0.664,4.663,44.0
41.638,0.678,4.484,15.0
38.721,0.642,5.263,47.0
38.461,0.644,5.004,48.0
39.115,0.66,4.863,59.0
41.399,0.704,4.904,52.0
41.143,0.705,4.637,40.0
41.509,0.717,4.44,22.0
38.835,0.683,5.249,52.0
38.763,0.687,5.014,39.0
39.36,0.703,4.863,57.0
41.737,0.751,4.912,41.0
41.365,0.75,4.63,53.0
41.237,0.753,4.378,12.0
38.754,0.72,5.207,43.0
38.949,0.729,5.007,46.0
39.489,0.744,4.847,53.0
41.305,0.783,4.827,42.0
41.757,0.797,4.64,43.0
52.923,1.017,5.576,7.0
38.869,0.76,5.19,40.0
38.86,0.764,4.962,49.0
39.545,0.782,4.821,65.0
0.0,0.0,0.0,0.0
41.809,0.838,4.609,16.0
48.478,0.977,5.066,5.0
39.041,0.8,5.178,57.0
38.443,0.792,4.875,50.0
39.872,0.826,4.825,63.0
41.355,0.862,4.761,44.0
48.532,1.017,5.306,50.0
40.949,0.863,4.242,21.0
38.965,0.834,5.131,15.0
37.958,0.817,4.778,64.0
42.127,0.911,5.058,10.0
41.174,0.896,4.701,54.0
48.478,1.06,5.255,14.0
56.009,1.232,5.748,7.0
0.0,0.0,0.0,0.0
37.867,0.849,4.729,38.0
42.382,0.955,5.047,5.0
41.393,0.938,4.685,43.0
48.492,1.104,5.208,11.0
40.971,0.937,4.164,16.0
48.329,1.122,6.268,12.0
37.872,0.883,4.691,61.0
41.935,0.982,4.951,36.0
41.637,0.979,4.67,25.0
41.362,0.976,4.4,43.0
40.517,0.961,4.076,42.0
38.487,0.926,4.952,43.0
37.86,0.914,4.651,58.0
41.873,1.015,4.9,32.0
53.788,1.31,5.977,60.0
49.511,1.21,5.215,8.0
40.303,0.989,4.012,53.0
38.013,0.946,4.85,62.0
37.846,0.945,4.608,59.0
42.359,1.062,4.911,34.0
41.787,1.051,4.598,17.0
41.283,1.043,4.303,32.0
40.505,1.026,3.988,48.0
37.927,0.974,4.796,54.0
38.008,0.979,4.585,62.0
42.342,1.095,4.862,25.0
41.199,1.069,4.487,32.0
49.219,1.281,5.075,8.0
40.629,1.061,3.954,30.0
37.718,0.998,4.727,61.0
38.091,1.011,4.551,65.0
41.561,1.106,4.724,4.0
41.209,1.1,4.44,24.0
49.345,1.321,5.031,8.0
42.77,1.149,4.113,20.0
37.808,1.028,4.693,57.0
42.116,1.149,4.982,8.0
49.855,1.364,5.607,5.0
0.0,0.0,0.0,0.0
40.579,1.116,4.088,36.0
42.859,1.182,4.07,56.0
37.774,1.055,4.642,65.0
42.592,1.192,4.986,15.0
42.063,1.18,4.679,29.0
41.273,1.161,4.347,27.0
40.534,1.143,4.034,42.0
42.956,1.214,4.027,43.0
37.878,1.084,4.608,58.0
42.107,1.208,4.876,8.0
41.875,1.204,4.605,3.0
40.902,1.178,4.256,54.0
42.966,1.241,4.222,31.0
42.97,1.244,3.973,31.0
38.131,1.116,4.589,14.0
37.85,1.11,4.334,46.0
41.222,1.212,4.48,28.0
40.849,1.204,4.197,34.0
42.815,1.264,4.15,40.0
40.288,1.192,3.672,34.0
38.158,1.142,4.541,38.0
41.653,1.248,4.714,32.0
42.019,1.262,4.51,18.0
40.854,1.229,4.143,43.0
42.837,1.291,4.095,51.0
40.29,1.217,3.618,42.0
37.853,1.156,4.453,54.0
38.376,1.173,4.29,12.0
41.817,1.281,4.431,5.0
40.891,1.255,4.091,35.0
42.597,1.309,4.013,4.0
67.709,2.085,5.987,12.0
37.801,1.176,4.394,71.0
38.331,1.194,4.231,41.0
41.498,1.295,4.339,22.0
40.814,1.275,4.025,3.0
63.681,1.993,5.911,12.0
61.113,1.915,5.318,18.0
37.959,1.201,4.358,57.0
38.282,1.213,4.171,58.0
41.367,1.312,4.266,16.0
42.726,1.357,4.153,16.0
40.268,1.281,3.68,42.0
61.133,1.948,5.232,59.0
38.34,1.233,4.346,33.0
38.349,1.234,4.123,22.0
42.842,1.381,4.356,6.0
42.663,1.376,4.085,12.0
67.806,2.19,6.098,18.0
55.87,1.807,4.7,58.0
38.154,1.245,4.268,52.0
38.331,1.252,4.064,24.0
52.277,1.71,5.237,3.0
67.606,2.213,6.373,12.0
61.043,2.0,5.399,55.0
55.872,1.833,4.617,31.0
38.351,1.269,4.232,46.0
41.524,1.375,4.339,16.0
42.636,1.413,4.207,13.0
61.133,2.027,5.669,31.0
55.992,1.858,4.867,42.0
74.016,2.458,6.003,13.0
38.389,1.286,4.177,43.0
41.198,1.381,4.241,17.0
42.644,1.43,4.141,15.0
60.997,2.047,5.561,44.0
55.962,1.88,4.777,39.0
74.05,2.489,5.89,10.0
38.406,1.301,4.118,38.0
60.801,2.061,6.164,23.0
60.868,2.064,5.816,49.0
60.991,2.069,5.465,26.0
71.777,2.436,6.015,29.0
62.094,2.108,4.842,49.0
41.59,1.423,4.394,23.0
0.0,0.0,0.0,0.0
60.922,2.086,5.724,37.0
56.036,1.919,4.932,78.0
71.853,2.461,5.905,38.0
65.181,2.234,4.979,11.0
41.337,1.427,4.3,30.0
42.612,1.471,4.183,16.0
67.631,2.336,6.243,13.0
56.034,1.935,4.84,55.0
71.943,2.485,5.796,22.0
65.186,2.252,4.873,16.0
41.193,1.433,4.216,29.0
42.611,1.483,4.113,36.0
67.874,2.362,6.154,23.0
71.789,2.498,6.083,21.0
62.098,2.161,4.9,55.0
55.25,1.922,4.039,20.0
0.0,0.0,0.0,0.0
67.665,2.371,6.418,9.0
56.033,1.962,4.987,84.0
71.792,2.514,5.963,10.0
62.12,2.174,4.798,22.0
121.976,4.27,8.713,11.0
42.776,1.507,4.235,4.0
67.72,2.385,6.308,28.0
56.043,1.973,4.894,45.0
64.348,2.265,5.237,13.0
55.338,1.947,4.181,46.0
73.548,2.587,5.129,3.0
42.653,1.51,4.149,6.0
67.703,2.395,6.19,21.0
71.898,2.542,6.154,10.0
62.141,2.196,4.949,59.0
65.283,2.306,4.82,11.0
54.202,1.913,3.687,52.0
67.839,2.409,6.482,13.0
56.019,1.988,5.025,75.0
62.192,2.206,5.216,14.0
62.107,2.201,4.84,23.0
65.266,2.311,4.706,4.0
54.212,1.919,3.594,69.0
67.839,2.415,6.363,29.0
56.042,1.993,4.929,58.0
62.194,2.21,5.107,33.0
55.341,1.965,4.215,59.0
65.248,2.315,4.59,3.0
73.273,2.598,4.729,11.0
67.674,2.412,6.227,18.0
62.178,2.214,5.358,11.0
62.172,2.211,4.995,77.0
65.254,2.319,4.855,16.0
54.21,1.925,3.718,46.0
73.378,2.603,4.605,16.0
56.008,1.996,5.055,69.0
62.163,2.213,5.246,26.0
62.128,2.21,4.88,26.0
65.287,2.319,4.741,6.0
54.21,1.923,3.621,75.0
73.585,2.608,4.487,17.0
56.037,1.996,4.956,72.0
62.192,2.212,5.136,34.0
55.355,1.966,4.249,57.0
65.236,2.314,4.62,2.0
54.229,1.921,3.525,34.0
73.673,2.607,4.361,33.0
56.07,1.993,4.858,10.0
62.183,2.207,5.024,64.0
55.341,1.961,4.148,36.0
54.2,1.918,3.741,21.0
73.336,2.591,4.635,19.0
73.707,2.601,4.23,31.0
71.897,2.548,6.098,10.0
62.111,2.197,4.905,43.0
65.257,2.304,4.772,9.0
54.212,1.911,3.643,62.0
65.009,2.289,3.99,32.0
73.807,2.594,4.102,37.0
64.411,2.273,5.346,25.0
62.12,2.187,4.793,14.0
148.127,5.207,10.564,13.0
54.223,1.903,3.546,31.0
73.624,2.579,4.386,36.0
73.81,2.581,3.968,33.0
64.489,2.263,5.234,9.0
55.33,1.937,4.167,43.0
54.232,1.895,3.768,4.0
73.37,2.559,4.663,20.0
73.667,2.565,4.253,48.0
73.995,2.571,3.841,32.0
62.104,2.164,4.925,58.0
55.24,1.921,4.057,24.0
54.215,1.882,3.666,27.0
64.99,2.251,4.009,34.0
73.801,2.551,4.122,42.0
133.851,4.618,6.7,14.0
62.107,2.148,4.809,20.0
122.139,4.214,8.743,10.0
54.23,1.867,3.566,73.0
73.693,2.531,4.409,28.0
73.945,2.534,3.994,22.0
124.075,4.242,5.98,34.0
65.154,2.233,4.923,17.0
73.558,2.515,5.129,9.0
54.262,1.85,3.466,13.0
73.761,2.509,4.275,34.0
124.853,4.238,6.509,28.0
133.693,4.526,6.194,14.0
55.21,1.873,4.068,44.0
73.544,2.488,4.989,27.0
64.902,2.19,4.024,22.0
73.861,2.485,4.142,34.0
124.814,4.19,6.274,20.0
152.572,5.108,6.784,32.0
55.215,1.851,3.964,19.0
54.247,1.814,3.578,80.0
73.799,2.46,4.437,27.0
73.896,2.456,4.006,10.0
133.766,4.435,6.475,29.0
152.806,5.052,6.508,33.0
55.175,1.826,3.857,5.0
54.265,1.79,3.477,19.0
73.883,2.431,4.302,46.0
125.181,4.106,6.549,20.0
133.719,4.372,6.218,32.0
152.384,4.967,6.201,39.0
73.522,2.399,5.0,32.0
74.103,2.41,4.607,11.0
74.004,2.398,4.169,35.0
133.81,4.323,6.746,30.0
133.489,4.299,5.956,15.0
152.296,4.889,5.91,36.0
54.262,1.742,3.586,63.0
73.87,2.364,4.452,49.0
125.435,4.0,6.829,30.0
133.593,4.245,6.482,28.0
152.421,4.827,6.511,35.0
152.416,4.811,5.627,39.0
54.276,1.713,3.485,19.0
73.939,2.324,4.316,46.0
153.153,4.797,8.047,16.0
133.585,4.169,6.23,33.0
152.128,4.731,6.212,38.0
152.382,4.721,5.337,33.0
124.357,3.851,7.748,15.0
73.978,2.282,4.178,12.0
133.674,4.107,6.771,15.0
151.855,4.648,6.796,25.0
152.04,4.635,5.92,42.0
157.942,4.795,5.232,13.0
73.893,2.241,4.464,17.0
122.971,3.715,6.714,25.0
123.093,3.703,6.003,30.0
151.89,4.55,6.51,38.0
152.095,4.536,5.635,34.0
153.512,4.56,4.795,23.0
124.148,3.682,7.262,23.0
123.174,3.637,6.489,26.0
123.212,3.621,5.775,9.0
152.07,4.451,6.23,32.0
152.141,4.433,5.349,31.0
154.059,4.468,4.522,37.0
124.153,3.594,7.028,25.0
122.637,3.533,6.228,46.0
151.934,4.356,6.832,30.0
151.885,4.333,5.931,36.0
152.735,4.336,5.079,42.0
154.03,4.354,4.23,42.0
123.183,3.474,6.741,17.0
122.607,3.439,5.996,24.0
151.844,4.239,6.545,34.0
152.057,4.223,5.655,41.0
153.988,4.254,4.832,28.0
154.087,4.236,3.943,6.0
122.693,3.363,6.483,33.0
151.706,4.135,7.133,15.0
152.02,4.121,6.265,41.0
152.364,4.109,5.38,27.0
154.091,4.132,4.546,36.0
0.0,0.0,0.0,0.0
122.53,3.257,6.244,41.0
130.141,3.44,5.876,24.0
152.106,3.996,5.984,41.0
152.781,3.99,5.109,30.0
138.046,3.585,3.816,12.0
100.302,2.589,2.191,1.0
122.625,3.153,6.02,28.0
152.694,3.903,6.609,28.0
152.287,3.868,5.708,41.0
138.033,3.484,4.359,21.0
100.32,2.516,2.586,30.0
100.341,2.501,2.006,7.0
153.574,3.81,7.254,8.0
130.611,3.219,5.41,26.0
152.557,3.734,5.434,34.0
158.898,3.864,4.723,23.0
140.068,3.383,3.35,4.0
106.027,2.543,1.922,1.0
130.247,3.11,5.912,25.0
152.59,3.617,6.041,24.0
152.706,3.593,5.159,13.0
169.218,3.955,4.72,3.0
0.0,0.0,0.0,0.0
106.067,2.443,1.73,4.0
130.432,2.987,5.681,17.0
152.645,3.469,5.764,28.0
158.941,3.584,5.079,23.0
169.807,3.799,4.424,6.0
0.0,0.0,0.0,0.0
89.853,1.979,1.301,4.0
152.936,3.347,6.382,8.0
152.804,3.316,5.489,28.0
128.187,2.759,3.862,19.0
128.146,2.735,3.105,29.0
106.193,2.247,1.959,18.0
120.828,2.536,1.529,4.0
127.991,2.666,5.107,42.0
128.034,2.643,4.367,58.0
128.056,2.621,3.627,61.0
128.039,2.596,2.872,51.0
0.0,0.0,0.0,0.0
80.523,1.602,0.873,9.0
127.961,2.525,4.875,37.0
127.988,2.503,4.136,38.0
128.035,2.479,3.395,35.0
128.023,2.456,2.643,33.0
0.0,0.0,0.0,0.0
77.826,1.463,0.706,25.0
128.112,2.385,4.653,19.0
128.155,2.362,3.914,17.0
128.174,2.338,3.173,18.0
128.017,2.31,2.416,24.0
121.156,2.163,1.586,13.0
74.962,1.323,0.547,14.0
132.851,2.321,4.591,32.0
159.944,2.763,4.602,19.0
190.18,3.246,4.37,6.0
127.479,2.15,2.18,31.0
89.699,1.495,1.015,5.0
61.368,1.011,0.341,35.0
132.997,2.165,4.364,30.0
0.0,0.0,0.0,0.0
190.023,3.014,4.034,22.0
126.713,1.984,1.945,41.0
78.181,1.208,0.748,14.0
58.107,0.886,0.22,7.0
162.62,2.446,5.05,21.0
176.482,2.619,4.462,24.0
189.877,2.777,3.702,27.0
126.247,1.819,1.718,19.0
0.0,0.0,0.0,0.0
47.968,0.671,0.099,54.0
55.108,0.76,1.617,16.0
100.08,1.358,2.357,9.0
127.811,1.708,2.274,11.0
121.141,1.593,1.444,11.0
48.089,0.621,0.295,60.0
46.8,0.595,0.017,32.0
55.041,0.688,1.522,100.0
55.065,0.677,1.205,75.0
48.18,0.581,0.776,41.0
48.095,0.57,0.492,92.0
48.032,0.559,0.214,83.0
44.183,0.504,-0.056,15.0
48.188,0.539,1.252,65.0
48.139,0.528,0.973,88.0
48.102,0.517,0.695,102.0
48.052,0.505,0.412,95.0
48.002,0.494,0.134,71.0
39.264,0.395,-0.116,39.0
48.131,0.474,1.171,102.0
48.108,0.462,0.892,104.0
48.074,0.451,0.615,100.0
48.021,0.439,0.332,105.0
47.651,0.425,0.055,50.0
38.43,0.334,-0.176,43.0
48.116,0.407,1.092,125.0
48.089,0.395,0.813,112.0
48.072,0.383,0.536,104.0
48.057,0.372,0.253,78.0
0.0,0.0,0.0,0.0
37.91,0.275,-0.236,13.0
48.121,0.338,1.013,103.0
48.113,0.326,0.736,67.0
48.154,0.316,0.46,50.0
48.17,0.304,0.178,54.0
43.903,0.267,-0.09,4.0
37.767,0.22,-0.295,2.0
48.195,0.269,0.938,53.0
59.296,0.317,0.813,50.0
59.303,0.303,0.473,95.0
54.517,0.265,0.115,28.0
39.241,0.181,-0.142,47.0
33.434,0.146,-0.314,1.0
79.454,0.328,1.424,150.0
79.431,0.308,0.966,150.0
75.951,0.276,0.487,16.0
0.0,0.0,0.0,0.0
38.691,0.121,-0.2,20.0
31.753,0.092,-0.346,1.0
79.462,0.21,1.303,157.0
79.452,0.19,0.846,150.0
59.094,0.126,0.289,7.0
0.0,0.0,0.0,0.0
38.241,0.062,-0.256,6.0
30.544,0.041,-0.38,1.0
79.459,0.087,1.182,151.0
79.422,0.067,0.725,150.0
55.225,0.032,0.186,12.0
40.781,0.013,-0.1,17.0
38.189,0.002,-0.314,1.0
29.555,-0.005,-0.413,2.0
79.469,-0.035,1.063,152.0
76.626,-0.054,0.585,15.0
40.061,-0.039,0.075,2.0
39.733,-0.049,-0.156,31.0
33.171,-0.049,-0.321,1.0
28.759,-0.05,-0.444,2.0
79.47,-0.16,0.948,151.0
76.357,-0.174,0.472,12.0
46.149,-0.118,0.02,9.0
39.121,-0.11,-0.21,9.0
31.707,-0.097,-0.352,1.0
27.757,-0.093,-0.468,2.0
79.457,-0.287,0.834,151.0
61.384,-0.239,0.292,13.0
44.722,-0.186,-0.043,19.0
39.194,-0.174,-0.267,2.0
30.343,-0.143,-0.38,2.0
26.865,-0.133,-0.491,2.0
79.458,-0.416,0.723,151.0
56.033,-0.309,0.189,18.0
42.017,-0.243,-0.099,6.0
39.671,-0.241,-0.325,0.0
29.598,-0.188,-0.412,2.0
26.205,-0.173,-0.515,3.0
0.0,0.0,0.0,0.0
53.366,-0.383,0.106,7.0
47.063,-0.35,-0.175,4.0
33.415,-0.258,-0.319,1.0
28.789,-0.23,-0.44,2.0
25.397,-0.21,-0.533,1.0
77.253,-0.661,0.494,12.0
52.035,-0.46,0.034,5.0
42.128,-0.384,-0.212,2.0
31.873,-0.3,-0.346,1.0
28.066,-0.272,-0.466,2.0
24.681,-0.246,-0.551,1.0
77.439,-0.793,0.394,2.0
54.299,-0.572,-0.034,22.0
38.557,-0.417,-0.245,6.0
30.63,-0.34,-0.372,2.0
27.124,-0.309,-0.485,1.0
23.968,-0.279,-0.565,1.0
79.267,-0.947,0.302,3.0
54.562,-0.667,-0.103,0.0
37.016,-0.463,-0.281,1.0
29.872,-0.383,-0.401,2.0
26.419,-0.346,-0.506,1.0
23.353,-0.313,-0.581,2.0
183.453,-2.512,0.47,9.0
49.037,-0.685,-0.153,1.0
34.795,-0.496,-0.308,1.0
29.103,-0.423,-0.426,2.0
25.656,-0.381,-0.522,1.0
22.813,-0.346,-0.595,2.0
61.613,-0.95,0.084,5.0
46.353,-0.729,-0.201,3.0
32.875,-0.527,-0.33,1.0
28.34,-0.463,-0.449,1.0
25.086,-0.417,-0.541,1.0
22.216,-0.376,-0.606,1.0
40.316,-0.693,0.007,64.0
40.226,-0.704,-0.222,14.0
31.642,-0.563,-0.355,1.0
27.572,-0.499,-0.469,1.0
24.438,-0.45,-0.556,1.0
21.717,-0.407,-0.618,1.0
40.327,-0.765,-0.038,44.0
40.148,-0.775,-0.267,4.0
30.51,-0.598,-0.377,1.0
26.798,-0.534,-0.487,1.0
23.732,-0.48,-0.567,1.0
21.235,-0.436,-0.628,1.0
0.0,0.0,0.0,0.0
0.0,0.0,0.0,0.0
29.764,-0.638,-0.401,1.0
26.234,-0.57,-0.505,2.0
23.31,-0.514,-0.582,2.0
20.755,-0.464,-0.636,1.0
40.282,-0.911,-0.127,70.0
35.343,-0.81,-0.313,0.0
29.16,-0.678,-0.424,1.0
25.754,-0.607,-0.523,1.0
22.846,-0.545,-0.594,2.0
20.378,-0.493,-0.646,1.0
40.34,-0.987,-0.169,1.0
33.116,-0.82,-0.327,1.0
28.527,-0.715,-0.444,1.0
25.17,-0.639,-0.537,1.0
22.323,-0.574,-0.604,1.0
19.961,-0.52,-0.653,1.0
40.975,-1.077,-0.213,104.0
32.164,-0.855,-0.35,1.0
27.942,-0.752,-0.463,1.0
24.633,-0.671,-0.55,1.0
21.863,-0.602,-0.613,1.0
19.652,-0.548,-0.662,1.0
40.116,-1.128,-0.247,10.0
30.954,-0.88,-0.366,1.0
27.24,-0.784,-0.477,1.0
24.039,-0.699,-0.56,1.0
21.459,-0.632,-0.622,1.0
19.296,-0.574,-0.669,1.0
40.174,-1.205,-0.285,2.0
30.292,-0.918,-0.386,1.0
26.776,-0.82,-0.493,1.0
23.576,-0.73,-0.571,1.0
21.076,-0.659,-0.63,1.0
18.959,-0.599,-0.674,1.0
36.025,-1.148,-0.288,0.0
29.755,-0.958,-0.406,1.0
26.289,-0.855,-0.508,1.0
23.259,-0.764,-0.583,2.0
20.681,-0.686,-0.636,1.0
18.689,-0.627,-0.681,1.0
34.664,-1.17,-0.306,0.0
29.245,-0.996,-0.424,1.0
25.83,-0.888,-0.521,1.0
22.849,-0.794,-0.592,1.0
20.355,-0.714,-0.643,1.0
18.463,-0.654,-0.688,1.0
33.396,-1.19,-0.322,1.0
28.761,-1.034,-0.44,1.0
25.365,-0.92,-0.532,1.0
22.429,-0.821,-0.599,1.0
20.069,-0.742,-0.65,1.0
18.225,-0.68,-0.694,1.0
32.387,-1.215,-0.338,1.0
28.238,-1.069,-0.454,1.0
24.998,-0.955,-0.544,1.0
22.057,-0.85,-0.606,1.0
19.822,-0.77,-0.657,1.0
17.999,-0.706,-0.699,1.0
31.866,-1.256,-0.356,1.0
27.825,-1.106,-0.468,1.0
24.573,-0.985,-0.552,1.0
21.755,-0.879,-0.614,1.0
19.539,-0.797,-0.662,1.0
17.806,-0.732,-0.704,1.0
31.247,-1.291,-0.371,2.0
27.245,-1.135,-0.477,1.0
24.174,-1.015,-0.56,1.0
21.468,-0.909,-0.62,1.0
19.349,-0.826,-0.669,1.0
17.632,-0.758,-0.709,1.0
30.63,-1.324,-0.384,2.0
26.912,-1.172,-0.489,1.0
23.784,-1.044,-0.566,1.0
21.205,-0.938,-0.627,1.0
19.125,-0.853,-0.673,1.0
17.451,-0.784,-0.713,1.0
30.185,-1.362,-0.398,2.0
26.584,-1.209,-0.5,1.0
23.504,-1.077,-0.574,2.0
20.924,-0.966,-0.631,1.0
18.9,-0.879,-0.677,1.0
17.276,-0.81,-0.716,1.0
29.542,-1.39,-0.406,8.0
26.327,-1.248,-0.51,2.0
23.276,-1.111,-0.582,2.0
20.719,-0.996,-0.637,1.0
18.735,-0.907,-0.681,1.0
17.124,-0.835,-0.719,1.0
29.237,-1.432,-0.418,8.0
25.989,-1.281,-0.518,1.0
23.014,-1.143,-0.588,1.0
20.495,-1.025,-0.641,1.0
18.565,-0.935,-0.685,1.0
16.969,-0.861,-0.722,1.0
29.036,-1.477,-0.43,8.0
25.744,-1.319,-0.526,1.0
22.791,-1.176,-0.594,2.0
20.298,-1.054,-0.645,1.0
18.43,-0.964,-0.689,1.0
16.845,-0.887,-0.725,1.0
28.551,-1.508,-0.436,4.0
25.465,-1.354,-0.532,1.0
22.626,-1.211,-0.6,6.0
20.12,-1.084,-0.648,1.0
18.298,-0.992,-0.692,1.0
16.727,-0.913,-0.727,1.0
28.549,-1.562,-0.449,2.0
25.185,-1.387,-0.537,1.0
22.297,-1.236,-0.6,4.0
19.983,-1.115,-0.652,1.0
18.161,-1.02,-0.695,1.0
16.628,-0.94,-0.729,1.0
28.378,-1.607,-0.457,2.0
24.897,-1.419,-0.54,1.0
22.102,-1.267,-0.603,4.0
19.886,-1.147,-0.656,3.0
18.072,-1.049,-0.698,1.0
16.533,-0.966,-0.731,1.0
28.042,-1.642,-0.462,2.0
24.962,-1.47,-0.551,1.0
22.009,-1.304,-0.608,4.0
19.693,-1.174,-0.657,3.0
18.023,-1.081,-0.702,2.0
16.482,-0.994,-0.734,1.0
27.886,-1.685,-0.468,2.0
24.67,-1.499,-0.552,1.0
21.823,-1.334,-0.61,3.0
19.58,-1.204,-0.659,3.0
17.842,-1.103,-0.7,2.0
16.352,-1.017,-0.733,1.0
27.757,-1.73,-0.473,2.0
24.609,-1.543,-0.557,1.0
21.89,-1.38,-0.617,0.0
19.496,-1.235,-0.661,3.0
17.793,-1.134,-0.702,0.0
16.341,-1.047,-0.736,1.0
27.549,-1.769,-0.476,2.0
24.493,-1.581,-0.56,1.0
21.412,-1.39,-0.609,0.0
19.513,-1.273,-0.665,3.0
17.756,-1.165,-0.705,0.0
16.207,-1.069,-0.734,4.0
27.515,-1.818,-0.481,1.0
24.383,-1.62,-0.561,1.0
21.72,-1.45,-0.621,0.0
19.211,-1.29,-0.658,0.0
17.668,-1.192,-0.704,0.0
16.087,-1.091,-0.731,5.0
27.298,-1.855,-0.481,1.0
24.29,-1.659,-0.563,1.0
21.646,-1.486,-0.622,0.0
19.356,-1.336,-0.666,0.0
17.711,-1.228,-0.708,1.0
16.066,-1.12,-0.732,5.0
27.286,-1.905,-0.484,1.0
24.19,-1.697,-0.563,1.0
21.583,-1.521,-0.623,0.0
19.381,-1.373,-0.669,0.0
17.508,-1.247,-0.702,0.0
16.066,-1.15,-0.733,6.0
27.235,-1.952,-0.485,1.0
24.218,-1.744,-0.566,1.0
21.601,-1.563,-0.624,1.0
19.361,-1.407,-0.669,0.0
17.723,-1.295,-0.711,0.0
15.996,-1.174,-0.731,11.0
27.19,-1.998,-0.485,1.0
24.174,-1.785,-0.565,1.0
21.545,-1.598,-0.623,1.0
19.363,-1.443,-0.67,0.0
17.65,-1.322,-0.708,0.0
15.995,-1.203,-0.731,6.0
27.194,-2.048,-0.485,1.0
24.188,-1.829,-0.565,1.0
21.57,-1.639,-0.624,1.0
19.347,-1.477,-0.669,0.0
17.656,-1.354,-0.708,0.0
16.295,-1.255,-0.744,0.0
27.379,-2.11,-0.487,1.0
24.277,-1.879,-0.566,1.0
21.562,-1.677,-0.622,1.0
19.353,-1.511,-0.668,0.0
17.674,-1.386,-0.708,0.0
16.221,-1.278,-0.739,0.0
27.499,-2.168,-0.487,1.0
24.267,-1.921,-0.564,1.0
21.617,-1.719,-0.622,1.0
19.418,-1.55,-0.668,0.0
17.693,-1.419,-0.707,0.0
16.244,-1.309,-0.739,0.0
27.581,-2.223,-0.485,1.0
24.371,-1.972,-0.563,1.0
21.698,-1.763,-0.621,1.0
19.427,-1.585,-0.666,0.0
17.749,-1.454,-0.706,1.0
16.248,-1.337,-0.736,1.0
27.749,-2.285,-0.484,1.0
24.479,-2.024,-0.562,1.0
21.728,-1.804,-0.619,1.0
19.514,-1.626,-0.665,0.0
17.794,-1.489,-0.705,0.0
16.271,-1.367,-0.735,1.0
27.866,-2.343,-0.481,1.0
24.608,-2.077,-0.56,1.0
21.884,-1.854,-0.619,1.0
19.689,-1.675,-0.667,0.0
17.853,-1.525,-0.703,0.0
16.292,-1.397,-0.732,9.0
28.041,-2.405,-0.477,1.0
24.836,-2.138,-0.559,1.0
21.989,-1.901,-0.616,1.0
19.73,-1.712,-0.664,0.0
17.929,-1.562,-0.702,0.0
16.297,-1.425,-0.728,9.0
28.295,-2.474,-0.474,1.0
24.998,-2.194,-0.556,1.0
22.102,-1.947,-0.613,1.0
19.843,-1.755,-0.662,3.0
18.004,-1.598,-0.7,0.0
16.308,-1.453,-0.723,10.0
28.548,-2.544,-0.47,1.0
25.153,-2.25,-0.552,1.0
22.292,-2.001,-0.611,1.0
20.016,-1.803,-0.661,0.0
18.109,-1.637,-0.698,0.0
16.312,-1.481,-0.718,10.0
28.747,-2.609,-0.463,1.0
25.329,-2.307,-0.547,1.0
22.476,-2.054,-0.609,1.0
20.168,-1.85,-0.659,1.0
18.233,-1.678,-0.696,0.0
16.35,-1.51,-0.714,11.0
29.131,-2.69,-0.459,1.0
25.54,-2.367,-0.542,1.0
22.609,-2.102,-0.604,1.0
20.315,-1.896,-0.656,1.0
18.375,-1.72,-0.694,0.0
16.358,-1.537,-0.708,8.0
29.368,-2.759,-0.45,1.0
25.711,-2.423,-0.535,1.0
22.837,-2.159,-0.6,1.0
20.452,-1.94,-0.652,1.0
18.533,-1.764,-0.692,0.0
16.373,-1.563,-0.701,8.0
29.707,-2.836,-0.443,1.0
26.03,-2.493,-0.53,1.0
23.104,-2.22,-0.597,1.0
20.606,-1.986,-0.647,1.0
18.673,-1.806,-0.689,0.0
16.39,-1.59,-0.694,6.0
29.998,-2.91,-0.433,1.0
26.31,-2.56,-0.523,1.0
23.289,-2.273,-0.59,1.0
20.747,-2.032,-0.641,3.0
18.852,-1.852,-0.686,1.0
16.455,-1.622,-0.689,3.0
30.571,-3.012,-0.425,1.0
26.703,-2.639,-0.517,1.0
23.922,-2.371,-0.594,5.0
20.848,-2.072,-0.634,4.0
19.04,-1.898,-0.683,1.0
16.888,-1.689,-0.698,0.0
31.154,-3.115,-0.417,0.0
27.063,-2.714,-0.51,1.0
23.857,-2.399,-0.579,17.0
21.162,-2.134,-0.631,1.0
19.173,-1.94,-0.677,1.0
17.511,-1.777,-0.714,0.0
32.087,-3.255,-0.411,1.0
27.448,-2.792,-0.501,1.0
23.982,-2.446,-0.569,16.0
21.558,-2.205,-0.631,1.0
19.463,-1.997,-0.675,1.0
17.719,-1.823,-0.712,0.0
32.883,-3.382,-0.401,1.0
27.881,-2.875,-0.492,1.0
24.168,-2.499,-0.558,9.0
21.877,-2.268,-0.627,1.0
20.003,-2.08,-0.682,3.0
17.866,-1.863,-0.706,0.0
33.449,-3.486,-0.387,1.0
28.41,-2.969,-0.483,1.0
24.439,-2.56,-0.549,5.0
22.35,-2.348,-0.625,4.0
20.2,-2.128,-0.675,9.0
18.047,-1.906,-0.701,0.0
34.466,-3.638,-0.376,1.0
28.866,-3.055,-0.472,1.0
25.443,-2.699,-0.554,1.0
22.441,-2.387,-0.613,12.0
20.24,-2.158,-0.663,19.0
18.294,-1.956,-0.698,0.0
35.338,-3.776,-0.361,0.0
29.43,-3.153,-0.461,1.0
25.796,-2.77,-0.544,1.0
22.755,-2.449,-0.605,17.0
20.352,-2.196,-0.652,14.0
18.524,-2.004,-0.694,1.0
37.361,-4.04,-0.355,0.0
29.974,-3.249,-0.447,1.0
26.173,-2.843,-0.533,1.0
23.026,-2.507,-0.596,22.0
20.596,-2.248,-0.645,6.0
18.768,-2.054,-0.689,1.0
39.1,-4.276,-0.343,0.0
30.785,-3.375,-0.436,1.0
26.699,-2.933,-0.523,1.0
23.431,-2.58,-0.588,28.0
21.065,-2.325,-0.643,8.0
19.125,-2.116,-0.688,1.0
39.345,-4.351,-0.315,1.0
32.093,-3.556,-0.43,1.0
27.257,-3.027,-0.513,1.0
23.696,-2.637,-0.576,25.0
21.397,-2.387,-0.637,12.0
19.548,-2.185,-0.688,3.0
41.11,-4.594,-0.296,0.0
32.669,-3.658,-0.412,1.0
27.741,-3.113,-0.5,1.0
23.899,-2.687,-0.562,5.0
21.749,-2.451,-0.63,16.0
19.725,-2.227,-0.678,7.0
41.722,-4.709,-0.266,0.0
33.742,-3.816,-0.397,1.0
28.566,-3.237,-0.491,1.0
24.987,-2.837,-0.567,1.0
22.08,-2.512,-0.62,22.0
20.012,-2.282,-0.671,10.0
45.053,-5.134,-0.25,0.0
34.85,-3.979,-0.381,0.0
29.245,-3.345,-0.478,1.0
25.397,-2.911,-0.555,1.0
22.453,-2.578,-0.612,28.0
20.231,-2.328,-0.66,18.0
50.374,-5.794,-0.236,0.0
0.0,0.0,0.0,0.0
29.782,-3.438,-0.461,1.0
25.959,-3.002,-0.544,1.0
22.775,-2.639,-0.6,27.0
20.518,-2.382,-0.652,14.0
50.412,-5.849,-0.191,4.0
38.479,-4.472,-0.353,0.0
30.585,-3.561,-0.446,1.0
26.47,-3.087,-0.531,1.0
23.102,-2.699,-0.588,15.0
20.947,-2.452,-0.646,15.0
50.428,-5.9,-0.145,7.0
39.477,-4.626,-0.326,1.0
32.117,-3.77,-0.438,1.0
27.073,-3.183,-0.518,1.0
23.584,-2.778,-0.578,5.0
21.343,-2.518,-0.638,20.0
50.492,-5.955,-0.097,4.0
40.938,-4.836,-0.299,0.0
32.959,-3.899,-0.418,0.0
27.768,-3.29,-0.505,1.0
24.522,-2.91,-0.578,1.0
21.703,-2.58,-0.629,23.0
0.0,0.0,0.0,0.0
44.084,-5.246,-0.28,0.0
33.89,-4.039,-0.398,1.0
28.642,-3.419,-0.493,1.0
25.114,-3.002,-0.568,1.0
22.036,-2.638,-0.617,13.0
0.0,0.0,0.0,0.0
0.0,0.0,0.0,0.0
36.448,-4.374,-0.392,2.0
29.324,-3.524,-0.476,1.0
25.624,-3.084,-0.554,1.0
22.889,-2.759,-0.618,14.0
0.0,0.0,0.0,0.0
0.0,0.0,0.0,0.0
37.571,-4.539,-0.367,4.0
30.182,-3.651,-0.46,0.0
26.237,-3.178,-0.541,1.0
23.099,-2.802,-0.601,14.0
0.0,0.0,0.0,0.0
50.328,-6.11,-0.171,1.0
37.995,-4.619,-0.333,1.0
31.63,-3.85,-0.45,0.0
26.865,-3.274,-0.527,1.0
23.443,-2.861,-0.585,5.0
0.0,0.0,0.0,0.0
50.474,-6.165,-0.119,1.0
41.369,-5.058,-0.319,0.0
32.652,-3.997,-0.431,1.0
27.647,-3.389,-0.513,1.0
24.25,-2.976,-0.581,1.0
0.0,0.0,0.0,0.0
0.0,0.0,0.0,0.0
45.355,-5.576,-0.303,1.0
33.809,-4.161,-0.411,0.0
28.593,-3.523,-0.501,1.0
25.033,-3.088,-0.573,1.0
0.0,0.0,0.0,0.0
0.0,0.0,0.0,0.0
45.302,-5.597,-0.255,4.0
35.908,-4.441,-0.398,4.0
29.399,-3.64,-0.484,1.0
25.672,-3.182,-0.56,1.0
86.827,-10.759,0.535,1.0
65.279,-8.096,0.052,0.0
45.343,-5.628,-0.207,5.0
36.043,-4.478,-0.361,2.0
30.344,-3.773,-0.467,0.0
26.291,-3.273,-0.546,1.0
99.451,-12.378,0.718,8.0
0.0,0.0,0.0,0.0
50.382,-6.281,-0.176,4.0
38.999,-4.866,-0.349,0.0
31.794,-3.97,-0.455,1.0
26.969,-3.371,-0.53,1.0
99.609,-12.448,0.828,44.0
0.0,0.0,0.0,0.0
50.414,-6.309,-0.121,4.0
42.013,-5.262,-0.33,0.0
32.638,-4.091,-0.431,0.0
27.857,-3.495,-0.517,1.0
99.68,-12.503,0.939,60.0
89.532,-11.237,0.363,3.0
0.0,0.0,0.0,0.0
45.301,-5.693,-0.306,1.0
34.043,-4.281,-0.412,1.0
28.664,-3.607,-0.501,1.0
99.665,-12.542,1.048,72.0
89.975,-11.329,0.464,7.0
0.0,0.0,0.0,0.0
45.324,-5.713,-0.256,3.0
36.194,-4.565,-0.399,0.0
29.583,-3.734,-0.484,1.0
99.641,-12.575,1.159,80.0
99.271,-12.534,0.622,6.0
0.0,0.0,0.0,0.0
50.405,-6.371,-0.229,2.0
37.668,-4.763,-0.373,1.0
30.606,-3.873,-0.467,1.0
99.643,-12.608,1.271,74.0
99.483,-12.592,0.736,33.0
0.0,0.0,0.0,0.0
50.412,-6.386,-0.171,8.0
39.1,-4.956,-0.343,0.0
32.103,-4.071,-0.453,1.0
99.637,-12.634,1.383,76.0
99.618,-12.636,0.848,67.0
89.283,-11.329,0.282,3.0
50.518,-6.412,-0.115,3.0
41.312,-5.246,-0.315,0.0
33.16,-4.212,-0.431,1.0
99.649,-12.659,1.495,72.0
99.653,-12.662,0.962,82.0
89.224,-11.34,0.383,5.0
0.0,0.0,0.0,0.0
43.227,-5.497,-0.281,0.0
34.994,-4.452,-0.415,0.0
99.627,-12.675,1.608,72.0
99.664,-12.681,1.075,71.0
89.062,-11.334,0.484,4.0
0.0,0.0,0.0,0.0
0.0,0.0,0.0,0.0
36.3,-4.623,-0.389,1.0
99.624,-12.688,1.722,68.0
99.656,-12.693,1.189,73.0
99.386,-12.659,0.653,14.0
0.0,0.0,0.0,0.0
50.393,-6.42,-0.213,4.0
38.543,-4.912,-0.369,1.0
99.601,-12.694,1.834,70.0
99.685,-12.704,1.302,74.0
99.531,-12.685,0.766,48.0
0.0,0.0,0.0,0.0
50.446,-6.43,-0.156,5.0
40.786,-5.199,-0.344,1.0
99.585,-12.696,1.947,68.0
99.651,-12.703,1.414,75.0
99.634,-12.7,0.88,60.0
88.869,-11.328,0.3,2.0
50.473,-6.433,-0.099,1.0
41.296,-5.264,-0.302,0.0
99.579,-12.695,2.059,66.0
99.634,-12.7,1.528,74.0
99.671,-12.703,0.994,60.0
88.989,-11.34,0.402,5.0
0.0,0.0,0.0,0.0
0.0,0.0,0.0,0.0
99.579,-12.69,2.174,65.0
99.613,-12.691,1.641,67.0
99.677,-12.697,1.108,72.0
91.137,-11.606,0.516,4.0
0.0,0.0,0.0,0.0
50.468,-6.425,-0.254,1.0
99.574,-12.68,2.288,69.0
99.607,-12.68,1.754,70.0
99.668,-12.684,1.221,82.0
99.374,-12.643,0.676,19.0
0.0,0.0,0.0,0.0
50.414,-6.411,-0.197,5.0
99.556,-12.664,2.4,60.0
99.598,-12.664,1.866,77.0
99.642,-12.664,1.333,81.0
99.563,-12.65,0.788,64.0
0.0,0.0,0.0,0.0
50.433,-6.403,-0.141,5.0
99.524,-12.641,2.509,60.0
99.568,-12.64,1.977,79.0
99.627,-12.642,1.443,91.0
99.639,-12.637,0.9,76.0
89.437,-11.339,0.329,6.0
0.0,0.0,0.0,0.0
99.512,-12.616,2.62,61.0
99.565,-12.615,2.088,83.0
99.618,-12.615,1.555,93.0
99.636,-12.611,1.01,83.0
89.617,-11.337,0.429,7.0
0.0,0.0,0.0,0.0
99.508,-12.587,2.731,74.0
99.554,-12.585,2.198,79.0
99.609,-12.584,1.666,89.0
99.64,-12.58,1.121,96.0
99.286,-12.528,0.585,5.0
0.0,0.0,0.0,0.0
99.507,-12.555,2.842,59.0
99.55,-12.551,2.307,81.0
99.595,-12.547,1.774,88.0
99.657,-12.546,1.232,88.0
99.458,-12.513,0.696,25.0
0.0,0.0,0.0,0.0
99.512,-12.518,2.95,59.0
99.575,-12.515,2.418,74.0
99.615,-12.51,1.884,63.0
99.681,-12.509,1.339,75.0
99.628,-12.493,0.804,46.0
0.0,0.0,0.0,0.0
99.555,-12.481,3.06,44.0
99.609,-12.477,2.526,57.0
99.654,-12.471,1.992,36.0
99.705,-12.467,1.448,28.0
99.747,-12.462,0.913,41.0
91.201,-11.386,0.345,1.0
99.585,-12.439,3.167,7.0
203.779,-25.429,5.386,32.0
207.311,-25.845,4.365,15.0
86.501,-10.774,1.347,3.0
86.413,-10.753,0.882,150.0
91.511,-11.378,0.442,1.0
205.167,-25.524,6.742,35.0
203.566,-25.298,5.593,49.0
203.109,-25.214,4.488,19.0
86.429,-10.718,1.436,7.0
86.38,-10.702,0.972,150.0
86.84,-10.749,0.51,1.0
205.123,-25.405,6.955,38.0
203.368,-25.159,5.799,53.0
203.261,-25.116,4.705,19.0
86.375,-10.661,1.525,17.0
86.348,-10.646,1.061,60.0
86.673,-10.675,0.599,3.0
204.98,-25.264,7.161,38.0
203.215,-25.015,6.006,42.0
203.077,-24.968,4.909,30.0
86.483,-10.62,1.616,12.0
86.316,-10.588,1.149,67.0
86.358,-10.581,0.684,12.0
204.626,-25.089,7.357,51.0
203.234,-24.885,6.212,51.0
202.965,-24.821,5.11,21.0
86.641,-10.582,1.705,5.0
86.266,-10.524,1.233,53.0
86.301,-10.515,0.77,151.0
204.384,-24.92,7.552,39.0
203.215,-24.743,6.413,51.0
188.105,-22.872,4.921,27.0
86.888,-10.55,1.796,1.0
86.276,-10.462,1.318,42.0
86.272,-10.449,0.854,152.0
204.135,-24.741,7.743,33.0
203.185,-24.589,6.611,32.0
188.049,-22.723,5.104,20.0
86.798,-10.474,1.879,6.0
86.27,-10.395,1.402,32.0
86.237,-10.377,0.937,47.0
203.949,-24.561,7.932,34.0
203.734,-24.496,6.826,34.0
189.571,-22.758,5.326,26.0
86.877,-10.414,1.963,6.0
86.28,-10.327,1.484,44.0
86.23,-10.307,1.018,52.0
203.885,-24.387,8.122,40.0
203.629,-24.316,7.011,30.0
189.22,-22.558,5.495,31.0
188.259,-22.409,4.429,35.0
86.276,-10.253,1.564,37.0
86.225,-10.232,1.098,54.0
203.925,-24.217,8.313,32.0
190.622,-22.599,6.738,22.0
188.696,-22.332,5.65,27.0
188.343,-22.252,4.604,45.0
86.302,-10.18,1.643,9.0
86.231,-10.155,1.176,114.0
116.376,-13.716,4.849,21.0
190.649,-22.43,6.91,16.0
188.759,-22.167,5.82,24.0
188.614,-22.111,4.778,40.0
86.603,-10.135,1.725,4.0
86.246,-10.076,1.252,150.0
116.383,-13.607,4.951,29.0
203.962,-23.801,7.572,26.0
188.365,-21.94,5.975,20.0
188.519,-21.918,4.939,27.0
86.651,-10.056,1.801,10.0
86.199,-9.985,1.325,57.0
115.543,-13.395,5.016,25.0
116.468,-13.476,4.424,35.0
116.048,-13.401,3.779,9.0
115.852,-13.352,3.133,8.0
86.644,-9.967,1.874,25.0
86.225,-9.901,1.398,49.0
115.394,-13.26,5.106,48.0
115.664,-13.264,4.49,49.0
115.894,-13.263,3.87,73.0
107.449,-12.272,2.993,38.0
107.472,-12.25,2.412,23.0
86.265,-9.814,1.468,57.0
107.756,-12.268,4.855,16.0
115.776,-13.154,4.587,17.0
115.925,-13.142,3.963,62.0
107.364,-12.147,3.077,83.0
107.519,-12.139,2.498,20.0
86.272,-9.721,1.536,56.0
117.438,-13.244,5.382,20.0
107.66,-12.113,4.349,21.0
107.317,-12.049,3.752,20.0
107.373,-12.029,3.158,67.0
187.658,-20.978,4.501,22.0
86.31,-9.628,1.601,32.0
105.696,-11.8,4.924,43.0
106.178,-11.827,4.367,54.0
106.952,-11.887,3.817,55.0
107.422,-11.911,3.239,30.0
187.407,-20.735,4.631,29.0
86.36,-9.534,1.665,9.0
108.214,-11.957,5.119,27.0
105.887,-11.67,4.432,20.0
106.837,-11.748,3.889,47.0
123.451,-13.543,3.81,39.0
187.41,-20.511,4.765,27.0
86.496,-9.445,1.728,1.0
108.184,-11.823,5.193,24.0
116.105,-12.656,4.941,12.0
106.909,-11.626,3.966,66.0
123.374,-13.384,3.891,71.0
123.514,-13.368,3.223,93.0
86.866,-9.379,1.793,1.0
105.298,-11.379,5.125,40.0
107.921,-11.632,4.662,28.0
123.924,-13.322,4.678,44.0
123.416,-13.234,3.972,28.0
123.536,-13.215,3.303,68.0
87.016,-9.286,1.852,3.0
105.159,-11.23,5.185,8.0
107.954,-11.498,4.733,66.0
107.243,-11.392,4.115,25.0
188.806,-20.004,6.195,29.0
187.589,-19.825,5.132,31.0
188.323,-19.852,4.125,19.0
115.102,-12.143,5.745,34.0
115.763,-12.178,5.145,23.0
122.85,-12.889,4.787,48.0
189.528,-19.831,6.331,26.0
187.943,-19.614,5.25,37.0
188.325,-19.602,4.234,33.0
108.401,-11.29,5.474,43.0
107.189,-11.132,4.825,85.0
123.173,-12.757,4.871,30.0
189.472,-19.568,6.437,34.0
188.004,-19.364,5.357,47.0
188.135,-19.326,4.333,39.0
107.153,-11.014,5.469,48.0
0.0,0.0,0.0,0.0
123.11,-12.581,4.933,4.0
148.381,-15.119,5.119,64.0
188.154,-19.119,5.46,54.0
187.967,-19.047,4.425,52.0
115.952,-11.757,5.978,24.0
106.669,-10.784,4.913,31.0
124.834,-12.582,5.064,73.0
148.503,-14.923,5.197,35.0
188.032,-18.841,5.549,52.0
187.577,-18.742,4.506,38.0
116.162,-11.614,6.044,23.0
106.69,-10.634,4.964,62.0
206.138,-20.485,8.459,8.0
188.817,-18.706,6.693,31.0
148.666,-14.683,4.454,20.0
187.657,-18.48,4.592,51.0
106.627,-10.506,5.595,15.0
106.655,-10.475,5.009,27.0
205.197,-20.09,8.509,13.0
189.44,-18.488,6.795,35.0
148.856,-14.481,4.523,52.0
149.47,-14.496,3.722,72.0
107.925,-10.474,5.707,54.0
106.542,-10.305,5.048,19.0
147.862,-14.255,6.192,12.0
150.583,-14.47,5.461,14.0
149.508,-14.321,4.6,53.0
149.428,-14.267,3.778,61.0
108.083,-10.324,5.757,9.0
122.934,-11.703,5.87,12.0
157.44,-14.939,6.65,17.0
189.74,-17.943,6.951,25.0
148.853,-14.031,4.632,75.0
187.808,-17.647,4.812,47.0
106.231,-9.985,5.695,22.0
122.765,-11.5,5.902,28.0
156.419,-14.601,6.657,17.0
148.586,-13.823,5.49,90.0
188.076,-17.439,5.912,33.0
188.449,-17.416,4.887,32.0
147.803,-13.664,7.968,4.0
147.219,-13.561,7.123,33.0
150.443,-13.81,6.448,25.0
156.562,-14.32,5.83,19.0
188.463,-17.177,5.978,37.0
188.204,-17.093,4.933,51.0
122.484,-11.128,6.637,27.0
147.022,-13.308,7.153,10.0
148.533,-13.396,6.404,19.0
156.873,-14.098,5.881,25.0
149.614,-13.399,4.782,56.0
188.518,-16.824,4.986,36.0
148.409,-13.247,8.076,9.0
108.627,-9.659,5.309,4.0
148.538,-13.159,6.436,39.0
157.664,-13.915,5.945,26.0
190.321,-16.734,6.124,18.0
157.376,-13.786,4.194,69.0
108.482,-9.505,5.924,13.0
148.521,-12.964,7.287,18.0
162.214,-14.104,7.06,11.0
165.941,-14.374,6.287,18.0
157.181,-13.563,5.085,61.0
157.405,-13.532,4.22,32.0
108.487,-9.327,5.941,3.0
148.44,-12.71,7.306,13.0
158.424,-13.512,6.918,39.0
149.929,-12.737,5.7,39.0
164.307,-13.903,5.336,25.0
165.019,-13.911,4.446,91.0
106.434,-8.973,5.842,6.0
148.477,-12.466,7.323,4.0
163.788,-13.696,7.17,21.0
163.809,-13.643,6.244,28.0
157.572,-13.07,5.132,30.0
193.575,-15.993,5.234,30.0
106.333,-8.783,5.845,6.0
150.657,-12.393,7.443,31.0
149.9,-12.28,6.571,38.0
163.873,-13.369,6.258,27.0
157.115,-12.764,5.127,13.0
204.41,-16.54,5.535,32.0
108.829,-8.804,5.987,4.0
158.764,-12.789,7.849,8.0
166.6,-13.364,7.308,10.0
196.549,-15.698,7.511,24.0
164.391,-13.075,5.367,14.0
206.401,-16.347,5.592,20.0
149.315,-11.821,8.214,10.0
150.374,-11.854,7.434,10.0
156.403,-12.276,6.86,16.0
165.493,-12.934,6.321,32.0
196.742,-15.308,6.419,41.0
213.082,-16.507,5.767,30.0
147.975,-11.459,8.135,5.0
148.538,-11.45,7.337,5.0
158.023,-12.128,6.924,19.0
163.983,-12.528,6.254,17.0
195.927,-14.903,6.381,13.0
196.858,-14.907,5.315,63.0
147.285,-11.148,8.087,5.0
149.232,-11.244,7.359,8.0
163.805,-12.284,7.163,14.0
194.971,-14.554,7.417,22.0
196.858,-14.628,6.393,46.0
213.681,-15.805,5.747,15.0
149.404,-11.044,8.185,5.0
158.224,-11.639,7.783,16.0
155.929,-11.415,6.799,14.0
164.481,-11.985,6.236,43.0
208.28,-15.105,6.733,14.0
204.875,-14.79,5.481,65.0
157.0,-11.324,8.578,14.0
148.83,-10.681,7.297,4.0
164.407,-11.741,7.14,27.0
196.378,-13.957,7.412,53.0
204.073,-14.436,6.561,18.0
231.848,-16.32,6.158,7.0
163.211,-11.477,8.884,3.0
164.711,-11.526,8.043,12.0
196.626,-13.689,8.499,9.0
203.633,-14.105,7.641,39.0
204.806,-14.118,6.54,26.0
212.825,-14.597,5.606,23.0
211.836,-14.512,11.482,6.0
149.176,-10.166,7.248,3.0
211.556,-14.345,9.093,9.0
204.569,-13.801,7.625,31.0
208.922,-14.021,6.616,32.0
237.095,-15.83,6.181,55.0
148.401,-9.897,8.003,5.0
0.0,0.0,0.0,0.0
203.487,-13.425,8.686,21.0
208.565,-13.689,7.711,20.0
209.133,-13.654,6.561,26.0
248.352,-16.132,6.399,255.0
155.849,-10.11,8.355,3.0
163.928,-10.577,7.866,5.0
0.0,0.0,0.0,0.0
208.578,-13.313,7.644,13.0
208.911,-13.264,6.483,23.0
0.0,0.0,0.0,0.0
165.321,-10.424,8.804,4.0
158.144,-9.917,7.531,4.0
213.95,-13.34,8.984,7.0
227.685,-14.116,8.257,8.0
244.147,-15.053,7.484,13.0
263.509,-16.159,6.597,112.0
163.561,-10.013,8.645,3.0
212.761,-12.949,10.047,9.0
0.0,0.0,0.0,0.0
212.028,-12.758,7.604,22.0
271.904,-16.269,8.221,57.0
271.721,-16.165,6.687,150.0
150.177,-8.915,7.871,11.0
211.0,-12.454,9.87,7.0
0.0,0.0,0.0,0.0
244.057,-14.236,8.64,8.0
278.732,-16.166,8.3,17.0
0.0,0.0,0.0,0.0
0.0,0.0,0.0,0.0
0.0,0.0,0.0,0.0
0.0,0.0,0.0,0.0
0.0,0.0,0.0,0.0
0.0,0.0,0.0,0.0
0.0,0.0,0.0,0.0
0.0,0.0,0.0,0.0
211.743,-11.645,8.496,6.0
0.0,0.0,0.0,0.0
0.0,0.0,0.0,0.0
0.0,0.0,0.0,0.0
0.0,0.0,0.0,0.0
0.0,0.0,0.0,0.0
0.0,0.0,0.0,0.0
0.0,0.0,0.0,0.0
0.0,0.0,0.0,0.0
0.0,0.0,0.0,0.0
0.0,0.0,0.0,0.0
0.0,0.0,0.0,0.0
0.0,0.0,0.0,0.0
0.0,0.0,0.0,0.0
0.0,0.0,0.0,0.0
0.0,0.0,0.0,0.0
0.0,0.0,0.0,0.0
0.0,0.0,0.0,0.0
0.0,0.0,0.0,0.0
0.0,0.0,0.0,0.0
0.0,0.0,0.0,0.0
0.0,0.0,0.0,0.0
0.0,0.0,0.0,0.0
0.0,0.0,0.0,0.0
0.0,0.0,0.0,0.0
0.0,0.0,0.0,0.0
0.0,0.0,0.0,0.0
0.0,0.0,0.0,0.0
0.0,0.0,0.0,0.0
0.0,0.0,0.0,0.0
0.0,0.0,0.0,0.0
0.0,0.0,0.0,0.0
174.975,-7.514,3.323,11.0
0.0,0.0,0.0,0.0
0.0,0.0,0.0,0.0
0.0,0.0,0.0,0.0
0.0,0.0,0.0,0.0
0.0,0.0,0.0,0.0
174.845,-7.186,3.175,89.0
0.0,0.0,0.0,0.0
0.0,0.0,0.0,0.0
0.0,0.0,0.0,0.0
0.0,0.0,0.0,0.0
0.0,0.0,0.0,0.0
174.8,-6.868,3.024,41.0
0.0,0.0,0.0,0.0
0.0,0.0,0.0,0.0
0.0,0.0,0.0,0.0
0.0,0.0,0.0,0.0
0.0,0.0,0.0,0.0
0.0,0.0,0.0,0.0
0.0,0.0,0.0,0.0
0.0,0.0,0.0,0.0
0.0,0.0,0.0,0.0
0.0,0.0,0.0,0.0
0.0,0.0,0.0,0.0
0.0,0.0,0.0,0.0
0.0,0.0,0.0,0.0
0.0,0.0,0.0,0.0
0.0,0.0,0.0,0.0
0.0,0.0,0.0,0.0
0.0,0.0,0.0,0.0
0.0,0.0,0.0,0.0
148.015,-4.982,6.231,18.0
0.0,0.0,0.0,0.0
0.0,0.0,0.0,0.0
0.0,0.0,0.0,0.0
40.342,-1.306,0.773,5.0
40.339,-1.294,0.544,34.0
148.193,-4.723,6.087,14.0
0.0,0.0,0.0,0.0
40.41,-1.262,1.198,1.0
40.291,-1.246,0.96,29.0
40.341,-1.235,0.731,22.0
0.0,0.0,0.0,0.0
148.19,-4.46,5.93,8.0
0.0,0.0,0.0,0.0
40.284,-1.187,1.151,25.0
40.348,-1.176,0.918,5.0
0.0,0.0,0.0,0.0
40.254,-1.149,0.456,10.0
40.297,-1.141,1.567,0.0
40.28,-1.128,1.336,0.0
40.2,-1.113,1.104,47.0
40.21,-1.101,0.87,44.0
40.223,-1.089,0.64,42.0
40.201,-1.077,0.41,48.0
40.206,-1.067,1.518,45.0
40.264,-1.056,1.289,53.0
40.199,-1.042,1.057,57.0
40.179,-1.03,0.823,53.0
40.211,-1.019,0.594,63.0
40.246,-1.009,0.365,19.0
40.208,-0.998,1.471,51.0
40.258,-0.988,1.243,62.0
40.199,-0.974,1.011,56.0
40.192,-0.962,0.776,58.0
40.294,-0.952,0.547,68.0
40.31,-0.941,0.317,150.0
185.513,-4.286,6.566,41.0
40.239,-0.917,1.193,46.0
40.194,-0.904,0.961,61.0
40.214,-0.893,0.727,55.0
40.252,-0.881,0.497,43.0
0.0,0.0,0.0,0.0
185.6,-3.97,6.336,56.0
40.257,-0.849,1.143,44.0
40.228,-0.836,0.911,46.0
40.232,-0.825,0.677,53.0
40.237,-0.814,0.447,53.0
40.276,-0.803,0.216,50.0
184.912,-3.644,6.078,46.0
40.245,-0.781,1.091,59.0
40.197,-0.769,0.86,56.0
40.16,-0.756,0.624,12.0
40.235,-0.746,0.394,51.0
40.271,-0.736,0.164,53.0
151.443,-2.732,4.78,72.0
40.277,-0.714,1.039,18.0
264.548,-4.62,5.309,10.0
205.386,-3.529,2.923,40.0
40.242,-0.68,0.341,0.0
248.415,-4.132,0.685,73.0
151.474,-2.482,4.577,95.0
261.967,-4.22,6.411,25.0
0.0,0.0,0.0,0.0
148.516,-2.308,1.912,10.0
87.74,-1.34,0.626,3.0
60.885,-0.913,0.085,0.0
151.481,-2.233,4.368,31.0
183.379,-2.655,4.235,37.0
86.936,-1.235,1.508,40.0
86.96,-1.211,0.999,108.0
78.656,-1.075,0.453,9.0
60.89,-0.816,0.001,6.0
79.478,-1.045,2.181,1.0
79.396,-1.023,1.722,12.0
79.429,-1.001,1.266,193.0
79.473,-0.981,0.802,28.0
77.695,-0.938,0.337,1.0
80.181,-0.947,-0.112,10.0
79.437,-0.918,2.066,155.0
79.421,-0.897,1.608,221.0
79.437,-0.877,1.152,187.0
79.432,-0.856,0.687,150.0
57.015,-0.6,0.165,3.0
50.85,-0.521,-0.144,20.0
79.435,-0.795,1.95,164.0
79.435,-0.774,1.492,186.0
79.445,-0.752,1.034,184.0
0.0,0.0,0.0,0.0
51.485,-0.462,0.073,3.0
47.339,-0.412,-0.205,10.0
79.428,-0.672,1.831,190.0
79.442,-0.652,1.373,180.0
79.449,-0.632,0.916,193.0
76.911,-0.592,0.436,10.0
47.099,-0.351,-0.003,3.0
42.236,-0.304,-0.246,12.0
79.421,-0.553,1.711,197.0
79.442,-0.533,1.253,171.0
79.45,-0.514,0.796,184.0
61.378,-0.381,0.255,15.0
46.24,-0.275,-0.074,8.0
39.568,-0.226,-0.291,1.0
79.433,-0.435,1.588,201.0
79.449,-0.415,1.13,158.0
79.416,-0.396,0.672,150.0
55.707,-0.264,0.145,29.0
41.994,-0.188,-0.133,13.0
37.022,-0.157,-0.33,0.0
79.415,-0.319,1.463,255.0
79.459,-0.3,1.005,151.0
76.636,-0.27,0.527,13.0
48.469,-0.16,0.049,7.0
39.84,-0.122,-0.189,15.0
32.508,-0.092,-0.341,2.0
79.452,-0.206,1.337,152.0
79.472,-0.187,0.878,153.0
76.075,-0.161,0.402,11.0
45.435,-0.085,-0.026,20.0
38.803,-0.064,-0.246,9.0
30.941,-0.043,-0.375,1.0
79.459,-0.094,1.207,151.0
79.457,-0.076,0.749,150.0
56.12,-0.041,0.205,13.0
43.823,-0.022,-0.096,7.0
38.207,-0.01,-0.304,2.0
29.857,-0.001,-0.41,2.0
79.461,0.014,1.078,151.0
79.354,0.031,0.618,19.0
0.0,0.0,0.0,0.0
39.588,0.033,-0.152,36.0
33.421,0.036,-0.322,1.0
29.0,0.037,-0.447,2.0
79.465,0.122,0.944,151.0
75.921,0.132,0.464,13.0
0.0,0.0,0.0,0.0
38.643,0.084,-0.214,14.0
31.634,0.076,-0.358,1.0
27.832,0.073,-0.475,2.0
79.456,0.225,0.811,150.0
59.239,0.18,0.262,8.0
0.0,0.0,0.0,0.0
37.828,0.132,-0.274,13.0
30.271,0.112,-0.394,2.0
26.792,0.104,-0.503,2.0
59.328,0.245,0.503,105.0
54.689,0.237,0.148,40.0
39.678,0.18,-0.122,28.0
37.705,0.179,-0.338,0.0
29.35,0.145,-0.432,1.0
25.941,0.134,-0.532,1.0
55.071,0.296,0.371,14.0
47.595,0.266,0.045,46.0
38.585,0.223,-0.186,38.0
32.288,0.194,-0.346,1.0
28.193,0.175,-0.465,1.0
24.839,0.159,-0.553,1.0
48.131,0.318,0.239,49.0
44.748,0.305,-0.036,21.0
37.734,0.264,-0.248,9.0
30.575,0.22,-0.381,2.0
27.036,0.2,-0.494,2.0
0.0,0.0,0.0,0.0
48.026,0.375,0.153,84.0
39.601,0.317,-0.102,28.0
37.421,0.307,-0.314,1.0
29.489,0.248,-0.421,2.0
26.102,0.224,-0.524,2.0
21.427,0.188,-0.554,6.0
47.712,0.428,0.065,52.0
38.414,0.352,-0.169,48.0
32.856,0.308,-0.335,1.0
28.352,0.271,-0.456,1.0
22.031,0.214,-0.482,3.0
20.529,0.204,-0.568,5.0
44.77,0.452,-0.019,21.0
37.643,0.387,-0.234,13.0
30.955,0.324,-0.372,2.0
27.105,0.289,-0.485,2.0
21.271,0.23,-0.504,4.0
19.754,0.218,-0.583,8.0
39.661,0.444,-0.09,21.0
37.204,0.423,-0.299,3.0
29.646,0.343,-0.411,2.0
26.278,0.309,-0.519,2.0
20.398,0.243,-0.521,3.0
19.109,0.231,-0.599,6.0
38.309,0.47,-0.158,52.0
32.913,0.409,-0.326,1.0
28.531,0.36,-0.448,1.0
22.173,0.283,-0.479,2.0
19.617,0.254,-0.538,3.0
18.411,0.242,-0.612,6.0
37.534,0.499,-0.225,13.0
31.157,0.419,-0.367,1.0
27.285,0.372,-0.479,1.0
21.305,0.294,-0.5,4.0
18.93,0.264,-0.554,3.0
17.834,0.252,-0.626,6.0
37.063,0.529,-0.291,4.0
29.7,0.429,-0.405,2.0
26.397,0.385,-0.513,1.0
20.334,0.3,-0.515,3.0
18.294,0.273,-0.57,3.0
17.36,0.262,-0.642,5.0
32.918,0.501,-0.32,1.0
28.596,0.44,-0.444,1.0
22.0,0.342,-0.469,4.0
19.586,0.307,-0.534,3.0
17.647,0.28,-0.583,4.0
16.862,0.27,-0.655,5.0
31.11,0.502,-0.362,2.0
27.331,0.445,-0.476,1.0
21.187,0.348,-0.492,4.0
18.823,0.312,-0.548,5.0
17.03,0.285,-0.595,2.0
16.533,0.279,-0.674,3.0
29.706,0.505,-0.402,2.0
26.465,0.454,-0.511,1.0
20.139,0.348,-0.506,9.0
18.214,0.318,-0.565,3.0
16.46,0.29,-0.607,3.0
16.198,0.287,-0.691,2.0
28.487,0.509,-0.44,1.0
22.024,0.396,-0.468,4.0
19.561,0.355,-0.529,8.0
17.563,0.321,-0.579,2.0
16.041,0.295,-0.622,4.0
15.953,0.296,-0.711,2.0
27.329,0.51,-0.474,1.0
21.137,0.397,-0.489,4.0
18.784,0.355,-0.544,12.0
16.921,0.322,-0.59,2.0
15.779,0.303,-0.642,3.0
15.721,0.304,-0.731,1.0
26.514,0.515,-0.511,1.0
20.231,0.396,-0.508,3.0
18.263,0.359,-0.564,4.0
16.337,0.324,-0.601,3.0
15.531,0.31,-0.662,2.0
15.513,0.312,-0.752,1.0
21.991,0.443,-0.467,4.0
19.459,0.395,-0.526,5.0
17.541,0.358,-0.576,2.0
15.803,0.324,-0.613,3.0
15.276,0.316,-0.681,2.0
15.236,0.317,-0.768,0.0
21.076,0.439,-0.488,4.0
18.741,0.393,-0.543,5.0
16.863,0.355,-0.587,2.0
15.381,0.326,-0.626,3.0
15.05,0.321,-0.701,3.0
15.071,0.323,-0.789,0.0
20.153,0.433,-0.506,3.0
17.995,0.389,-0.557,5.0
16.309,0.354,-0.599,2.0
15.052,0.329,-0.642,4.0
14.821,0.325,-0.719,3.0
14.845,0.328,-0.806,0.0
19.408,0.429,-0.525,3.0
17.477,0.388,-0.575,7.0
15.787,0.352,-0.611,2.0
14.767,0.331,-0.659,4.0
14.659,0.33,-0.739,1.0
14.619,0.331,-0.822,0.0
18.686,0.424,-0.542,3.0
16.875,0.384,-0.587,2.0
15.303,0.35,-0.622,3.0
14.527,0.334,-0.676,5.0
14.435,0.333,-0.756,1.0
14.168,0.329,-0.825,0.0
17.959,0.417,-0.556,4.0
16.293,0.38,-0.599,2.0
14.91,0.349,-0.635,4.0
14.365,0.338,-0.697,5.0
14.338,0.338,-0.779,0.0
13.538,0.321,-0.814,0.0
17.418,0.413,-0.573,4.0
15.748,0.375,-0.61,2.0
14.574,0.348,-0.649,4.0
14.196,0.34,-0.716,4.0
14.216,0.342,-0.8,0.0
13.166,0.318,-0.818,0.0
16.843,0.407,-0.587,3.0
15.287,0.371,-0.622,3.0
14.356,0.349,-0.667,5.0
14.066,0.344,-0.737,3.0
14.001,0.343,-0.815,0.0
12.875,0.317,-0.825,0.0
16.267,0.4,-0.598,3.0
14.876,0.367,-0.634,4.0
14.122,0.349,-0.684,4.0
13.91,0.345,-0.756,1.0
13.735,0.342,-0.827,0.0
12.525,0.313,-0.827,0.0
15.725,0.392,-0.609,2.0
14.532,0.364,-0.648,5.0
13.926,0.35,-0.702,4.0
13.807,0.348,-0.778,0.0
13.272,0.335,-0.825,0.0
12.297,0.312,-0.836,0.0
15.271,0.386,-0.622,3.0
14.31,0.363,-0.666,4.0
13.813,0.351,-0.723,3.0
13.783,0.352,-0.803,0.0
13.492,0.345,-0.865,1.0
14.857,0.38,-0.634,4.0
14.016,0.36,-0.679,4.0
13.688,0.352,-0.743,2.0
13.672,0.353,-0.823,0.0
12.767,0.33,-0.843,0.0
14.513,0.375,-0.647,5.0
13.774,0.357,-0.694,4.0
13.592,0.353,-0.764,1.0
13.436,0.35,-0.835,0.0
12.343,0.322,-0.84,0.0
14.298,0.373,-0.665,5.0
13.625,0.356,-0.713,3.0
13.548,0.355,-0.788,1.0
13.422,0.352,-0.86,1.0
11.228,0.296,-0.851,0.0
13.984,0.367,-0.677,4.0
13.534,0.356,-0.734,3.0
13.569,0.358,-0.815,0.0
12.885,0.34,-0.851,0.0
11.024,0.292,-0.857,0.0
13.716,0.362,-0.69,4.0
13.47,0.356,-0.756,2.0
13.426,0.356,-0.832,0.0
12.564,0.334,-0.853,0.0
10.755,0.287,-0.856,0.0
13.556,0.359,-0.708,4.0
13.446,0.357,-0.781,1.0
13.437,0.357,-0.858,1.0
11.267,0.301,-0.852,0.0
10.469,0.28,-0.853,2.0
13.461,0.358,-0.728,4.0
13.532,0.36,-0.811,0.0
13.061,0.348,-0.859,0.0
11.029,0.295,-0.855,0.0
10.391,0.278,-0.866,3.0
13.44,0.357,-0.752,3.0
13.405,0.357,-0.828,0.0
12.744,0.34,-0.862,0.0
10.792,0.288,-0.857,0.0
10.255,0.274,-0.874,0.0
13.439,0.357,-0.777,1.0
13.419,0.357,-0.854,1.0
11.247,0.3,-0.848,0.0
10.495,0.28,-0.853,1.0
10.049,0.268,-0.875,0.0
13.532,0.359,-0.807,1.0
13.096,0.348,-0.857,0.0
11.059,0.294,-0.854,0.0
10.392,0.277,-0.863,3.0
9.886,0.263,-0.879,0.0
13.422,0.355,-0.825,0.0
12.616,0.334,-0.849,0.0
10.842,0.287,-0.857,0.0
10.279,0.272,-0.873,0.0
9.733,0.258,-0.883,0.0
13.451,0.354,-0.851,1.0
11.32,0.298,-0.848,0.0
10.545,0.278,-0.853,0.0
10.093,0.266,-0.875,0.0
9.573,0.252,-0.886,0.0
13.274,0.347,-0.864,1.0
11.139,0.292,-0.854,0.0
10.411,0.272,-0.86,5.0
9.911,0.259,-0.877,0.0
9.418,0.246,-0.889,0.0
12.423,0.323,-0.83,0.0
10.931,0.284,-0.858,0.0
10.321,0.268,-0.871,1.0
9.777,0.254,-0.882,0.0
9.28,0.241,-0.892,0.0
12.178,0.313,-0.835,0.0
11.357,0.292,-0.845,0.0
10.622,0.273,-0.852,0.0
10.11,0.26,-0.871,0.0
9.616,0.247,-0.885,0.0
9.093,0.233,-0.89,0.0
11.159,0.284,-0.849,0.0
10.435,0.265,-0.855,4.0
9.967,0.253,-0.876,0.0
9.454,0.24,-0.886,0.0
8.992,0.228,-0.895,0.0
11.692,0.294,-0.841,0.0
10.982,0.276,-0.854,0.0
10.355,0.26,-0.866,3.0
9.83,0.247,-0.88,0.0
9.342,0.234,-0.891,0.0
8.882,0.222,-0.899,0.0
11.509,0.286,-0.847,0.0
10.777,0.267,-0.856,0.0
10.214,0.253,-0.871,0.0
9.679,0.239,-0.883,0.0
9.183,0.227,-0.891,0.0
8.762,0.216,-0.902,0.0
11.256,0.275,-0.847,0.0
10.483,0.256,-0.85,3.0
10.034,0.244,-0.872,0.0
9.52,0.232,-0.884,0.0
9.051,0.22,-0.893,0.0
8.637,0.21,-0.903,0.0
11.071,0.266,-0.851,0.0
10.389,0.249,-0.859,5.0
9.894,0.237,-0.876,0.0
9.393,0.225,-0.887,0.0
8.932,0.213,-0.896,0.0
8.517,0.203,-0.904,0.0
10.88,0.257,-0.854,0.0
10.306,0.243,-0.869,1.0
9.758,0.229,-0.879,0.0
9.256,0.217,-0.889,0.0
8.833,0.207,-0.9,0.0
8.418,0.197,-0.907,0.0
10.616,0.245,-0.85,1.0
10.137,0.234,-0.871,0.0
9.594,0.221,-0.88,0.0
9.106,0.209,-0.889,0.0
8.711,0.2,-0.901,0.0
8.31,0.19,-0.908,0.0
10.413,0.235,-0.85,5.0
9.988,0.225,-0.873,0.0
9.464,0.213,-0.882,0.0
8.998,0.202,-0.892,0.0
8.609,0.193,-0.904,0.0
8.236,0.184,-0.913,0.0
10.366,0.229,-0.861,4.0
9.831,0.216,-0.874,0.0
9.336,0.205,-0.884,0.0
8.891,0.195,-0.895,0.0
8.5,0.186,-0.905,0.0
8.136,0.177,-0.914,0.0
10.26,0.22,-0.868,1.0
9.715,0.208,-0.878,0.0
9.223,0.197,-0.887,0.0
8.779,0.187,-0.897,0.0
8.369,0.178,-0.904,0.0
8.031,0.17,-0.914,0.0
10.116,0.211,-0.87,0.0
9.599,0.2,-0.882,0.0
9.096,0.189,-0.888,0.0
8.689,0.18,-0.9,0.0
8.281,0.171,-0.906,0.0
7.971,0.164,-0.919,0.0
9.95,0.201,-0.87,0.0
9.451,0.191,-0.881,0.0
9.011,0.181,-0.893,0.0
8.571,0.172,-0.9,0.0
8.201,0.164,-0.909,0.0
7.883,0.157,-0.92,0.0
9.83,0.192,-0.873,0.0
9.341,0.182,-0.884,0.0
8.882,0.173,-0.892,0.0
8.509,0.165,-0.905,0.0
8.118,0.156,-0.911,0.0
7.809,0.15,-0.922,0.0
9.724,0.184,-0.877,0.0
9.218,0.173,-0.885,0.0
8.775,0.164,-0.894,0.0
8.376,0.156,-0.903,0.0
8.049,0.149,-0.914,0.0
7.747,0.143,-0.925,0.0
9.593,0.174,-0.878,0.0
9.11,0.165,-0.887,0.0
8.672,0.156,-0.895,0.0
8.284,0.148,-0.904,0.0
7.968,0.142,-0.915,0.0
7.658,0.136,-0.925,0.0
9.48,0.165,-0.88,0.0
9.033,0.157,-0.891,0.0
8.569,0.148,-0.895,0.0
8.226,0.141,-0.908,0.0
7.914,0.135,-0.919,0.0
7.606,0.129,-0.928,0.0
9.38,0.156,-0.882,0.0
8.902,0.147,-0.889,0.0
8.492,0.14,-0.897,0.0
8.145,0.133,-0.909,0.0
7.846,0.128,-0.921,0.0
7.509,0.121,-0.925,0.0
9.272,0.147,-0.884,0.0
8.815,0.139,-0.891,0.0
8.441,0.132,-0.902,0.0
8.074,0.126,-0.911,0.0
7.788,0.12,-0.924,0.0
7.412,0.114,-0.922,0.0
9.169,0.138,-0.884,0.0
8.753,0.131,-0.895,0.0
8.367,0.124,-0.904,0.0
8.023,0.118,-0.914,0.0
7.701,0.112,-0.923,0.0
7.313,0.106,-0.919,1.0
9.078,0.129,-0.886,0.0
8.651,0.122,-0.895,0.0
8.296,0.116,-0.906,0.0
7.979,0.11,-0.918,0.0
7.635,0.105,-0.923,0.0
7.298,0.099,-0.925,2.0
8.996,0.12,-0.888,0.0
8.569,0.113,-0.895,0.0
8.214,0.107,-0.906,0.0
7.897,0.102,-0.917,0.0
7.598,0.098,-0.927,0.0
7.29,0.093,-0.932,1.0
8.908,0.111,-0.889,0.0
8.488,0.104,-0.896,0.0
8.146,0.099,-0.907,0.0
7.839,0.094,-0.919,0.0
7.535,0.09,-0.927,0.0
7.24,0.085,-0.933,0.0
8.813,0.101,-0.889,0.0
8.424,0.096,-0.898,0.0
8.1,0.091,-0.91,0.0
7.779,0.086,-0.92,0.0
7.449,0.082,-0.924,0.0
7.192,0.078,-0.934,0.0
8.74,0.092,-0.89,0.0
8.381,0.087,-0.902,0.0
8.042,0.083,-0.912,0.0
7.721,0.078,-0.921,0.0
7.394,0.074,-0.925,0.0
7.132,0.071,-0.933,0.0
8.683,0.083,-0.892,0.0
8.334,0.079,-0.905,0.0
7.994,0.075,-0.914,0.0
7.67,0.071,-0.922,0.0
7.339,0.066,-0.925,0.0
7.095,0.063,-0.935,0.0
8.62,0.074,-0.894,0.0
8.274,0.07,-0.905,0.0
7.948,0.066,-0.916,0.0
7.639,0.063,-0.925,0.0
7.321,0.059,-0.929,0.0
7.067,0.056,-0.938,0.0
8.561,0.065,-0.895,0.0
8.24,0.062,-0.909,0.0
7.914,0.058,-0.918,0.0
7.573,0.055,-0.923,0.0
7.295,0.051,-0.932,0.0
7.017,0.048,-0.937,0.0
8.502,0.056,-0.896,0.0
8.164,0.053,-0.907,0.0
7.857,0.05,-0.918,0.0
7.547,0.047,-0.926,0.0
7.24,0.044,-0.931,0.0
6.98,0.041,-0.938,0.0
8.459,0.047,-0.898,0.0
8.125,0.044,-0.909,0.0
7.802,0.041,-0.918,0.0
7.502,0.038,-0.927,0.0
7.199,0.036,-0.931,0.0
6.955,0.034,-0.94,0.0
8.414,0.038,-0.899,0.0
8.09,0.036,-0.911,0.0
7.777,0.033,-0.921,0.0
7.444,0.03,-0.925,0.0
7.178,0.028,-0.933,0.0
6.921,0.026,-0.94,0.0
8.363,0.029,-0.9,0.0
8.045,0.027,-0.912,0.0
7.736,0.025,-0.921,0.0
7.431,0.022,-0.928,0.0
7.148,0.02,-0.934,0.0
6.886,0.019,-0.94,0.0
8.323,0.02,-0.901,0.0
8.019,0.018,-0.914,0.0
7.714,0.016,-0.923,0.0
7.395,0.014,-0.929,0.0
7.135,0.013,-0.937,0.0
6.871,0.011,-0.942,0.0
8.302,0.011,-0.904,0.0
7.981,0.009,-0.914,0.0
7.668,0.008,-0.922,0.0
7.382,0.006,-0.931,0.0
7.117,0.005,-0.939,0.0
6.826,0.003,-0.94,0.0
8.26,0.002,-0.904,0.0
7.965,0.001,-0.917,0.0
7.66,0.0,-0.926,0.0
7.339,-0.001,-0.93,0.0
7.072,-0.002,-0.937,0.0
6.793,-0.003,-0.939,0.0
8.241,-0.006,-0.906,0.0
7.923,-0.007,-0.916,0.0
7.616,-0.008,-0.924,0.0
7.313,-0.009,-0.93,0.0
7.047,-0.01,-0.937,0.0
6.791,-0.011,-0.942,0.0
8.218,-0.015,-0.907,0.0
7.882,-0.016,-0.915,0.0
7.591,-0.016,-0.925,0.0
7.305,-0.017,-0.932,0.0
7.037,-0.018,-0.939,0.0
6.775,-0.018,-0.943,0.0
8.201,-0.024,-0.909,0.0
7.887,-0.024,-0.919,0.0
7.584,-0.025,-0.927,0.0
7.267,-0.025,-0.931,0.0
7.019,-0.025,-0.939,0.0
6.754,-0.026,-0.942,0.0
8.151,-0.033,-0.906,0.0
7.848,-0.033,-0.917,0.0
7.546,-0.033,-0.925,0.0
7.241,-0.033,-0.93,0.0
6.988,-0.033,-0.937,0.0
6.732,-0.033,-0.942,0.0
8.141,-0.042,-0.908,0.0
7.835,-0.042,-0.918,0.0
7.514,-0.042,-0.924,0.0
7.23,-0.041,-0.931,0.0
6.987,-0.041,-0.939,0.0
6.716,-0.041,-0.941,0.0
8.126,-0.051,-0.909,0.0
7.811,-0.051,-0.918,0.0
7.509,-0.05,-0.925,0.0
7.211,-0.049,-0.93,0.0
6.984,-0.049,-0.941,0.0
6.703,-0.049,-0.941,0.0
8.116,-0.06,-0.91,0.0
7.806,-0.06,-0.919,0.0
7.503,-0.059,-0.926,0.0
7.214,-0.058,-0.932,0.0
6.958,-0.057,-0.939,0.0
6.698,-0.056,-0.942,0.0
8.093,-0.069,-0.909,0.0
7.796,-0.068,-0.919,0.0
7.5,-0.067,-0.927,0.0
7.217,-0.066,-0.934,0.0
6.951,-0.065,-0.939,0.0
6.69,-0.064,-0.942,0.0
8.09,-0.079,-0.909,0.0
7.792,-0.077,-0.92,0.0
7.484,-0.076,-0.926,0.0
7.202,-0.074,-0.933,0.0
6.961,-0.073,-0.941,0.0
6.683,-0.071,-0.942,0.0
8.086,-0.088,-0.91,0.0
7.778,-0.086,-0.919,0.0
7.48,-0.084,-0.926,0.0
7.187,-0.082,-0.931,0.0
6.949,-0.081,-0.94,0.0
6.695,-0.079,-0.944,0.0
8.069,-0.097,-0.908,0.0
7.772,-0.095,-0.919,0.0
7.474,-0.092,-0.926,0.0
7.202,-0.09,-0.934,0.0
6.942,-0.089,-0.939,0.0
6.677,-0.086,-0.941,0.0
8.077,-0.106,-0.909,0.0
7.797,-0.104,-0.922,0.0
7.48,-0.101,-0.927,0.0
7.205,-0.099,-0.934,0.0
6.936,-0.096,-0.938,0.0
6.678,-0.094,-0.941,0.0
8.069,-0.115,-0.908,0.0
7.792,-0.113,-0.921,0.0
7.481,-0.109,-0.926,0.0
7.204,-0.107,-0.933,0.0
6.954,-0.105,-0.94,0.0
6.692,-0.102,-0.943,0.0
8.083,-0.124,-0.909,0.0
7.79,-0.121,-0.92,0.0
7.483,-0.118,-0.926,0.0
7.216,-0.115,-0.934,0.0
6.962,-0.113,-0.941,0.0
6.693,-0.11,-0.942,0.0
8.095,-0.134,-0.909,0.0
7.8,-0.13,-0.92,0.0
7.477,-0.126,-0.924,0.0
7.204,-0.123,-0.932,0.0
6.969,-0.121,-0.941,0.0
6.706,-0.117,-0.943,0.0
8.117,-0.143,-0.911,0.0
7.812,-0.139,-0.92,0.0
7.497,-0.135,-0.925,0.0
7.234,-0.132,-0.934,0.0
6.979,-0.129,-0.94,0.0
6.708,-0.125,-0.942,0.0
8.114,-0.152,-0.908,0.0
7.822,-0.148,-0.919,0.0
7.515,-0.144,-0.926,0.0
7.245,-0.14,-0.934,0.0
6.978,-0.136,-0.939,0.0
6.732,-0.133,-0.944,0.0
8.132,-0.161,-0.908,0.0
7.834,-0.157,-0.919,0.0
7.533,-0.152,-0.926,0.0
7.265,-0.148,-0.934,0.0
7.011,-0.145,-0.941,0.0
6.734,-0.14,-0.942,0.0
8.138,-0.17,-0.907,0.0
7.846,-0.166,-0.918,0.0
7.547,-0.161,-0.925,0.0
7.266,-0.156,-0.932,0.0
7.018,-0.153,-0.939,0.0
6.765,-0.148,-0.944,0.0
8.152,-0.179,-0.905,0.0
7.868,-0.175,-0.917,0.0
7.561,-0.169,-0.924,0.0
7.282,-0.165,-0.931,0.0
7.03,-0.16,-0.938,0.0
6.779,-0.156,-0.943,0.0
8.178,-0.189,-0.905,0.0
7.89,-0.184,-0.917,0.0
7.596,-0.178,-0.925,0.0
7.314,-0.173,-0.932,0.0
7.047,-0.168,-0.938,0.0
6.802,-0.164,-0.943,0.0
8.212,-0.198,-0.905,0.0
7.918,-0.193,-0.916,0.0
7.617,-0.187,-0.924,0.0
7.341,-0.182,-0.932,0.0
7.084,-0.177,-0.939,0.0
6.815,-0.172,-0.942,0.0
8.255,-0.208,-0.906,0.0
7.951,-0.202,-0.916,0.0
7.637,-0.196,-0.923,0.0
7.363,-0.19,-0.931,0.0
7.097,-0.185,-0.937,0.0
6.841,-0.179,-0.942,0.0
8.285,-0.217,-0.904,0.0
7.971,-0.211,-0.914,0.0
7.663,-0.204,-0.921,0.0
7.387,-0.198,-0.93,0.0
7.119,-0.193,-0.936,0.0
6.884,-0.188,-0.943,0.0
8.328,-0.227,-0.904,0.0
8.0,-0.22,-0.913,0.0
7.719,-0.214,-0.924,0.0
7.421,-0.207,-0.93,0.0
7.15,-0.201,-0.936,0.0
6.929,-0.196,-0.945,0.0
8.346,-0.236,-0.901,0.0
8.05,-0.229,-0.914,0.0
7.746,-0.222,-0.922,0.0
7.449,-0.215,-0.928,0.0
7.184,-0.209,-0.935,0.0
6.958,-0.204,-0.944,0.0
8.396,-0.246,-0.901,0.0
8.076,-0.238,-0.911,0.0
7.78,-0.231,-0.921,0.0
7.482,-0.223,-0.927,0.0
7.217,-0.217,-0.935,0.0
6.971,-0.211,-0.941,0.0
8.452,-0.255,-0.901,0.0
8.116,-0.247,-0.91,0.0
7.816,-0.239,-0.919,0.0
7.516,-0.232,-0.926,0.0
7.245,-0.225,-0.933,0.0
7.005,-0.218,-0.941,0.0
8.5,-0.265,-0.9,0.0
8.158,-0.256,-0.908,0.0
7.876,-0.248,-0.92,0.0
7.568,-0.24,-0.927,0.0
7.279,-0.232,-0.931,0.0
7.029,-0.226,-0.938,0.0
8.545,-0.274,-0.898,0.0
8.213,-0.265,-0.908,0.0
7.893,-0.256,-0.916,0.0
7.619,-0.249,-0.927,0.0
7.317,-0.24,-0.93,0.0
7.068,-0.234,-0.938,0.0
8.596,-0.284,-0.896,0.0
8.266,-0.274,-0.907,0.0
7.955,-0.265,-0.916,0.0
7.663,-0.257,-0.926,0.0
7.383,-0.249,-0.932,0.0
7.116,-0.242,-0.938,0.0
8.674,-0.294,-0.897,0.0
8.319,-0.283,-0.905,0.0
7.987,-0.273,-0.913,0.0
7.71,-0.265,-0.924,0.0
7.427,-0.257,-0.931,0.0
7.145,-0.249,-0.935,0.0
8.743,-0.304,-0.896,0.0
8.381,-0.293,-0.904,0.0
8.04,-0.282,-0.912,0.0
7.751,-0.273,-0.922,0.0
7.473,-0.265,-0.93,0.0
7.199,-0.257,-0.935,0.0
8.794,-0.313,-0.893,0.0
8.42,-0.301,-0.901,0.0
8.111,-0.291,-0.912,0.0
7.799,-0.282,-0.92,0.0
7.537,-0.273,-0.93,0.0
7.256,-0.265,-0.936,0.0
8.874,-0.323,-0.892,0.0
8.499,-0.311,-0.901,0.0
8.142,-0.299,-0.907,0.0
7.854,-0.29,-0.919,0.0
7.58,-0.281,-0.928,0.0
7.294,-0.272,-0.933,0.0
8.969,-0.333,-0.893,0.0
8.58,-0.32,-0.9,0.0
8.229,-0.309,-0.908,0.0
7.915,-0.298,-0.917,0.0
7.656,-0.29,-0.929,0.0
7.368,-0.28,-0.934,0.0
9.046,-0.343,-0.891,0.0
8.649,-0.33,-0.898,0.0
8.296,-0.317,-0.907,0.0
7.966,-0.306,-0.915,0.0
7.709,-0.298,-0.927,0.0
7.405,-0.287,-0.931,0.0
9.123,-0.353,-0.888,0.0
8.722,-0.339,-0.896,0.0
8.362,-0.326,-0.905,0.0
8.026,-0.314,-0.913,0.0
7.764,-0.305,-0.925,0.0
7.473,-0.295,-0.931,0.0
9.216,-0.363,-0.887,0.0
8.799,-0.348,-0.894,0.0
8.446,-0.335,-0.904,0.0
8.114,-0.323,-0.913,0.0
7.82,-0.313,-0.923,0.0
7.524,-0.302,-0.929,0.0
9.309,-0.373,-0.885,0.0
8.897,-0.358,-0.894,0.0
8.514,-0.344,-0.901,0.0
8.176,-0.331,-0.91,0.0
7.891,-0.321,-0.921,0.0
7.598,-0.31,-0.928,0.0
9.416,-0.383,-0.884,0.0
8.999,-0.368,-0.893,0.0
8.607,-0.353,-0.901,0.0
8.256,-0.34,-0.909,0.0
7.95,-0.328,-0.918,0.0
7.674,-0.318,-0.928,0.0
9.519,-0.393,-0.882,0.0
9.093,-0.377,-0.891,0.0
8.686,-0.361,-0.898,0.0
8.319,-0.347,-0.906,0.0
8.001,-0.335,-0.914,0.0
7.73,-0.325,-0.925,0.0
9.636,-0.404,-0.88,0.0
9.191,-0.386,-0.889,0.0
8.767,-0.37,-0.895,0.0
8.416,-0.356,-0.905,0.0
8.074,-0.343,-0.912,0.0
7.798,-0.332,-0.923,0.0
9.759,-0.414,-0.879,2.0
9.294,-0.396,-0.887,0.0
8.872,-0.379,-0.894,0.0
8.503,-0.364,-0.904,0.0
8.166,-0.351,-0.912,0.0
7.873,-0.339,-0.921,0.0
9.823,-0.422,-0.872,3.0
9.411,-0.405,-0.885,0.0
8.977,-0.388,-0.893,0.0
8.585,-0.372,-0.901,0.0
8.255,-0.359,-0.91,0.0
7.941,-0.346,-0.918,0.0
9.933,-0.432,-0.868,2.0
9.51,-0.414,-0.882,0.0
9.09,-0.397,-0.891,0.0
8.685,-0.38,-0.899,0.0
8.333,-0.366,-0.907,0.0
8.025,-0.354,-0.917,0.0
10.069,-0.442,-0.866,0.0
9.657,-0.425,-0.882,0.0
9.198,-0.406,-0.889,0.0
8.768,-0.388,-0.895,0.0
8.414,-0.373,-0.904,0.0
8.108,-0.361,-0.915,0.0
10.25,-0.454,-0.867,0.0
9.767,-0.434,-0.878,2.0
9.337,-0.416,-0.889,0.0
8.896,-0.397,-0.896,0.0
8.526,-0.382,-0.904,0.0
8.198,-0.368,-0.913,0.0
10.408,-0.465,-0.866,0.0
9.855,-0.442,-0.872,2.0
9.431,-0.424,-0.885,0.0
9.018,-0.406,-0.895,0.0
8.636,-0.39,-0.903,0.0
8.285,-0.375,-0.911,0.0
10.543,-0.475,-0.861,0.0
9.98,-0.451,-0.868,1.0
9.554,-0.432,-0.882,0.0
9.142,-0.415,-0.893,0.0
8.72,-0.396,-0.899,0.0
8.389,-0.382,-0.909,0.0
10.697,-0.485,-0.858,0.0
10.149,-0.461,-0.868,0.0
9.706,-0.442,-0.881,0.0
9.268,-0.423,-0.892,0.0
8.846,-0.405,-0.898,0.0
8.495,-0.389,-0.908,0.0
10.864,-0.496,-0.855,0.0
10.332,-0.473,-0.868,0.0
9.805,-0.449,-0.875,2.0
9.389,-0.431,-0.889,0.0
8.982,-0.413,-0.898,0.0
8.587,-0.396,-0.904,0.0
11.049,-0.507,-0.852,0.0
10.469,-0.481,-0.863,0.0
9.921,-0.457,-0.87,1.0
9.507,-0.438,-0.885,0.0
9.1,-0.42,-0.896,0.0
8.706,-0.403,-0.903,0.0
11.222,-0.517,-0.848,0.0
10.651,-0.492,-0.861,0.0
10.074,-0.466,-0.868,0.0
9.662,-0.447,-0.884,0.0
9.22,-0.428,-0.893,0.0
8.804,-0.409,-0.899,0.0
11.422,-0.529,-0.845,0.0
10.825,-0.502,-0.858,0.0
10.276,-0.477,-0.868,0.0
9.777,-0.454,-0.879,2.0
9.333,-0.434,-0.888,0.0
8.928,-0.416,-0.897,0.0
11.589,-0.538,-0.839,0.0
11.003,-0.511,-0.854,0.0
10.457,-0.486,-0.867,0.0
9.891,-0.461,-0.873,2.0
9.485,-0.442,-0.887,0.0
9.06,-0.423,-0.896,0.0
11.783,-0.548,-0.834,0.0
11.191,-0.521,-0.85,0.0
10.627,-0.495,-0.864,0.0
10.047,-0.469,-0.87,0.0
9.632,-0.45,-0.885,0.0
9.211,-0.43,-0.895,0.0
12.005,-0.559,-0.829,0.0
11.364,-0.529,-0.845,0.0
10.777,-0.502,-0.858,0.0
10.24,-0.478,-0.87,0.0
9.769,-0.456,-0.881,2.0
9.319,-0.436,-0.89,0.0
12.226,-0.569,-0.824,0.0
11.564,-0.539,-0.84,0.0
10.982,-0.512,-0.856,0.0
10.421,-0.486,-0.868,0.0
9.88,-0.461,-0.875,2.0
9.463,-0.442,-0.888,0.0
12.476,-0.58,-0.82,0.0
11.753,-0.547,-0.834,0.0
11.165,-0.52,-0.851,0.0
10.589,-0.493,-0.864,0.0
10.029,-0.468,-0.871,0.0
9.623,-0.449,-0.886,0.0
12.725,-0.591,-0.815,1.0
12.003,-0.558,-0.831,0.0
11.357,-0.528,-0.846,0.0
10.772,-0.501,-0.86,0.0
10.232,-0.476,-0.871,0.0
9.765,-0.455,-0.883,2.0
12.992,-0.602,-0.81,0.0
12.225,-0.567,-0.826,0.0
11.559,-0.536,-0.841,0.0
10.971,-0.509,-0.857,0.0
10.438,-0.484,-0.87,0.0
9.887,-0.459,-0.876,2.0
13.255,-0.613,-0.803,1.0
12.464,-0.576,-0.821,1.0
11.756,-0.543,-0.835,0.0
11.154,-0.516,-0.852,0.0
10.605,-0.49,-0.866,0.0
10.042,-0.464,-0.873,0.0
13.528,-0.623,-0.797,1.0
12.709,-0.585,-0.815,0.0
12.009,-0.553,-0.833,1.0
11.348,-0.522,-0.847,0.0
10.788,-0.496,-0.862,0.0
10.252,-0.472,-0.873,0.0
13.808,-0.632,-0.789,1.0
12.978,-0.594,-0.809,1.0
12.23,-0.56,-0.826,0.0
11.572,-0.53,-0.844,0.0
10.984,-0.502,-0.858,0.0
10.452,-0.478,-0.872,0.0
14.111,-0.643,-0.782,1.0
13.262,-0.604,-0.804,1.0
12.489,-0.568,-0.822,0.0
11.768,-0.535,-0.837,0.0
11.188,-0.508,-0.854,0.0
10.626,-0.483,-0.867,0.0
14.476,-0.655,-0.776,1.0
13.552,-0.613,-0.797,1.0
12.745,-0.576,-0.816,1.0
12.016,-0.542,-0.834,1.0
11.377,-0.513,-0.849,0.0
10.802,-0.487,-0.862,0.0
14.804,-0.664,-0.768,1.0
13.835,-0.62,-0.789,1.0
13.021,-0.583,-0.811,0.0
12.243,-0.548,-0.827,0.0
11.601,-0.519,-0.845,0.0
11.003,-0.492,-0.859,0.0
15.224,-0.677,-0.762,1.0
14.132,-0.628,-0.781,1.0
13.3,-0.59,-0.804,1.0
12.478,-0.553,-0.821,0.0
11.803,-0.523,-0.838,0.0
11.188,-0.495,-0.853,0.0
15.573,-0.686,-0.752,1.0
14.514,-0.639,-0.776,1.0
13.584,-0.597,-0.797,1.0
12.773,-0.561,-0.817,1.0
12.057,-0.529,-0.834,0.0
11.412,-0.5,-0.849,0.0
16.025,-0.699,-0.745,1.0
14.871,-0.647,-0.769,1.0
13.87,-0.603,-0.789,1.0
13.065,-0.567,-0.813,1.0
12.278,-0.532,-0.828,0.0
11.625,-0.503,-0.844,0.0
16.471,-0.71,-0.736,1.0
15.281,-0.657,-0.762,1.0
14.198,-0.61,-0.782,1.0
13.357,-0.572,-0.806,1.0
12.546,-0.537,-0.823,0.0
11.847,-0.506,-0.839,1.0
16.976,-0.722,-0.728,1.0
15.662,-0.665,-0.753,1.0
14.57,-0.617,-0.776,1.0
13.618,-0.576,-0.797,1.0
12.815,-0.541,-0.817,1.0
12.101,-0.51,-0.835,0.0
17.469,-0.732,-0.717,1.0
16.072,-0.672,-0.743,1.0
14.946,-0.624,-0.769,1.0
13.923,-0.58,-0.79,1.0
13.112,-0.545,-0.812,0.0
12.351,-0.512,-0.829,0.0
17.987,-0.743,-0.706,2.0
16.572,-0.683,-0.737,1.0
15.321,-0.63,-0.761,1.0
14.252,-0.584,-0.783,1.0
13.388,-0.548,-0.805,1.0
12.593,-0.514,-0.823,1.0
18.512,-0.752,-0.693,1.0
17.096,-0.693,-0.729,1.0
15.726,-0.635,-0.752,1.0
14.635,-0.59,-0.778,1.0
13.666,-0.549,-0.797,1.0
12.873,-0.516,-0.818,0.0
19.091,-0.762,-0.681,1.0
17.551,-0.698,-0.717,1.0
16.152,-0.641,-0.744,1.0
14.993,-0.593,-0.77,1.0
13.967,-0.551,-0.79,0.0
13.146,-0.517,-0.812,0.0
19.693,-0.771,-0.667,1.0
18.035,-0.704,-0.704,1.0
16.646,-0.648,-0.736,1.0
15.358,-0.596,-0.761,1.0
14.306,-0.553,-0.783,1.0
13.46,-0.519,-0.807,1.0
20.327,-0.78,-0.652,1.0
18.613,-0.712,-0.694,1.0
17.156,-0.654,-0.728,1.0
15.771,-0.599,-0.753,1.0
14.682,-0.555,-0.777,1.0
13.709,-0.517,-0.797,1.0
21.093,-0.791,-0.639,1.0
19.179,-0.717,-0.68,1.0
17.662,-0.658,-0.718,1.0
16.178,-0.6,-0.743,1.0
15.052,-0.556,-0.77,1.0
14.043,-0.517,-0.791,1.0
21.862,-0.801,-0.623,1.0
19.815,-0.723,-0.667,1.0
18.134,-0.659,-0.705,1.0
16.71,-0.605,-0.738,1.0
15.424,-0.556,-0.761,1.0
14.361,-0.516,-0.783,1.0
22.721,-0.812,-0.607,1.0
20.432,-0.727,-0.652,1.0
18.69,-0.662,-0.693,1.0
17.187,-0.606,-0.729,1.0
15.84,-0.556,-0.754,1.0
14.733,-0.515,-0.778,1.0
23.514,-0.818,-0.587,2.0
21.195,-0.734,-0.639,1.0
19.268,-0.664,-0.68,1.0
17.656,-0.606,-0.717,1.0
16.265,-0.555,-0.745,1.0
15.101,-0.513,-0.77,1.0
24.474,-0.827,-0.567,1.0
21.969,-0.739,-0.623,1.0
19.877,-0.665,-0.667,1.0
18.193,-0.606,-0.707,1.0
16.736,-0.554,-0.737,1.0
15.468,-0.51,-0.762,1.0
25.427,-0.833,-0.545,1.0
22.781,-0.742,-0.607,1.0
20.492,-0.664,-0.652,1.0
18.701,-0.603,-0.694,2.0
17.259,-0.553,-0.73,1.0
15.864,-0.506,-0.754,1.0
26.429,-0.838,-0.521,1.0
23.574,-0.743,-0.587,1.0
21.264,-0.666,-0.64,1.0
19.263,-0.6,-0.682,1.0
17.697,-0.548,-0.718,1.0
16.285,-0.501,-0.746,1.0
27.371,-0.837,-0.492,1.0
24.548,-0.746,-0.569,1.0
21.988,-0.664,-0.624,1.0
19.884,-0.597,-0.669,1.0
18.186,-0.542,-0.707,1.0
16.742,-0.496,-0.738,1.0
28.48,-0.838,-0.462,2.0
25.47,-0.745,-0.546,1.0
22.837,-0.663,-0.608,1.0
20.498,-0.591,-0.655,1.0
18.739,-0.537,-0.696,1.0
17.244,-0.491,-0.73,1.0
29.651,-0.838,-0.431,1.0
26.427,-0.742,-0.522,1.0
23.586,-0.657,-0.588,2.0
21.048,-0.582,-0.637,2.0
19.298,-0.53,-0.684,1.0
17.716,-0.483,-0.72,1.0
30.658,-0.829,-0.394,1.0
27.387,-0.735,-0.495,1.0
24.555,-0.654,-0.571,1.0
21.937,-0.58,-0.627,1.0
19.857,-0.521,-0.671,1.0
18.162,-0.472,-0.708,1.0
32.684,-0.843,-0.365,1.0
28.478,-0.729,-0.467,1.0
25.46,-0.646,-0.55,1.0
22.76,-0.572,-0.612,1.0
20.615,-0.514,-0.662,2.0
18.678,-0.462,-0.697,1.0
35.336,-0.866,-0.337,0.0
29.566,-0.718,-0.435,1.0
26.378,-0.635,-0.526,1.0
23.514,-0.561,-0.594,2.0
21.163,-0.5,-0.645,1.0
19.222,-0.45,-0.686,1.0
40.236,-0.933,-0.317,9.0
30.491,-0.7,-0.399,1.0
27.127,-0.617,-0.497,5.0
24.328,-0.548,-0.575,1.0
21.889,-0.488,-0.631,1.0
19.785,-0.436,-0.674,1.0
40.263,-0.879,-0.252,4.0
32.769,-0.708,-0.376,1.0
28.292,-0.605,-0.472,1.0
25.235,-0.534,-0.556,1.0
22.561,-0.472,-0.615,4.0
20.371,-0.421,-0.662,1.0
46.754,-0.957,-0.219,1.0
33.965,-0.687,-0.336,1.0
29.303,-0.586,-0.443,1.0
26.083,-0.515,-0.533,1.0
23.361,-0.456,-0.6,1.0
21.016,-0.405,-0.649,1.0
40.325,-0.768,-0.125,40.0
40.235,-0.757,-0.335,1.0
30.193,-0.56,-0.409,1.0
26.991,-0.494,-0.509,1.0
24.133,-0.436,-0.581,1.0
21.702,-0.386,-0.636,1.0
40.311,-0.709,-0.061,65.0
40.221,-0.697,-0.271,14.0
31.58,-0.54,-0.378,1.0
28.012,-0.472,-0.485,1.0
25.016,-0.415,-0.564,1.0
22.375,-0.366,-0.622,1.0
61.461,-0.991,0.0,1.0
46.376,-0.735,-0.242,4.0
33.328,-0.52,-0.349,1.0
28.951,-0.444,-0.458,1.0
25.771,-0.389,-0.542,1.0
23.116,-0.343,-0.608,2.0
61.015,-0.891,0.091,0.0
49.215,-0.706,-0.184,3.0
36.288,-0.511,-0.325,1.0
29.725,-0.411,-0.425,1.0
26.65,-0.362,-0.521,1.0
23.787,-0.316,-0.59,1.0
69.889,-0.913,0.209,3.0
54.504,-0.698,-0.122,3.0
42.207,-0.529,-0.316,1.0
30.878,-0.379,-0.396,1.0
27.47,-0.33,-0.497,1.0
24.52,-0.288,-0.572,1.0
77.615,-0.893,0.345,2.0
54.11,-0.608,-0.043,4.0
42.474,-0.466,-0.257,3.0
32.255,-0.345,-0.367,1.0
28.542,-0.297,-0.475,4.0
25.469,-0.258,-0.558,2.0
77.468,-0.768,0.456,11.0
54.264,-0.522,0.034,5.0
47.264,-0.442,-0.218,3.0
33.763,-0.307,-0.337,1.0
29.367,-0.259,-0.447,3.0
26.257,-0.224,-0.538,3.0
0.0,0.0,0.0,0.0
56.006,-0.449,0.113,9.0
47.079,-0.364,-0.151,6.0
40.27,-0.3,-0.345,1.0
30.082,-0.215,-0.416,1.0
26.906,-0.186,-0.514,2.0
79.459,-0.527,0.69,153.0
61.329,-0.39,0.209,14.0
45.971,-0.279,-0.085,6.0
39.818,-0.231,-0.287,2.0
31.153,-0.172,-0.389,1.0
27.734,-0.145,-0.492,2.0
79.466,-0.394,0.798,163.0
76.524,-0.357,0.365,9.0
46.927,-0.206,-0.023,20.0
39.301,-0.161,-0.23,6.0
32.724,-0.125,-0.365,1.0
28.706,-0.101,-0.471,2.0
79.462,-0.258,0.903,151.0
76.493,-0.228,0.465,15.0
51.759,-0.139,0.042,7.0
40.133,-0.096,-0.183,16.0
33.744,-0.07,-0.332,0.0
29.479,-0.053,-0.446,2.0
79.466,-0.121,1.007,151.0
79.285,-0.098,0.585,34.0
55.619,-0.052,0.117,29.0
41.016,-0.027,-0.134,17.0
38.275,-0.014,-0.328,3.0
30.183,-0.002,-0.418,1.0
79.455,0.016,1.107,151.0
79.431,0.039,0.686,150.0
0.0,0.0,0.0,0.0
43.712,0.047,-0.089,19.0
38.286,0.053,-0.28,7.0
31.095,0.052,-0.392,1.0
79.459,0.156,1.205,154.0
79.446,0.179,0.784,150.0
59.168,0.151,0.27,6.0
0.0,0.0,0.0,0.0
38.614,0.121,-0.237,14.0
32.356,0.111,-0.37,1.0
79.466,0.298,1.301,151.0
59.323,0.239,0.656,86.0
59.311,0.257,0.341,89.0
47.731,0.221,0.016,34.0
38.958,0.192,-0.193,47.0
33.375,0.174,-0.342,1.0
48.191,0.267,0.845,60.0
48.182,0.281,0.589,52.0
48.177,0.296,0.332,60.0
48.052,0.309,0.071,52.0
39.477,0.266,-0.15,38.0
37.525,0.264,-0.342,1.0
48.098,0.355,0.898,113.0
48.085,0.369,0.642,112.0
48.059,0.383,0.386,99.0
48.005,0.397,0.125,90.0
44.022,0.377,-0.119,6.0
37.466,0.332,-0.301,6.0
48.114,0.443,0.951,111.0
48.091,0.457,0.695,109.0
48.069,0.472,0.438,96.0
48.017,0.486,0.177,91.0
44.464,0.464,-0.072,19.0
37.695,0.404,-0.262,13.0
48.17,0.533,1.004,60.0
48.147,0.548,0.747,58.0
48.109,0.562,0.49,90.0
48.054,0.576,0.228,82.0
46.559,0.572,-0.027,29.0
37.952,0.478,-0.224,38.0
100.076,1.297,2.191,5.0
127.722,1.694,2.115,20.0
121.139,1.644,1.358,11.0
62.55,0.868,0.361,6.0
47.709,0.677,0.02,52.0
38.326,0.556,-0.187,47.0
190.075,2.824,4.354,19.0
189.483,2.875,3.328,17.0
121.191,1.876,1.48,15.0
75.23,1.188,0.509,14.0
47.973,0.772,0.067,21.0
39.078,0.641,-0.153,45.0
181.072,3.038,4.325,6.0
128.125,2.19,2.374,10.0
126.256,2.196,1.662,27.0
77.797,1.377,0.6,16.0
0.0,0.0,0.0,0.0
39.717,0.727,-0.119,21.0
128.074,2.394,3.178,29.0
128.04,2.434,2.491,31.0
0.0,0.0,0.0,0.0
77.983,1.53,0.672,25.0
57.691,1.15,0.188,9.0
40.02,0.81,-0.084,13.0
128.091,2.641,3.293,56.0
128.157,2.683,2.607,11.0
89.89,1.91,1.346,7.0
78.162,1.684,0.742,9.0
0.0,0.0,0.0,0.0
0.0,0.0,0.0,0.0
169.496,3.825,4.503,3.0
0.0,0.0,0.0,0.0
106.148,2.461,1.679,4.0
89.773,2.109,0.928,6.0
60.926,1.45,0.302,34.0
47.024,1.134,-0.019,22.0
157.847,3.871,4.325,6.0
100.34,2.49,2.208,60.0
100.336,2.521,1.667,38.0
93.064,2.368,1.036,3.0
61.347,1.579,0.352,10.0
47.994,1.25,0.017,22.0
154.093,4.076,4.341,34.0
0.0,0.0,0.0,0.0
0.0,0.0,0.0,0.0
106.04,2.904,1.261,21.0
74.443,2.062,0.484,15.0
52.117,1.46,0.057,5.0
154.038,4.38,4.456,35.0
0.0,0.0,0.0,0.0
0.0,0.0,0.0,0.0
100.545,2.951,1.269,4.0
74.622,2.213,0.538,12.0
54.232,1.625,0.098,14.0
158.279,4.811,4.691,11.0
0.0,0.0,0.0,0.0
0.0,0.0,0.0,0.0
100.621,3.149,1.338,4.0
77.573,2.451,0.612,16.0
54.41,1.736,0.135,28.0
158.859,5.138,4.813,12.0
0.0,0.0,0.0,0.0
0.0,0.0,0.0,0.0
100.836,3.355,1.406,2.0
77.839,2.614,0.664,44.0
54.778,1.857,0.171,28.0
159.349,5.471,4.93,10.0
0.0,0.0,0.0,0.0
0.0,0.0,0.0,0.0
101.003,3.56,1.471,1.0
78.053,2.776,0.713,42.0
58.764,2.109,0.218,9.0
160.192,5.82,5.053,15.0
160.24,5.868,4.183,6.0
0.0,0.0,0.0,0.0
0.0,0.0,0.0,0.0
78.409,2.945,0.762,23.0
58.925,2.231,0.252,13.0
160.56,6.152,5.154,3.0
158.539,6.124,4.227,8.0
0.0,0.0,0.0,0.0
0.0,0.0,0.0,0.0
79.161,3.13,0.811,12.0
58.951,2.349,0.283,19.0
173.078,6.979,5.646,4.0
158.356,6.434,4.303,6.0
0.0,0.0,0.0,0.0
0.0,0.0,0.0,0.0
79.507,3.303,0.853,9.0
59.027,2.47,0.312,30.0
156.591,6.627,5.185,16.0
173.458,7.393,4.796,15.0
0.0,0.0,0.0,0.0
0.0,0.0,0.0,0.0
79.704,3.47,0.892,5.0
73.637,3.229,0.422,10.0
157.023,6.961,5.269,13.0
173.861,7.761,4.884,23.0
0.0,0.0,0.0,0.0
0.0,0.0,0.0,0.0
82.214,3.744,0.954,5.0
73.589,3.375,0.452,13.0
174.108,8.07,5.914,11.0
174.206,8.124,4.963,18.0
0.0,0.0,0.0,0.0
0.0,0.0,0.0,0.0
82.211,3.909,0.985,8.0
73.645,3.524,0.48,11.0
156.97,7.588,5.388,9.0
156.124,7.594,4.504,17.0
0.0,0.0,0.0,0.0
0.0,0.0,0.0,0.0
82.333,4.077,1.014,4.0
73.797,3.677,0.505,16.0
156.52,7.876,5.424,17.0
156.933,7.944,4.577,22.0
167.039,8.506,3.956,11.0
105.746,5.414,1.913,43.0
94.196,4.851,1.188,3.0
73.862,3.826,0.527,23.0
162.27,8.486,5.669,6.0
162.398,8.541,4.782,8.0
162.585,8.6,3.895,16.0
0.0,0.0,0.0,0.0
94.408,5.048,1.215,1.0
74.011,3.98,0.546,24.0
157.708,8.563,5.55,16.0
162.564,8.873,4.827,11.0
163.177,8.953,3.946,20.0
162.943,8.987,3.029,6.0
94.522,5.242,1.237,4.0
74.111,4.131,0.562,22.0
157.743,8.875,5.583,18.0
162.278,9.177,4.85,16.0
162.175,9.217,3.955,4.0
163.804,9.357,3.075,3.0
96.738,5.555,1.284,6.0
74.222,4.283,0.576,27.0
157.709,9.182,5.609,19.0
162.153,9.487,4.873,17.0
164.139,9.649,4.028,5.0
162.176,9.581,3.07,6.0
120.878,7.176,1.621,9.0
74.344,4.434,0.587,30.0
33.47,2.014,1.194,3.0
158.408,9.576,4.779,8.0
33.441,2.03,0.824,1.0
33.444,2.04,0.636,6.0
33.472,2.052,0.452,150.0
33.455,2.06,0.267,156.0
33.424,2.076,1.196,3.0
33.469,2.088,1.012,1.0
158.023,9.901,3.908,5.0
139.643,8.788,2.668,45.0
120.916,7.642,1.641,19.0
74.171,4.709,0.597,31.0
158.139,10.124,5.667,42.0
158.171,10.168,4.793,48.0
114.782,7.411,2.843,22.0
139.637,9.055,2.672,33.0
120.908,7.873,1.644,2.0
74.07,4.844,0.597,35.0
158.076,10.425,5.668,48.0
158.062,10.464,4.79,49.0
114.567,7.615,2.838,35.0
139.63,9.32,2.671,22.0
113.61,7.613,1.543,7.0
74.06,4.983,0.596,45.0
158.004,10.72,5.661,38.0
157.978,10.759,4.784,47.0
114.496,7.827,2.831,34.0
114.663,7.869,2.188,14.0
114.708,7.904,1.553,2.0
74.051,5.124,0.592,44.0
157.904,11.011,5.648,35.0
157.916,11.052,4.771,43.0
114.539,8.046,2.823,43.0
139.591,9.842,2.652,28.0
0.0,0.0,0.0,0.0
73.915,5.251,0.584,36.0
157.569,11.282,5.62,21.0
157.547,11.32,4.743,15.0
114.621,8.266,2.813,29.0
139.616,10.106,2.637,73.0
103.773,7.537,1.382,90.0
73.805,5.38,0.573,27.0
66.507,4.885,2.363,9.0
66.531,4.903,1.993,150.0
66.539,4.921,1.623,150.0
66.529,4.938,1.246,134.0
66.531,4.954,0.875,40.0
66.219,4.948,0.503,19.0
132.586,9.98,4.688,11.0
132.434,10.002,3.944,13.0
132.246,10.021,3.202,12.0
131.981,10.034,2.445,9.0
74.696,5.697,0.968,9.0
73.674,5.638,0.545,12.0
130.266,10.041,4.579,12.0
130.048,10.056,3.845,12.0
129.869,10.075,3.115,9.0
74.693,5.813,1.367,16.0
74.551,5.821,0.948,22.0
58.987,4.62,0.422,19.0
74.684,5.89,2.606,7.0
74.603,5.902,2.187,21.0
74.573,5.918,1.769,31.0
74.548,5.935,1.345,35.0
74.472,5.947,0.927,21.0
58.425,4.68,0.401,32.0
74.516,6.01,2.58,30.0
74.511,6.028,2.163,38.0
74.526,6.047,1.746,36.0
74.523,6.064,1.322,35.0
74.41,6.074,0.904,29.0
57.886,4.74,0.379,32.0
74.555,6.146,2.556,25.0
74.603,6.167,2.141,21.0
123.366,10.227,2.849,9.0
120.048,9.979,2.088,22.0
74.454,6.207,0.878,20.0
57.103,4.775,0.354,32.0
34.282,2.885,1.163,14.0
34.29,2.894,0.971,86.0
34.273,2.9,0.778,70.0
120.35,10.214,2.048,18.0
66.238,5.637,0.756,6.0
56.637,4.833,0.329,24.0
120.629,10.359,4.048,41.0
34.269,2.95,0.957,29.0
34.307,2.961,0.766,1.0
34.192,2.959,0.568,7.0
74.625,6.476,0.821,7.0
54.861,4.774,0.296,28.0
120.644,10.564,3.997,48.0
120.661,10.592,3.319,56.0
120.651,10.619,2.641,51.0
34.169,3.014,0.553,1.0
74.682,6.606,0.788,10.0
54.222,4.808,0.268,29.0
120.624,10.763,3.942,27.0
120.552,10.782,3.26,21.0
120.612,10.813,2.585,13.0
115.742,10.402,1.818,4.0
74.657,6.725,0.753,9.0
13.89,1.254,0.062,3.0
114.829,10.434,3.695,29.0
33.508,3.051,0.889,4.0
33.464,3.054,0.7,9.0
33.536,3.068,0.509,6.0
13.865,1.271,0.132,11.0
13.86,1.273,0.054,18.0
13.848,1.28,0.438,21.0
13.837,1.282,0.36,25.0
13.83,1.284,0.282,21.0
13.834,1.287,0.202,23.0
13.838,1.29,0.125,29.0
13.841,1.294,0.047,30.0
13.837,1.301,0.43,34.0
13.832,1.303,0.352,38.0
13.818,1.305,0.273,35.0
13.815,1.307,0.194,32.0
13.821,1.311,0.116,37.0
13.819,1.313,0.038,33.0
13.829,1.322,0.421,38.0
13.812,1.322,0.343,40.0
13.808,1.325,0.265,55.0
13.796,1.326,0.186,36.0
13.803,1.33,0.108,41.0
13.802,1.333,0.03,35.0
13.808,1.34,0.412,41.0
13.798,1.342,0.334,100.0
13.795,1.344,0.256,106.0
13.78,1.345,0.177,47.0
13.798,1.35,0.099,78.0
13.789,1.352,0.021,37.0
13.793,1.359,0.403,69.0
13.791,1.362,0.325,101.0
13.773,1.362,0.247,114.0
13.773,1.365,0.167,65.0
13.793,1.37,0.09,86.0
13.777,1.371,0.012,38.0
13.789,1.379,0.393,79.0
13.779,1.38,0.315,118.0
13.77,1.382,0.237,112.0
13.767,1.384,0.158,45.0
13.782,1.388,0.08,74.0
13.777,1.39,0.002,37.0
13.783,1.398,0.384,57.0
13.765,1.398,0.305,149.0
13.766,1.401,0.227,127.0
13.767,1.404,0.148,40.0
13.78,1.407,0.07,84.0
13.772,1.409,-0.007,36.0
13.779,1.417,0.373,68.0
13.762,1.417,0.295,128.0
13.763,1.419,0.217,93.0
13.768,1.423,0.138,40.0
13.783,1.426,0.06,66.0
13.778,1.429,-0.017,36.0
13.78,1.435,0.363,58.0
13.765,1.436,0.284,87.0
13.767,1.438,0.206,94.0
13.781,1.442,0.127,61.0
13.784,1.445,0.049,38.0
13.773,1.446,-0.028,34.0
13.783,1.454,0.352,57.0
13.765,1.454,0.274,85.0
13.78,1.458,0.196,57.0
13.776,1.459,0.116,57.0
13.777,1.462,0.038,37.0
13.785,1.465,-0.039,32.0
13.789,1.472,0.341,40.0
13.781,1.473,0.263,44.0
13.776,1.475,0.184,39.0
13.788,1.478,0.105,37.0
13.791,1.481,0.026,36.0
13.789,1.483,-0.051,29.0
13.803,1.491,0.33,38.0
13.79,1.491,0.251,50.0
13.794,1.494,0.173,38.0
13.8,1.497,0.093,33.0
13.804,1.499,0.015,30.0
13.803,1.501,-0.063,24.0
13.81,1.508,0.318,34.0
13.799,1.509,0.239,35.0
13.79,1.51,0.161,26.0
13.791,1.512,0.081,22.0
13.811,1.516,0.002,21.0
13.821,1.52,-0.075,20.0
13.809,1.524,0.306,21.0
13.809,1.526,0.227,19.0
13.826,1.53,0.149,13.0
13.831,1.532,0.069,11.0
13.842,1.536,-0.009,17.0
13.861,1.54,-0.088,12.0
24.345,2.715,0.517,1.0
24.345,2.718,0.379,12.0
24.423,2.73,0.241,13.0
24.377,2.728,0.099,8.0
24.335,2.727,-0.038,11.0
24.31,2.727,-0.177,11.0
24.36,2.743,0.495,38.0
24.345,2.744,0.356,44.0
24.425,2.756,0.218,25.0
24.351,2.751,0.076,16.0
24.311,2.75,-0.061,17.0
24.29,2.751,-0.2,25.0
24.338,2.766,0.471,28.0
24.331,2.768,0.333,26.0
24.415,2.781,0.195,15.0
24.351,2.776,0.053,6.0
24.291,2.773,-0.085,16.0
24.283,2.775,-0.223,14.0
24.353,2.792,0.448,9.0
24.402,2.8,0.31,8.0
24.431,2.807,0.171,4.0
24.345,2.8,0.029,3.0
24.308,2.799,-0.109,4.0
24.278,2.798,-0.247,5.0
10.015,1.158,0.174,18.0
10.014,1.159,0.117,18.0
10.006,1.159,0.06,18.0
10.01,1.16,0.002,17.0
10.006,1.161,-0.054,17.0
10.009,1.163,-0.112,16.0
10.011,1.166,0.164,64.0
10.001,1.166,0.107,98.0
9.999,1.167,0.05,97.0
10.002,1.169,-0.007,49.0
10.01,1.171,-0.064,50.0
10.007,1.172,-0.122,20.0
9.995,1.173,0.154,74.0
10.001,1.175,0.097,147.0
9.997,1.176,0.039,134.0
9.994,1.176,-0.018,78.0
10.0,1.178,-0.075,74.0
9.995,1.179,-0.132,25.0
9.992,1.181,0.143,75.0
9.994,1.182,0.086,145.0
9.986,1.183,0.029,132.0
9.976,1.182,-0.028,80.0
9.991,1.185,-0.085,79.0
9.99,1.186,-0.142,39.0
9.985,1.188,0.133,72.0
9.986,1.189,0.075,137.0
9.982,1.19,0.018,129.0
9.974,1.19,-0.039,80.0
9.99,1.193,-0.096,67.0
9.984,1.193,-0.153,36.0
9.975,1.195,0.122,95.0
9.981,1.196,0.065,148.0
9.977,1.197,0.008,124.0
9.971,1.197,-0.049,93.0
9.984,1.199,-0.107,101.0
9.976,1.199,-0.164,41.0
9.978,1.202,0.111,88.0
9.973,1.202,0.054,150.0
9.971,1.203,-0.002,150.0
9.971,1.204,-0.06,99.0
9.974,1.205,-0.117,101.0
9.974,1.206,-0.175,58.0
9.975,1.208,0.1,106.0
9.976,1.209,0.043,150.0
9.976,1.21,-0.013,150.0
9.963,1.209,-0.071,107.0
9.974,1.211,-0.128,101.0
9.97,1.212,-0.185,56.0
9.97,1.214,0.089,107.0
9.973,1.215,0.032,150.0
9.97,1.215,-0.024,150.0
9.966,1.216,-0.082,114.0
9.969,1.217,-0.139,105.0
9.968,1.218,-0.196,61.0
9.97,1.22,0.078,110.0
9.972,1.22,0.021,150.0
9.974,1.221,-0.035,150.0
9.97,1.222,-0.094,123.0
9.976,1.223,-0.151,105.0
9.968,1.223,-0.208,70.0
9.97,1.225,0.066,116.0
9.968,1.225,0.009,148.0
9.974,1.227,-0.047,150.0
9.97,1.227,-0.105,119.0
9.978,1.228,-0.162,111.0
9.969,1.228,-0.219,74.0
9.974,1.23,0.055,117.0
9.982,1.232,-0.001,133.0
9.977,1.232,-0.058,150.0
9.965,1.231,-0.116,116.0
9.97,1.232,-0.173,109.0
9.97,1.233,-0.23,65.0
9.972,1.234,0.044,109.0
9.979,1.236,-0.012,57.0
9.974,1.236,-0.069,150.0
9.968,1.235,-0.128,111.0
9.97,1.236,-0.185,106.0
9.966,1.236,-0.242,59.0
9.979,1.239,0.033,98.0
9.967,1.238,-0.024,132.0
9.981,1.24,-0.081,150.0
9.964,1.239,-0.139,115.0
9.97,1.24,-0.196,108.0
9.97,1.241,-0.253,64.0
9.976,1.242,0.021,93.0
9.976,1.243,-0.035,150.0
9.971,1.242,-0.092,150.0
9.971,1.243,-0.15,101.0
9.973,1.244,-0.208,117.0
9.968,1.243,-0.265,66.0
9.976,1.245,0.01,84.0
9.975,1.245,-0.047,150.0
9.977,1.246,-0.104,150.0
9.969,1.245,-0.162,103.0
9.973,1.246,-0.219,105.0
9.974,1.247,-0.276,58.0
9.972,1.247,-0.001,50.0
9.98,1.248,-0.058,150.0
9.98,1.249,-0.115,150.0
9.969,1.248,-0.173,103.0
9.968,1.248,-0.23,106.0
9.965,1.248,-0.288,63.0
9.982,1.25,-0.012,30.0
9.969,1.249,-0.069,150.0
9.975,1.25,-0.127,150.0
9.969,1.249,-0.185,102.0
9.971,1.25,-0.242,105.0
9.968,1.25,-0.299,69.0
9.97,1.25,-0.024,79.0
9.978,1.252,-0.081,150.0
9.977,1.252,-0.138,150.0
9.968,1.251,-0.196,108.0
9.968,1.251,-0.253,108.0
9.967,1.251,-0.311,60.0
9.973,1.252,-0.035,102.0
9.977,1.252,-0.093,150.0
9.968,1.251,-0.149,150.0
9.971,1.252,-0.208,110.0
9.971,1.252,-0.265,108.0
9.969,1.252,-0.322,59.0
9.973,1.253,-0.047,102.0
9.972,1.253,-0.104,150.0
9.971,1.252,-0.161,150.0
9.967,1.252,-0.219,103.0
9.97,1.253,-0.277,104.0
9.969,1.253,-0.334,64.0
9.974,1.253,-0.058,112.0
9.975,1.253,-0.116,150.0
9.975,1.253,-0.173,150.0
9.968,1.252,-0.231,107.0
9.973,1.253,-0.288,112.0
9.967,1.252,-0.345,75.0
9.971,1.252,-0.07,116.0
9.973,1.252,-0.127,150.0
9.976,1.253,-0.184,150.0
9.967,1.252,-0.242,106.0
9.972,1.252,-0.3,113.0
9.976,1.253,-0.357,63.0
9.973,1.252,-0.081,99.0
9.979,1.252,-0.138,150.0
9.974,1.252,-0.196,150.0
9.967,1.251,-0.254,105.0
9.974,1.252,-0.311,115.0
9.97,1.251,-0.368,62.0
9.976,1.251,-0.092,101.0
9.973,1.25,-0.15,150.0
9.978,1.251,-0.207,150.0
9.97,1.25,-0.265,107.0
9.97,1.25,-0.322,109.0
9.967,1.249,-0.379,60.0
9.973,1.249,-0.104,104.0
9.961,1.247,-0.161,150.0
9.968,1.248,-0.218,150.0
9.97,1.248,-0.276,102.0
9.97,1.248,-0.333,110.0
9.971,1.248,-0.391,54.0
9.976,1.247,-0.115,101.0
9.966,1.245,-0.172,150.0
9.975,1.246,-0.229,150.0
9.96,1.244,-0.287,100.0
9.972,1.246,-0.345,110.0
9.967,1.245,-0.402,59.0
9.97,1.244,-0.126,113.0
9.972,1.244,-0.183,150.0
9.978,1.244,-0.24,150.0
9.962,1.242,-0.298,112.0
9.972,1.243,-0.355,107.0
9.968,1.242,-0.413,64.0
9.971,1.241,-0.137,105.0
9.974,1.241,-0.194,150.0
9.974,1.24,-0.251,150.0
9.967,1.239,-0.309,106.0
9.982,1.241,-0.367,108.0
9.969,1.239,-0.424,64.0
9.967,1.237,-0.147,109.0
9.971,1.237,-0.205,150.0
9.976,1.237,-0.262,150.0
9.967,1.236,-0.32,111.0
9.969,1.236,-0.377,114.0
9.968,1.235,-0.434,60.0
9.972,1.233,-0.158,114.0
9.971,1.233,-0.215,150.0
9.974,1.233,-0.272,150.0
9.97,1.232,-0.33,111.0
9.974,1.232,-0.388,117.0
9.968,1.231,-0.445,61.0
9.976,1.23,-0.169,113.0
9.967,1.228,-0.226,150.0
9.975,1.228,-0.283,150.0
9.968,1.227,-0.341,101.0
9.968,1.227,-0.398,103.0
9.973,1.227,-0.455,55.0
9.966,1.224,-0.179,113.0
9.975,1.224,-0.236,150.0
9.973,1.223,-0.293,150.0
9.97,1.222,-0.351,102.0
9.977,1.223,-0.409,95.0
9.979,1.223,-0.466,48.0
9.972,1.219,-0.189,112.0
9.975,1.219,-0.247,150.0
9.971,1.218,-0.303,150.0
9.971,1.217,-0.362,90.0
9.977,1.217,-0.419,94.0
9.974,1.217,-0.476,36.0
9.972,1.213,-0.199,91.0
9.975,1.213,-0.257,150.0
9.973,1.212,-0.314,150.0
9.973,1.211,-0.372,85.0
9.976,1.211,-0.429,85.0
9.984,1.212,-0.487,24.0
9.978,1.208,-0.21,93.0
9.981,1.207,-0.267,150.0
9.976,1.206,-0.324,139.0
9.979,1.206,-0.382,76.0
9.991,1.207,-0.439,76.0
9.992,1.206,-0.497,23.0
9.984,1.202,-0.219,75.0
9.981,1.201,-0.276,139.0
9.988,1.201,-0.334,138.0
9.988,1.2,-0.392,79.0
9.991,1.2,-0.449,77.0
9.992,1.199,-0.506,30.0
9.989,1.196,-0.229,71.0
9.998,1.196,-0.286,146.0
9.99,1.194,-0.343,132.0
9.991,1.193,-0.401,66.0
10.006,1.194,-0.459,72.0
10.0,1.193,-0.516,35.0
9.999,1.189,-0.239,79.0
10.004,1.189,-0.296,135.0
10.001,1.188,-0.353,123.0
9.998,1.187,-0.411,64.0
10.011,1.188,-0.469,68.0
10.007,1.186,-0.526,22.0
10.007,1.182,-0.248,72.0
10.008,1.182,-0.305,106.0
10.008,1.181,-0.362,94.0
10.004,1.179,-0.42,22.0
10.015,1.18,-0.478,19.0
10.007,1.178,-0.535,17.0
10.014,1.175,-0.257,28.0
10.019,1.175,-0.314,26.0
10.008,1.172,-0.371,18.0
13.357,1.564,-0.573,4.0
13.063,1.528,-0.635,0.0
10.001,1.169,-0.543,13.0
10.015,1.167,-0.266,16.0
13.822,1.609,-0.446,5.0
13.725,1.596,-0.521,6.0
13.283,1.543,-0.581,6.0
13.02,1.512,-0.644,4.0
10.024,1.163,-0.553,2.0
13.834,1.599,-0.379,6.0
13.795,1.593,-0.456,8.0
13.699,1.581,-0.532,8.0
13.199,1.522,-0.589,8.0
12.864,1.482,-0.647,4.0
11.876,1.367,-0.665,1.0
13.828,1.586,-0.39,15.0
13.783,1.579,-0.467,14.0
13.654,1.563,-0.541,11.0
13.093,1.497,-0.594,8.0
12.741,1.455,-0.651,3.0
11.751,1.341,-0.668,1.0
13.813,1.57,-0.401,21.0
13.764,1.563,-0.478,15.0
13.58,1.54,-0.549,9.0
13.091,1.484,-0.605,9.0
12.601,1.427,-0.654,2.0
11.607,1.313,-0.668,1.0
13.796,1.554,-0.411,19.0
13.748,1.547,-0.487,18.0
13.472,1.514,-0.555,8.0
13.068,1.467,-0.613,9.0
12.442,1.396,-0.655,1.0
11.531,1.292,-0.673,2.0
13.778,1.538,-0.421,22.0
13.733,1.531,-0.497,20.0
13.432,1.495,-0.563,8.0
13.075,1.454,-0.623,9.0
12.31,1.368,-0.657,1.0
11.44,1.27,-0.676,2.0
13.78,1.523,-0.43,27.0
13.72,1.514,-0.506,19.0
13.385,1.476,-0.57,9.0
13.065,1.439,-0.632,10.0
12.252,1.348,-0.662,2.0
11.348,1.247,-0.678,1.0
13.775,1.507,-0.44,29.0
13.711,1.498,-0.515,19.0
13.309,1.452,-0.576,11.0
13.06,1.423,-0.641,11.0
12.163,1.324,-0.666,1.0
11.25,1.223,-0.68,1.0
13.773,1.491,-0.448,34.0
13.699,1.481,-0.524,17.0
13.228,1.428,-0.581,12.0
12.997,1.401,-0.646,7.0
12.076,1.3,-0.668,2.0
11.171,1.201,-0.682,1.0
13.768,1.474,-0.457,35.0
13.68,1.463,-0.531,14.0
13.19,1.408,-0.587,12.0
12.912,1.377,-0.649,5.0
11.96,1.273,-0.669,1.0
11.08,1.178,-0.683,1.0
13.769,1.457,-0.465,33.0
13.672,1.445,-0.539,12.0
13.198,1.393,-0.595,9.0
12.849,1.354,-0.653,4.0
11.876,1.25,-0.671,2.0
11.009,1.157,-0.685,1.0
13.77,1.44,-0.473,32.0
13.636,1.424,-0.545,11.0
13.118,1.368,-0.599,8.0
12.787,1.331,-0.657,2.0
11.792,1.226,-0.673,2.0
10.977,1.14,-0.689,1.0
13.747,1.42,-0.479,24.0
13.597,1.402,-0.551,12.0
13.079,1.347,-0.604,8.0
12.671,1.303,-0.658,2.0
11.698,1.201,-0.673,1.0
10.908,1.118,-0.69,2.0
13.745,1.402,-0.486,24.0
13.535,1.378,-0.555,12.0
13.094,1.331,-0.61,9.0
12.583,1.277,-0.659,2.0
11.648,1.18,-0.676,2.0
10.852,1.098,-0.691,2.0
13.739,1.383,-0.492,18.0
13.558,1.362,-0.562,12.0
13.092,1.313,-0.616,9.0
12.525,1.254,-0.662,2.0
11.611,1.161,-0.679,2.0
10.827,1.081,-0.694,2.0
13.73,1.363,-0.497,17.0
13.522,1.34,-0.566,12.0
13.078,1.293,-0.621,9.0
12.452,1.229,-0.663,2.0
11.577,1.141,-0.682,1.0
10.777,1.06,-0.695,2.0
13.728,1.343,-0.503,18.0
13.495,1.318,-0.57,11.0
13.078,1.275,-0.626,11.0
12.406,1.207,-0.665,3.0
11.533,1.12,-0.683,1.0
10.75,1.042,-0.698,1.0
13.722,1.323,-0.507,20.0
13.485,1.298,-0.574,11.0
13.057,1.254,-0.629,11.0
12.381,1.187,-0.668,3.0
11.466,1.097,-0.683,1.0
10.711,1.023,-0.698,1.0
13.743,1.305,-0.512,20.0
13.46,1.276,-0.577,11.0
13.066,1.236,-0.634,11.0
12.358,1.167,-0.67,3.0
11.431,1.077,-0.684,1.0
10.671,1.004,-0.699,1.0
13.751,1.286,-0.516,18.0
13.389,1.249,-0.578,13.0
13.071,1.217,-0.638,12.0
12.362,1.148,-0.674,3.0
11.409,1.058,-0.686,2.0
10.628,0.983,-0.699,1.0
13.764,1.266,-0.52,19.0
13.443,1.234,-0.583,12.0
13.071,1.197,-0.641,11.0
12.338,1.128,-0.675,3.0
11.414,1.041,-0.689,2.0
10.629,0.967,-0.701,1.0
13.778,1.246,-0.524,18.0
13.433,1.212,-0.586,12.0
13.072,1.177,-0.643,10.0
12.359,1.11,-0.679,2.0
11.402,1.022,-0.69,1.0
10.617,0.95,-0.702,1.0
13.785,1.226,-0.526,15.0
13.472,1.195,-0.589,12.0
13.068,1.157,-0.645,10.0
12.332,1.089,-0.679,2.0
11.372,1.002,-0.69,1.0
10.626,0.934,-0.704,1.0
13.807,1.206,-0.529,15.0
13.49,1.176,-0.592,11.0
13.071,1.136,-0.647,10.0
12.332,1.07,-0.68,3.0
11.367,0.983,-0.691,2.0
10.635,0.918,-0.706,1.0
13.838,1.187,-0.531,13.0
13.467,1.152,-0.592,9.0
13.067,1.115,-0.647,8.0
12.326,1.049,-0.681,3.0
11.384,0.967,-0.692,2.0
10.614,0.899,-0.705,1.0
13.903,1.17,-0.534,13.0
13.441,1.128,-0.591,8.0
13.067,1.094,-0.648,10.0
12.354,1.032,-0.683,3.0
11.399,0.949,-0.694,2.0
10.62,0.882,-0.706,2.0
14.035,1.158,-0.539,12.0
13.477,1.109,-0.593,11.0
13.064,1.072,-0.648,10.0
12.364,1.012,-0.683,3.0
11.412,0.932,-0.694,2.0
10.644,0.867,-0.707,2.0
14.189,1.148,-0.545,13.0
13.489,1.088,-0.593,12.0
13.073,1.052,-0.648,9.0
12.35,0.991,-0.682,2.0
11.453,0.916,-0.696,2.0
10.668,0.851,-0.708,2.0
14.351,1.137,-0.55,10.0
13.488,1.066,-0.592,12.0
13.073,1.03,-0.646,9.0
12.341,0.969,-0.68,3.0
11.482,0.899,-0.697,2.0
10.697,0.835,-0.709,2.0
14.364,1.114,-0.549,9.0
13.519,1.046,-0.592,11.0
13.068,1.008,-0.644,10.0
12.389,0.952,-0.681,4.0
11.505,0.882,-0.696,2.0
10.743,0.821,-0.71,2.0
14.558,1.105,-0.554,7.0
13.589,1.028,-0.593,11.0
13.069,0.986,-0.642,10.0
12.425,0.934,-0.681,3.0
11.528,0.864,-0.696,2.0
10.785,0.806,-0.711,1.0
14.695,1.09,-0.557,5.0
13.661,1.01,-0.593,12.0
13.089,0.965,-0.641,9.0
12.482,0.917,-0.681,3.0
11.568,0.847,-0.696,2.0
10.824,0.79,-0.711,1.0
14.794,1.073,-0.557,4.0
13.749,0.993,-0.594,13.0
13.069,0.941,-0.637,8.0
12.556,0.901,-0.682,3.0
11.637,0.832,-0.697,3.0
10.853,0.774,-0.71,2.0
15.078,1.067,-0.564,2.0
13.833,0.976,-0.593,13.0
13.082,0.92,-0.633,8.0
12.654,0.887,-0.684,2.0
11.709,0.817,-0.697,3.0
10.894,0.758,-0.709,3.0
15.308,1.057,-0.568,2.0
13.906,0.957,-0.592,14.0
13.13,0.9,-0.631,8.0
12.74,0.87,-0.684,3.0
11.79,0.803,-0.698,3.0
10.939,0.742,-0.708,2.0
15.639,1.053,-0.574,2.0
14.032,0.941,-0.592,15.0
13.228,0.884,-0.631,10.0
12.836,0.855,-0.684,3.0
11.909,0.79,-0.701,1.0
11.007,0.727,-0.708,2.0
15.927,1.045,-0.579,2.0
14.224,0.93,-0.595,14.0
13.261,0.863,-0.627,9.0
12.926,0.838,-0.684,4.0
12.011,0.776,-0.701,1.0
11.098,0.714,-0.709,2.0
16.054,1.025,-0.576,4.0
14.511,0.923,-0.6,15.0
13.435,0.851,-0.629,11.0
12.995,0.82,-0.682,6.0
12.077,0.759,-0.7,1.0
11.198,0.701,-0.71,2.0
16.177,1.004,-0.573,4.0
14.613,0.903,-0.597,21.0
13.559,0.835,-0.629,12.0
13.043,0.8,-0.677,11.0
12.194,0.744,-0.7,2.0
11.305,0.687,-0.711,1.0
16.314,0.984,-0.569,3.0
14.646,0.88,-0.591,20.0
13.621,0.814,-0.624,11.0
13.065,0.778,-0.672,10.0
12.261,0.727,-0.697,2.0
11.385,0.672,-0.71,1.0
16.485,0.966,-0.566,3.0
14.666,0.855,-0.583,17.0
13.704,0.795,-0.62,11.0
13.064,0.755,-0.664,9.0
12.375,0.712,-0.697,2.0
11.495,0.658,-0.71,2.0
16.678,0.948,-0.563,2.0
14.679,0.83,-0.575,10.0
13.819,0.778,-0.617,13.0
13.063,0.732,-0.656,9.0
12.499,0.697,-0.696,2.0
11.59,0.643,-0.708,1.0
16.981,0.935,-0.562,3.0
14.959,0.82,-0.576,6.0
14.124,0.77,-0.621,14.0
13.073,0.709,-0.647,8.0
12.631,0.682,-0.694,3.0
11.74,0.631,-0.709,2.0
17.247,0.919,-0.559,2.0
15.358,0.815,-0.581,2.0
14.417,0.761,-0.624,15.0
13.289,0.698,-0.649,10.0
12.865,0.672,-0.698,3.0
11.851,0.616,-0.708,2.0
17.49,0.902,-0.554,2.0
15.831,0.812,-0.587,2.0
14.528,0.741,-0.618,19.0
13.427,0.682,-0.645,12.0
13.009,0.657,-0.696,5.0
12.006,0.603,-0.708,3.0
17.724,0.883,-0.548,2.0
16.076,0.796,-0.584,2.0
14.637,0.721,-0.611,19.0
13.602,0.666,-0.643,13.0
13.067,0.637,-0.689,8.0
12.181,0.59,-0.708,3.0
18.008,0.865,-0.542,3.0
16.341,0.781,-0.581,3.0
14.653,0.696,-0.6,26.0
13.746,0.649,-0.639,13.0
13.06,0.614,-0.678,10.0
12.325,0.576,-0.706,3.0
18.283,0.847,-0.535,3.0
16.563,0.763,-0.574,2.0
14.678,0.672,-0.588,12.0
14.044,0.639,-0.64,14.0
13.066,0.591,-0.666,10.0
12.487,0.562,-0.704,3.0
18.627,0.831,-0.529,3.0
16.952,0.751,-0.573,2.0
14.978,0.66,-0.587,7.0
14.336,0.628,-0.641,15.0
13.064,0.568,-0.654,8.0
12.722,0.55,-0.706,3.0
18.985,0.814,-0.522,3.0
17.274,0.736,-0.568,2.0
15.571,0.659,-0.596,2.0
14.499,0.61,-0.634,14.0
13.26,0.554,-0.652,10.0
12.88,0.535,-0.703,6.0
19.382,0.798,-0.514,3.0
17.598,0.719,-0.562,5.0
15.909,0.646,-0.593,6.0
14.61,0.589,-0.625,13.0
13.437,0.538,-0.647,6.0
13.043,0.519,-0.699,9.0
19.804,0.781,-0.506,3.0
17.877,0.7,-0.553,3.0
16.186,0.63,-0.587,3.0
14.645,0.566,-0.612,13.0
13.699,0.525,-0.646,3.0
13.058,0.497,-0.686,9.0
20.303,0.766,-0.498,4.0
18.321,0.687,-0.547,3.0
16.652,0.62,-0.587,3.0
14.634,0.541,-0.596,10.0
13.769,0.505,-0.634,1.0
13.27,0.483,-0.683,3.0
20.769,0.749,-0.487,4.0
18.72,0.67,-0.539,3.0
17.024,0.605,-0.582,4.0
15.1,0.532,-0.598,2.0
13.841,0.484,-0.622,0.0
13.576,0.471,-0.683,4.0
21.244,0.73,-0.475,4.0
19.165,0.654,-0.53,3.0
17.38,0.588,-0.574,4.0
15.768,0.529,-0.607,2.0
14.04,0.467,-0.615,1.0
13.862,0.458,-0.682,4.0
21.92,0.717,-0.464,4.0
19.643,0.637,-0.521,3.0
17.74,0.571,-0.565,5.0
16.108,0.514,-0.601,2.0
14.334,0.454,-0.611,1.0
14.128,0.443,-0.678,4.0
22.954,0.713,-0.459,5.0
20.152,0.621,-0.511,3.0
18.183,0.555,-0.558,3.0
16.493,0.499,-0.596,2.0
14.75,0.442,-0.611,3.0
14.35,0.427,-0.671,6.0
23.77,0.699,-0.447,3.0
20.735,0.604,-0.5,4.0
18.659,0.539,-0.549,4.0
16.951,0.485,-0.591,2.0
15.557,0.441,-0.625,5.0
14.479,0.407,-0.659,5.0
27.434,0.762,-0.481,1.0
21.321,0.587,-0.487,4.0
19.136,0.522,-0.539,3.0
17.328,0.468,-0.582,4.0
15.829,0.423,-0.616,3.0
14.703,0.389,-0.65,5.0
28.205,0.739,-0.458,1.0
21.985,0.57,-0.474,4.0
19.672,0.504,-0.528,3.0
17.688,0.449,-0.571,5.0
16.243,0.408,-0.61,3.0
14.955,0.372,-0.641,4.0
29.057,0.715,-0.434,1.0
23.168,0.564,-0.469,5.0
20.277,0.488,-0.517,3.0
18.187,0.433,-0.563,3.0
16.62,0.391,-0.602,2.0
15.265,0.356,-0.634,4.0
29.838,0.687,-0.405,2.0
26.831,0.611,-0.506,2.0
20.912,0.47,-0.505,4.0
18.725,0.416,-0.553,3.0
16.994,0.374,-0.592,2.0
15.6,0.339,-0.626,4.0
30.901,0.663,-0.376,2.0
27.52,0.584,-0.48,1.0
21.557,0.452,-0.49,4.0
19.125,0.396,-0.538,7.0
17.531,0.358,-0.586,2.0
15.99,0.323,-0.619,4.0
32.344,0.645,-0.348,1.0
28.488,0.561,-0.457,1.0
22.315,0.433,-0.476,4.0
19.754,0.379,-0.527,7.0
17.999,0.341,-0.575,3.0
16.428,0.307,-0.612,4.0
36.777,0.678,-0.343,2.0
29.372,0.534,-0.428,2.0
26.477,0.475,-0.526,1.0
20.325,0.359,-0.513,4.0
18.588,0.324,-0.567,4.0
17.0,0.292,-0.608,2.0
36.967,0.627,-0.29,6.0
30.355,0.507,-0.397,2.0
27.09,0.446,-0.497,1.0
21.208,0.344,-0.503,4.0
19.094,0.305,-0.553,3.0
17.633,0.277,-0.604,4.0
37.473,0.58,-0.237,13.0
31.644,0.482,-0.366,1.0
28.003,0.419,-0.471,1.0
21.904,0.323,-0.486,4.0
19.708,0.285,-0.54,3.0
18.346,0.261,-0.6,6.0
38.126,0.534,-0.181,51.0
33.234,0.458,-0.333,1.0
29.154,0.394,-0.445,2.0
26.013,0.346,-0.536,1.0
20.439,0.267,-0.528,3.0
19.188,0.246,-0.597,8.0
39.166,0.493,-0.125,45.0
37.122,0.459,-0.313,4.0
29.96,0.364,-0.41,2.0
26.764,0.318,-0.509,3.0
21.198,0.247,-0.514,4.0
20.093,0.229,-0.593,7.0
43.947,0.492,-0.07,18.0
37.557,0.412,-0.256,13.0
31.258,0.336,-0.377,1.0
27.64,0.29,-0.481,1.0
21.947,0.226,-0.497,4.0
21.149,0.212,-0.589,4.0
46.628,0.458,0.002,32.0
38.271,0.368,-0.198,40.0
33.025,0.309,-0.344,1.0
28.856,0.264,-0.454,1.0
25.847,0.231,-0.542,1.0
22.221,0.193,-0.582,2.0
47.964,0.407,0.081,62.0
39.293,0.325,-0.138,41.0
37.457,0.301,-0.327,1.0
29.769,0.233,-0.419,2.0
26.705,0.203,-0.515,1.0
23.834,0.176,-0.585,2.0
48.137,0.345,0.162,52.0
44.332,0.308,-0.081,18.0
37.837,0.255,-0.267,9.0
31.022,0.202,-0.384,2.0
27.638,0.174,-0.486,1.0
24.728,0.15,-0.564,1.0
55.045,0.324,0.28,71.0
46.735,0.265,-0.005,28.0
38.618,0.211,-0.206,33.0
32.889,0.172,-0.35,1.0
28.782,0.145,-0.457,2.0
25.792,0.124,-0.544,2.0
59.349,0.275,0.404,75.0
54.318,0.24,0.087,28.0
39.763,0.167,-0.143,32.0
37.783,0.151,-0.336,9.0
29.839,0.113,-0.421,1.0
26.726,0.096,-0.516,2.0
79.448,0.269,0.682,132.0
59.122,0.189,0.199,9.0
0.0,0.0,0.0,0.0
38.17,0.106,-0.272,7.0
31.175,0.08,-0.384,1.0
27.771,0.066,-0.487,1.0
79.462,0.174,0.824,151.0
75.877,0.151,0.392,10.0
0.0,0.0,0.0,0.0
39.037,0.062,-0.208,22.0
33.134,0.046,-0.349,1.0
28.953,0.035,-0.455,2.0
79.462,0.082,0.966,151.0
79.271,0.066,0.553,11.0
0.0,0.0,0.0,0.0
40.505,0.018,-0.142,16.0
38.284,0.01,-0.333,1.0
29.991,0.002,-0.417,1.0
79.46,-0.008,1.111,151.0
79.445,-0.022,0.698,150.0
61.531,-0.028,0.22,12.0
0.0,0.0,0.0,0.0
38.722,-0.032,-0.267,6.0
31.388,-0.031,-0.379,1.0
79.453,-0.095,1.257,151.0
79.47,-0.11,0.844,154.0
76.356,-0.119,0.414,12.0
47.755,-0.083,0.006,20.0
39.819,-0.076,-0.2,15.0
33.126,-0.069,-0.338,1.0
79.444,-0.18,1.404,167.0
79.461,-0.194,0.992,152.0
79.313,-0.208,0.579,46.0
0.0,0.0,0.0,0.0
41.67,-0.123,-0.131,17.0
38.958,-0.122,-0.324,0.0
79.419,-0.263,1.552,255.0
79.455,-0.277,1.142,153.0
79.467,-0.29,0.73,150.0
61.383,-0.234,0.24,13.0
45.098,-0.179,-0.057,19.0
39.414,-0.163,-0.254,5.0
79.429,-0.343,1.703,178.0
79.448,-0.356,1.293,177.0
79.46,-0.369,0.881,163.0
76.706,-0.369,0.446,14.0
0.0,0.0,0.0,0.0
40.175,-0.205,-0.182,3.0
79.43,-0.421,1.855,178.0
79.435,-0.433,1.445,184.0
79.459,-0.445,1.033,167.0
79.364,-0.457,0.614,111.0
56.079,-0.332,0.144,7.0
44.004,-0.267,-0.114,3.0
79.428,-0.495,2.008,166.0
79.433,-0.507,1.598,189.0
79.446,-0.519,1.187,174.0
79.454,-0.53,0.767,169.0
76.917,-0.525,0.345,5.0
46.98,-0.327,-0.031,2.0
79.438,-0.567,2.162,151.0
79.423,-0.578,1.75,200.0
79.438,-0.59,1.34,177.0
79.456,-0.601,0.922,183.0
0.0,0.0,0.0,0.0
51.858,-0.407,0.066,1.0
79.415,-0.636,2.318,150.0
79.433,-0.648,1.909,179.0
79.441,-0.658,1.497,177.0
79.452,-0.669,1.079,179.0
79.457,-0.68,0.669,150.0
60.982,-0.529,0.198,6.0
79.424,-0.702,2.473,150.0
79.445,-0.713,2.065,152.0
79.432,-0.723,1.653,183.0
79.437,-0.733,1.235,208.0
79.454,-0.743,0.825,169.0
77.467,-0.734,0.405,10.0
79.435,-0.765,2.63,151.0
79.445,-0.775,2.221,152.0
79.427,-0.785,1.81,190.0
79.439,-0.794,1.391,187.0
79.449,-0.804,0.981,163.0
79.176,-0.811,0.57,49.0
79.433,-0.826,2.788,151.0
79.447,-0.835,2.378,151.0
79.433,-0.844,1.968,167.0
79.43,-0.853,1.549,195.0
79.394,-0.862,1.139,255.0
79.431,-0.871,0.731,150.0
79.418,-0.883,2.947,150.0
79.429,-0.892,2.537,150.0
79.421,-0.9,2.126,150.0
79.443,-0.909,1.708,157.0
79.404,-0.917,1.298,255.0
79.444,-0.926,0.889,34.0
79.405,-0.938,3.105,129.0
79.406,-0.945,2.694,56.0
79.435,-0.954,2.285,4.0
79.438,-0.962,1.867,3.0
79.434,-0.969,1.457,7.0
79.485,-0.978,1.049,94.0
86.021,-1.072,3.536,150.0
0.0,0.0,0.0,0.0
109.483,-1.384,3.369,7.0
86.857,-1.106,2.216,2.0
86.933,-1.114,1.769,36.0
86.942,-1.122,1.321,111.0
91.092,-1.19,3.928,37.0
99.482,-1.309,3.775,8.0
86.903,-1.15,2.849,8.0
86.942,-1.158,2.393,70.0
86.93,-1.165,1.943,59.0
183.425,-2.473,3.156,36.0
85.801,-1.17,3.872,151.0
99.493,-1.365,3.976,54.0
86.913,-1.198,3.023,15.0
151.472,-2.101,4.472,18.0
183.37,-2.557,4.468,57.0
183.391,-2.571,3.523,82.0
79.186,-1.122,3.732,150.0
91.447,-1.302,3.838,79.0
128.957,-1.846,4.747,22.0
151.48,-2.179,4.779,83.0
151.473,-2.189,3.997,51.0
187.143,-2.717,3.974,17.0
79.184,-1.161,3.893,31.0
91.501,-1.348,4.026,26.0
128.149,-1.896,4.978,40.0
151.413,-2.251,5.086,46.0
151.47,-2.26,4.305,88.0
187.115,-2.803,4.355,22.0
90.885,-1.375,4.654,14.0
91.216,-1.386,4.2,79.0
91.51,-1.395,3.74,41.0
129.138,-1.976,4.6,14.0
151.459,-2.326,4.613,91.0
183.537,-2.827,4.643,40.0
83.886,-1.305,4.467,40.0
90.833,-1.417,4.366,54.0
91.449,-1.431,3.924,62.0
128.161,-2.011,4.823,22.0
151.425,-2.384,4.919,83.0
151.474,-2.392,4.14,82.0
83.927,-1.338,4.64,61.0
90.848,-1.451,4.553,16.0
91.47,-1.465,4.112,55.0
128.072,-2.057,5.082,29.0
184.536,-2.971,6.374,32.0
151.488,-2.445,4.45,85.0
84.051,-1.368,4.818,37.0
101.145,-1.65,5.275,26.0
91.183,-1.491,4.284,79.0
128.234,-2.1,5.348,16.0
185.838,-3.05,6.793,19.0
151.459,-2.49,4.754,87.0
98.75,-1.637,5.861,20.0
90.843,-1.509,4.921,20.0
90.749,-1.51,4.446,22.0
92.986,-1.549,4.065,45.0
185.338,-3.092,7.144,28.0
151.438,-2.53,5.057,50.0
85.249,-1.436,5.23,55.0
90.794,-1.531,5.099,41.0
126.971,-2.144,6.475,35.0
99.19,-1.677,4.536,22.0
128.546,-2.174,5.212,22.0
184.343,-3.121,6.524,33.0
85.609,-1.462,5.425,25.0
84.111,-1.437,4.893,40.0
83.857,-1.433,4.445,12.0
90.82,-1.553,4.335,51.0
93.031,-1.592,3.96,8.0
185.715,-3.179,6.945,31.0
126.352,-2.181,8.261,23.0
125.88,-2.174,7.576,32.0
83.823,-1.447,4.61,42.0
127.115,-2.195,6.321,20.0
92.997,-1.606,4.143,42.0
184.488,-3.186,7.264,22.0
126.456,-2.202,8.52,33.0
85.341,-1.486,5.306,69.0
84.129,-1.464,4.794,32.0
127.199,-2.213,6.577,33.0
99.223,-1.725,4.617,15.0
128.542,-2.234,5.315,35.0
101.31,-1.775,7.026,18.0
85.766,-1.502,5.503,13.0
84.1,-1.471,4.958,29.0
83.803,-1.465,4.497,31.0
90.824,-1.587,4.404,49.0
93.034,-1.623,4.029,25.0
63.902,-1.124,4.558,13.0
126.459,-2.222,8.361,28.0
85.177,-1.495,5.188,26.0
83.83,-1.47,4.663,15.0
127.136,-2.227,6.413,31.0
93.0,-1.626,4.209,33.0
63.91,-1.126,4.684,55.0
126.283,-2.223,8.598,31.0
85.433,-1.501,5.373,69.0
84.101,-1.475,4.843,46.0
127.217,-2.229,6.665,32.0
90.771,-1.587,4.285,29.0
63.919,-1.126,4.81,27.0
101.302,-1.782,7.094,16.0
126.308,-2.217,8.189,15.0
125.901,-2.206,7.496,30.0
83.8,-1.464,4.554,45.0
90.888,-1.585,4.468,17.0
63.872,-1.123,4.931,25.0
63.91,-1.121,4.601,28.0
126.482,-2.212,8.447,30.0
85.271,-1.488,5.242,66.0
84.133,-1.465,4.735,13.0
127.185,-2.208,6.498,30.0
54.219,-0.948,4.291,36.0
63.895,-1.115,4.724,66.0
101.365,-1.764,6.963,17.0
85.675,-1.486,5.431,27.0
84.112,-1.455,4.894,39.0
83.843,-1.446,4.441,15.0
40.753,-0.708,3.302,69.0
41.142,-0.712,3.119,26.0
63.936,-1.104,4.513,11.0
126.354,-2.175,8.248,25.0
85.179,-1.461,5.117,18.0
90.84,-1.553,4.985,20.0
40.87,-0.704,3.39,52.0
54.272,-0.931,4.218,40.0
63.874,-1.092,4.631,65.0
126.403,-2.153,8.493,29.0
85.325,-1.448,5.288,60.0
90.817,-1.535,5.155,19.0
49.103,-0.836,4.167,8.0
54.207,-0.919,4.316,18.0
63.737,-1.076,4.741,38.0
94.696,-1.592,6.54,5.0
94.343,-1.58,6.024,12.0
98.752,-1.647,5.79,15.0
40.479,-0.68,3.51,50.0
40.678,-0.68,3.314,62.0
54.287,-0.904,4.139,18.0
63.844,-1.057,4.527,28.0
125.037,-2.062,8.212,30.0
85.274,-1.4,5.156,42.0
49.929,-0.825,4.422,19.0
40.692,-0.669,3.39,52.0
54.271,-0.888,4.237,21.0
63.46,-1.033,4.616,83.0
101.311,-1.641,6.839,5.0
98.719,-1.59,6.149,10.0
40.508,-0.657,3.663,36.0
49.101,-0.793,4.181,10.0
40.8,-0.654,3.26,39.0
63.763,-1.018,4.753,14.0
63.48,-1.008,4.399,3.0
98.67,-1.558,6.323,17.0
48.114,-0.764,4.437,5.0
40.455,-0.639,3.518,46.0
40.723,-0.639,3.327,57.0
41.131,-0.642,3.139,54.0
63.443,-0.984,4.509,67.0
98.642,-1.521,6.495,17.0
48.149,-0.747,4.525,10.0
49.914,-0.77,4.428,13.0
40.914,-0.626,3.414,39.0
40.982,-0.623,3.2,41.0
63.882,-0.965,4.653,18.0
98.567,-1.479,6.663,5.0
39.94,-0.603,3.825,68.0
40.159,-0.602,3.634,50.0
40.785,-0.607,3.475,43.0
40.827,-0.603,3.26,43.0
41.087,-0.603,3.064,8.0
63.409,-0.923,4.396,31.0
39.537,-0.58,3.855,62.0
39.907,-0.581,3.68,45.0
49.833,-0.72,4.333,8.0
40.649,-0.582,3.315,64.0
41.125,-0.584,3.137,51.0
63.603,-0.897,4.518,38.0
39.642,-0.562,3.933,59.0
47.667,-0.671,4.477,13.0
56.682,-0.791,5.024,10.0
40.675,-0.563,3.386,54.0
41.005,-0.562,3.197,46.0
82.392,-1.12,5.99,25.0
39.935,-0.547,4.03,45.0
39.613,-0.537,3.787,51.0
39.972,-0.537,3.609,63.0
40.432,-0.538,3.433,59.0
41.121,-0.542,3.274,36.0
41.361,-0.54,3.075,13.0
39.562,-0.52,4.058,55.0
39.506,-0.514,3.842,47.0
47.758,-0.615,4.392,7.0
40.688,-0.518,3.521,53.0
40.915,-0.516,3.325,43.0
41.238,-0.515,3.133,53.0
39.437,-0.496,4.109,36.0
39.791,-0.495,3.934,24.0
47.719,-0.587,4.465,4.0
41.307,-0.502,3.641,32.0
40.625,-0.488,3.365,59.0
41.404,-0.492,3.211,44.0
39.412,-0.471,4.17,61.0
39.767,-0.47,3.995,41.0
40.114,-0.469,3.816,18.0
47.86,-0.552,4.294,6.0
41.063,-0.468,3.466,43.0
49.123,-0.553,3.886,7.0
39.453,-0.447,4.236,56.0
39.291,-0.439,4.009,57.0
39.722,-0.439,3.841,23.0
39.905,-0.435,3.641,56.0
47.904,-0.515,4.117,9.0
40.555,-0.43,3.27,69.0
39.416,-0.421,4.292,69.0
39.582,-0.416,4.099,28.0
39.638,-0.411,3.893,47.0
40.553,-0.414,3.762,30.0
47.884,-0.482,4.187,37.0
40.149,-0.398,3.297,59.0
39.753,-0.397,4.389,63.0
39.574,-0.389,4.157,51.0
39.534,-0.382,3.941,51.0
39.525,-0.376,3.725,32.0
47.916,-0.449,4.26,13.0
40.02,-0.369,3.345,53.0
39.82,-0.368,4.455,53.0
39.655,-0.361,4.223,57.0
39.358,-0.352,3.981,66.0
39.512,-0.347,3.78,68.0
39.972,-0.345,3.611,64.0
40.13,-0.34,3.411,61.0
40.383,-0.343,4.577,54.0
40.33,-0.336,4.353,47.0
39.509,-0.323,4.053,72.0
39.514,-0.317,3.837,63.0
40.105,-0.315,3.679,55.0
40.172,-0.309,3.471,44.0
40.416,-0.313,4.637,64.0
44.001,-0.333,4.811,4.0
39.531,-0.292,4.109,55.0
39.534,-0.286,3.893,65.0
39.919,-0.282,3.717,43.0
40.07,-0.277,3.517,43.0
41.96,-0.291,4.871,2.0
40.009,-0.27,4.429,54.0
39.6,-0.26,4.17,46.0
39.398,-0.252,3.933,65.0
39.85,-0.249,3.764,46.0
40.07,-0.243,3.57,36.0
39.653,-0.242,4.657,52.0
40.317,-0.239,4.517,53.0
40.296,-0.231,4.297,36.0
39.558,-0.22,4.001,59.0
42.418,-0.229,4.062,19.0
42.591,-0.223,3.85,12.0
39.697,-0.208,4.714,30.0
40.524,-0.205,4.592,41.0
40.271,-0.197,4.346,46.0
39.858,-0.188,4.082,58.0
39.954,-0.181,3.876,43.0
0.0,0.0,0.0,0.0
39.74,-0.173,4.769,53.0
46.881,-0.197,5.371,5.0
40.045,-0.161,4.371,57.0
40.13,-0.153,4.159,63.0
39.996,-0.146,3.93,50.0
41.938,-0.146,3.894,29.0
39.503,-0.137,4.789,53.0
39.833,-0.131,4.612,46.0
39.9,-0.124,4.404,67.0
39.987,-0.116,4.193,26.0
40.279,-0.11,4.005,44.0
41.447,-0.106,3.898,16.0
39.593,-0.101,4.847,47.0
39.783,-0.094,4.654,69.0
40.393,-0.088,4.505,43.0
40.783,-0.081,4.324,35.0
40.961,-0.074,4.12,41.0
0.0,0.0,0.0,0.0
39.542,-0.063,4.887,60.0
40.081,-0.056,4.735,49.0
40.425,-0.049,4.555,41.0
41.061,-0.042,4.399,45.0
40.388,-0.034,4.108,53.0
40.793,-0.027,3.928,25.0
39.577,-0.024,4.935,48.0
39.998,-0.017,4.769,63.0
39.883,-0.01,4.538,67.0
40.779,-0.002,4.413,41.0
40.282,0.004,4.14,50.0
40.585,0.012,3.951,66.0
39.515,0.014,4.969,61.0
39.939,0.021,4.804,34.0
39.707,0.029,4.559,54.0
40.137,0.037,4.385,51.0
40.046,0.044,4.157,58.0
40.252,0.052,3.96,57.0
39.418,0.053,4.998,63.0
39.644,0.061,4.809,20.0
39.592,0.068,4.586,46.0
39.991,0.077,4.41,48.0
40.447,0.085,4.239,51.0
40.15,0.092,3.989,70.0
39.535,0.093,5.052,46.0
43.059,0.11,5.266,21.0
39.693,0.11,4.636,25.0
40.26,0.119,4.478,46.0
40.695,0.128,4.304,38.0
40.109,0.134,4.023,63.0
39.817,0.136,5.126,56.0
43.163,0.155,5.319,19.0
39.689,0.151,4.672,31.0
40.258,0.161,4.514,56.0
40.062,0.168,4.273,56.0
40.227,0.176,4.071,64.0
39.715,0.178,5.148,73.0
40.739,0.19,5.057,59.0
40.155,0.195,4.763,25.0
40.32,0.204,4.557,30.0
40.141,0.211,4.316,57.0
40.265,0.219,4.109,49.0
39.531,0.219,5.159,59.0
40.003,0.23,5.0,60.0
39.772,0.236,4.751,53.0
40.2,0.246,4.577,47.0
40.129,0.254,4.348,69.0
40.171,0.262,4.132,50.0
39.592,0.262,5.199,53.0
39.979,0.272,5.028,56.0
39.688,0.278,4.772,50.0
40.054,0.288,4.592,48.0
40.47,0.3,4.416,37.0
40.208,0.306,4.167,43.0
39.563,0.305,5.226,58.0
39.856,0.315,5.044,40.0
39.963,0.324,4.836,45.0
40.123,0.333,4.629,52.0
40.25,0.342,4.422,24.0
40.181,0.35,4.194,30.0
39.325,0.348,5.223,68.0
39.669,0.358,5.049,46.0
40.027,0.369,4.872,34.0
40.101,0.378,4.655,56.0
40.873,0.393,4.519,18.0
56.233,0.552,5.908,5.0
39.297,0.391,5.246,57.0
39.57,0.402,5.063,70.0
40.179,0.416,4.917,34.0
40.14,0.423,4.686,59.0
40.875,0.439,4.545,41.0
51.593,0.564,5.453,6.0
38.888,0.431,5.217,66.0
39.037,0.44,5.019,55.0
42.464,0.487,5.223,3.0
40.567,0.473,4.761,33.0
41.117,0.489,4.597,51.0
41.171,0.497,4.376,25.0
38.824,0.474,5.231,54.0
38.996,0.485,5.037,56.0
40.661,0.513,5.025,16.0
41.133,0.527,4.85,27.0
41.13,0.535,4.622,16.0
47.617,0.628,5.087,8.0
38.712,0.518,5.237,59.0
39.01,0.529,5.06,56.0
40.028,0.551,4.968,46.0
41.323,0.577,4.894,16.0
41.543,0.588,4.689,16.0
47.606,0.683,5.11,8.0
38.649,0.562,5.249,54.0
38.71,0.57,5.04,49.0
43.444,0.648,5.413,4.0
41.079,0.621,4.885,37.0
41.281,0.631,4.679,51.0
41.583,0.644,4.482,38.0
38.632,0.606,5.264,60.0
38.44,0.61,5.022,60.0
39.196,0.63,4.901,47.0
41.319,0.672,4.931,46.0
41.086,0.676,4.674,32.0
41.634,0.693,4.505,17.0
38.568,0.65,5.271,45.0
38.348,0.654,5.025,50.0
38.846,0.669,4.872,66.0
40.997,0.715,4.908,43.0
40.627,0.715,4.637,58.0
42.075,0.749,4.568,19.0
38.639,0.696,5.294,57.0
38.341,0.698,5.038,65.0
38.897,0.715,4.892,72.0
41.978,0.78,5.04,41.0
47.501,0.892,5.438,5.0
41.338,0.784,4.502,16.0
38.47,0.738,5.284,61.0
38.517,0.746,5.073,43.0
38.761,0.758,4.887,61.0
39.575,0.782,4.763,41.0
40.589,0.809,4.658,64.0
41.87,0.843,4.571,16.0
38.479,0.783,5.295,58.0
39.042,0.802,5.152,57.0
38.417,0.796,4.853,55.0
39.884,0.834,4.81,69.0
41.377,0.873,4.758,44.0
48.539,1.032,5.31,53.0
38.931,0.838,5.366,54.0
39.02,0.847,5.158,32.0
38.245,0.837,4.84,58.0
41.836,0.924,5.054,17.0
41.37,0.921,4.765,47.0
41.147,0.923,4.509,55.0
38.659,0.877,5.336,60.0
38.723,0.886,5.125,49.0
37.994,0.876,4.814,49.0
38.043,0.884,4.602,66.0
41.615,0.975,4.8,49.0
49.319,1.164,5.412,6.0
38.466,0.919,5.314,60.0
38.629,0.929,5.118,65.0
38.237,0.926,4.849,54.0
37.903,0.925,4.589,72.0
53.771,1.323,6.207,7.0
53.803,1.334,5.909,8.0
38.55,0.965,5.329,53.0
38.651,0.975,5.124,43.0
37.94,0.963,4.814,60.0
37.79,0.966,4.578,66.0
42.43,1.092,4.9,10.0
49.789,1.29,5.47,7.0
39.057,1.023,5.401,56.0
0.0,0.0,0.0,0.0
38.256,1.016,4.855,54.0
37.846,1.011,4.585,61.0
37.997,1.022,4.389,45.0
41.462,1.123,4.555,22.0
38.469,1.052,5.319,64.0
0.0,0.0,0.0,0.0
37.984,1.053,4.82,55.0
37.826,1.054,4.581,64.0
38.03,1.067,4.391,42.0
41.942,1.184,4.606,17.0
38.908,1.11,5.378,48.0
40.996,1.176,5.432,3.0
37.96,1.095,4.814,59.0
37.951,1.101,4.594,48.0
37.93,1.107,4.376,44.0
41.457,1.217,4.549,5.0
39.116,1.16,5.402,47.0
38.096,1.136,5.044,25.0
38.104,1.143,4.828,54.0
38.291,1.155,4.63,49.0
37.905,1.149,4.368,52.0
38.358,1.169,4.204,35.0
39.138,1.205,5.4,38.0
37.73,1.168,4.99,61.0
38.28,1.191,4.844,57.0
37.957,1.187,4.583,51.0
37.812,1.189,4.351,69.0
38.295,1.21,4.19,52.0
38.302,1.223,5.277,49.0
38.075,1.221,5.028,41.0
38.237,1.233,4.831,51.0
37.924,1.228,4.571,45.0
37.951,1.235,4.359,52.0
38.301,1.253,4.182,61.0
37.922,1.252,5.216,52.0
37.968,1.26,5.004,57.0
37.844,1.261,4.772,55.0
37.841,1.267,4.551,53.0
38.015,1.279,4.356,62.0
38.383,1.297,4.18,49.0
37.407,1.277,5.134,65.0
37.91,1.3,4.986,57.0
37.837,1.303,4.759,62.0
37.759,1.306,4.53,49.0
38.05,1.322,4.348,62.0
38.418,1.341,4.172,48.0
37.459,1.32,5.129,63.0
37.839,1.339,4.963,68.0
37.775,1.342,4.738,48.0
37.79,1.348,4.52,50.0
37.941,1.359,4.322,57.0
38.5,1.385,4.167,64.0
37.403,1.359,5.107,56.0
37.862,1.381,4.952,56.0
37.878,1.387,4.737,58.0
37.909,1.393,4.52,36.0
37.933,1.399,4.306,53.0
42.883,1.588,4.624,7.0
37.578,1.405,5.115,58.0
37.792,1.419,4.926,59.0
37.999,1.431,4.735,45.0
37.909,1.433,4.503,55.0
37.645,1.428,4.257,62.0
41.408,1.577,4.446,8.0
37.626,1.446,5.104,49.0
38.248,1.475,4.968,29.0
37.941,1.468,4.71,57.0
42.914,1.666,5.077,6.0
38.065,1.484,4.285,53.0
41.144,1.609,4.397,36.0
37.788,1.491,5.107,53.0
38.128,1.51,4.933,34.0
37.921,1.506,4.688,57.0
43.043,1.715,5.07,5.0
37.712,1.508,4.226,64.0
41.209,1.653,4.382,46.0
37.583,1.522,5.058,65.0
37.729,1.532,4.86,58.0
37.859,1.542,4.659,62.0
41.53,1.697,4.868,7.0
38.224,1.567,4.261,56.0
41.795,1.719,4.42,10.0
37.616,1.561,5.04,38.0
42.9,1.785,5.5,6.0
37.998,1.586,4.653,38.0
52.87,2.213,6.165,22.0
55.8,2.342,6.186,8.0
41.883,1.763,4.404,12.0
37.455,1.59,4.995,62.0
37.996,1.618,4.847,29.0
37.943,1.62,4.621,42.0
37.77,1.617,4.379,26.0
41.547,1.783,4.579,15.0
41.958,1.806,4.383,16.0
37.489,1.628,4.973,54.0
38.033,1.655,4.826,29.0
38.041,1.66,4.607,36.0
53.336,2.334,6.147,13.0
54.599,2.395,5.979,7.0
63.365,2.786,6.576,20.0
37.491,1.663,4.947,62.0
38.001,1.69,4.794,43.0
38.074,1.697,4.583,44.0
0.0,0.0,0.0,0.0
42.448,1.901,4.617,17.0
41.556,1.866,4.281,18.0
38.16,1.728,5.005,63.0
37.883,1.719,4.75,55.0
53.333,2.426,6.379,6.0
54.611,2.489,6.211,12.0
42.085,1.922,4.544,22.0
52.926,2.423,5.411,7.0
37.834,1.747,4.932,56.0
37.924,1.754,4.724,51.0
37.965,1.76,4.51,52.0
41.578,1.931,4.695,4.0
41.855,1.948,4.485,22.0
41.526,1.937,4.211,5.0
37.686,1.772,4.881,67.0
37.867,1.784,4.685,49.0
38.141,1.8,4.498,46.0
42.106,1.991,4.719,5.0
41.568,1.97,4.419,43.0
41.464,1.968,4.169,25.0
38.02,1.819,4.891,48.0
37.857,1.815,4.65,74.0
41.993,2.017,4.915,3.0
41.839,2.013,4.651,17.0
41.848,2.017,4.411,16.0
63.27,3.056,6.305,13.0
37.759,1.838,4.822,56.0
37.883,1.847,4.618,63.0
41.757,2.039,4.849,36.0
54.275,2.655,5.983,40.0
41.659,2.041,4.352,16.0
41.463,2.035,4.092,7.0
37.662,1.863,4.774,56.0
38.031,1.884,4.6,62.0
41.718,2.069,4.804,41.0
41.969,2.085,4.586,16.0
41.566,2.068,4.302,10.0
53.242,2.653,5.204,27.0
37.751,1.896,4.748,52.0
41.983,2.111,5.036,37.0
41.817,2.105,4.773,31.0
41.506,2.093,4.493,16.0
41.452,2.093,4.248,36.0
63.09,3.19,6.103,11.0
37.662,1.918,4.698,60.0
54.222,2.766,6.448,6.0
41.909,2.14,4.74,14.0
41.519,2.123,4.452,42.0
63.318,3.242,6.423,16.0
63.236,3.242,6.05,36.0
37.838,1.954,4.679,54.0
42.111,2.177,4.962,45.0
42.257,2.187,4.734,32.0
41.609,2.156,4.416,17.0
63.488,3.294,6.371,16.0
0.0,0.0,0.0,0.0
37.818,1.978,4.635,62.0
41.828,2.19,4.883,23.0
38.629,2.024,4.285,51.0
41.489,2.177,4.357,22.0
63.258,3.323,6.278,21.0
64.154,3.373,5.997,21.0
44.757,2.37,5.434,5.0
42.174,2.235,4.875,5.0
38.588,2.046,4.236,21.0
62.865,3.337,6.53,10.0
41.329,2.196,4.054,5.0
64.07,3.408,5.915,26.0
41.644,2.23,5.007,7.0
38.379,2.057,4.391,24.0
38.521,2.066,4.183,29.0
53.481,2.871,5.492,8.0
63.514,3.413,6.155,13.0
64.179,3.451,5.848,16.0
41.671,2.256,4.96,21.0
38.329,2.076,4.339,57.0
41.622,2.256,4.469,16.0
53.092,2.879,5.388,28.0
41.352,2.245,3.957,12.0
64.189,3.487,5.771,25.0
44.45,2.43,5.235,5.0
38.338,2.097,4.292,68.0
41.592,2.276,4.415,16.0
62.927,3.446,6.308,8.0
41.333,2.265,3.904,11.0
64.298,3.526,5.701,19.0
38.238,2.11,4.455,38.0
38.39,2.119,4.249,69.0
41.739,2.305,4.377,7.0
63.643,3.517,6.298,37.0
63.704,3.522,5.935,14.0
64.31,3.557,5.62,16.0
38.208,2.126,4.402,65.0
38.463,2.141,4.207,69.0
63.07,3.512,6.532,10.0
53.494,2.98,5.224,9.0
64.525,3.597,5.927,9.0
64.453,3.594,5.548,15.0
38.297,2.148,4.361,57.0
41.925,2.352,4.53,5.0
63.21,3.547,6.462,28.0
41.338,2.32,3.982,33.0
64.407,3.616,5.831,25.0
64.665,3.632,5.481,9.0
38.396,2.169,4.321,55.0
41.89,2.366,4.47,12.0
63.087,3.564,6.364,8.0
63.687,3.599,6.048,10.0
64.35,3.637,5.739,30.0
55.327,3.128,4.614,4.0
38.397,2.183,4.268,53.0
53.887,3.063,5.675,17.0
41.556,2.362,4.135,22.0
63.722,3.623,5.964,19.0
64.45,3.665,5.658,38.0
75.583,4.299,6.198,23.0
38.469,2.199,4.222,59.0
41.59,2.378,4.322,4.0
41.505,2.373,4.071,23.0
64.349,3.678,5.932,7.0
64.672,3.697,5.587,35.0
75.612,4.323,6.093,11.0
41.931,2.409,4.542,6.0
41.577,2.388,4.26,8.0
41.481,2.383,4.009,25.0
69.914,4.016,6.344,12.0
64.758,3.719,5.5,13.0
75.592,4.341,5.984,5.0
53.824,3.106,5.751,7.0
41.55,2.397,4.197,19.0
41.584,2.398,3.958,36.0
64.342,3.711,5.745,31.0
64.575,3.724,5.391,23.0
78.31,4.515,6.084,17.0
0.0,0.0,0.0,0.0
41.527,2.405,4.133,37.0
41.612,2.409,3.899,15.0
64.353,3.724,5.65,39.0
75.856,4.389,6.22,24.0
71.949,4.162,5.483,21.0
63.349,3.681,6.579,23.0
41.477,2.409,4.066,56.0
55.664,3.231,5.133,10.0
64.428,3.739,5.56,29.0
75.649,4.388,6.09,15.0
71.794,4.163,5.363,28.0
53.304,3.104,5.455,9.0
41.516,2.416,4.006,58.0
64.382,3.745,5.839,14.0
64.642,3.759,5.48,9.0
78.389,4.556,6.191,25.0
71.694,4.165,5.247,29.0
41.456,2.418,4.178,28.0
41.604,2.425,3.951,48.0
64.295,3.746,5.731,24.0
64.501,3.756,5.368,28.0
78.322,4.558,6.065,13.0
71.765,4.175,5.141,23.0
41.441,2.42,4.112,65.0
41.613,2.428,3.887,28.0
64.263,3.747,5.628,25.0
64.578,3.763,5.273,21.0
71.858,4.184,5.451,27.0
71.769,4.177,5.029,25.0
41.463,2.422,4.049,68.0
64.27,3.751,5.901,17.0
64.486,3.76,5.546,16.0
78.422,4.569,6.281,15.0
71.563,4.167,5.316,38.0
124.896,7.267,8.556,35.0
41.564,2.426,3.992,55.0
64.358,3.754,5.807,21.0
64.56,3.762,5.449,13.0
78.325,4.561,6.149,25.0
71.714,4.172,5.214,26.0
127.283,7.399,8.517,20.0
41.627,2.428,3.931,48.0
64.274,3.744,5.696,28.0
64.488,3.753,5.34,24.0
71.918,4.182,5.53,32.0
71.781,4.17,5.104,30.0
127.439,7.397,8.323,27.0
55.683,3.241,5.169,7.0
64.351,3.742,5.598,30.0
75.669,4.395,6.143,16.0
71.792,4.166,5.404,30.0
71.78,4.161,4.987,14.0
127.866,7.405,8.144,25.0
64.424,3.741,5.875,11.0
64.709,3.753,5.524,11.0
75.58,4.378,6.013,9.0
71.836,4.157,5.29,28.0
124.94,7.222,8.477,29.0
127.434,7.358,7.909,22.0
64.387,3.727,5.766,29.0
64.593,3.734,5.409,20.0
78.345,4.523,6.104,18.0
71.75,4.137,5.166,34.0
127.374,7.336,8.433,33.0
127.516,7.335,7.704,32.0
64.454,3.716,5.665,36.0
75.815,4.365,6.222,15.0
71.854,4.131,5.479,24.0
71.82,4.123,5.051,26.0
127.837,7.33,8.25,22.0
127.441,7.299,7.486,30.0
64.724,3.714,5.579,22.0
64.923,3.719,5.218,6.0
71.481,4.089,5.329,35.0
71.859,4.105,4.933,27.0
127.239,7.259,7.998,12.0
127.43,7.26,7.271,30.0
64.644,3.689,5.462,16.0
71.308,4.063,5.611,2.0
71.566,4.071,5.215,42.0
127.564,7.245,8.543,14.0
127.813,7.249,7.819,23.0
127.285,7.208,7.05,37.0
64.85,3.678,5.371,2.0
78.319,4.434,6.03,22.0
71.766,4.056,5.109,39.0
127.853,7.214,8.346,30.0
127.443,7.179,7.581,29.0
127.289,7.16,6.836,12.0
64.944,3.657,5.267,13.0
71.731,4.032,5.4,38.0
71.886,4.033,4.995,32.0
127.831,7.161,8.129,20.0
127.203,7.113,7.351,28.0
33.429,1.866,1.738,14.0
78.331,4.377,6.221,25.0
71.728,4.0,5.279,46.0
124.769,6.945,8.459,19.0
127.504,7.085,7.891,26.0
127.168,7.053,7.135,29.0
33.427,1.851,1.682,50.0
78.361,4.342,6.089,22.0
71.892,3.975,5.169,49.0
154.845,8.546,10.236,20.0
127.219,7.007,7.658,39.0
0.0,0.0,0.0,0.0
33.453,1.835,1.626,4.0
71.872,3.945,5.462,21.0
71.92,3.939,5.047,24.0
154.71,8.455,9.959,24.0
127.1,6.931,7.431,29.0
33.45,1.82,1.762,6.0
162.349,8.818,7.614,41.0
71.83,3.901,5.334,16.0
124.63,6.754,8.531,33.0
128.055,6.925,8.022,23.0
128.806,6.95,7.309,18.0
33.422,1.799,1.703,52.0
162.457,8.726,7.34,14.0
71.572,3.844,5.192,22.0
154.956,8.303,10.34,25.0
128.205,6.853,7.812,26.0
150.364,8.02,8.275,22.0
33.438,1.779,1.647,27.0
159.819,8.484,6.948,17.0
124.688,6.618,8.831,29.0
128.3,6.792,8.342,21.0
73.322,3.871,4.342,10.0
33.464,1.762,1.784,1.0
160.243,8.42,7.619,8.0
157.51,8.257,6.58,7.0
124.64,6.53,8.613,27.0
127.979,6.687,8.1,27.0
73.299,3.819,4.215,8.0
33.439,1.737,1.725,8.0
131.998,6.843,6.05,21.0
160.098,8.278,6.413,3.0
132.416,6.84,8.921,21.0
127.072,6.545,7.824,26.0
150.036,7.708,8.37,19.0
154.564,7.918,7.711,13.0
129.558,6.618,5.714,7.0
157.979,8.05,6.057,9.0
150.576,7.663,9.887,28.0
73.409,3.724,4.394,35.0
154.602,7.822,8.36,10.0
132.148,6.666,6.367,24.0
157.391,7.916,6.673,16.0
157.331,7.891,5.764,15.0
127.237,6.372,8.137,20.0
73.41,3.665,4.269,17.0
132.553,6.599,6.943,21.0
129.506,6.426,6.02,22.0
157.324,7.783,6.405,17.0
157.122,7.75,5.491,14.0
127.244,6.265,7.92,19.0
123.498,6.061,6.972,11.0
129.61,6.339,6.567,13.0
129.604,6.318,5.804,11.0
157.237,7.642,6.133,18.0
156.444,7.579,5.199,11.0
73.353,3.546,4.44,8.0
123.284,5.938,6.748,40.0
129.623,6.222,6.345,16.0
129.726,6.207,5.587,24.0
157.075,7.49,5.859,21.0
156.207,7.423,4.925,13.0
73.303,3.475,4.312,38.0
123.503,5.833,6.55,31.0
129.658,6.102,6.128,27.0
174.102,8.166,7.207,9.0
156.773,7.327,5.584,14.0
174.165,8.113,5.201,6.0
73.305,3.405,4.189,11.0
123.464,5.712,6.342,25.0
129.736,5.979,5.913,21.0
124.3,5.707,4.935,32.0
173.923,7.957,5.903,9.0
173.871,7.925,4.901,13.0
123.348,5.605,6.842,25.0
129.607,5.866,6.44,16.0
124.243,5.6,5.457,19.0
124.286,5.581,4.729,8.0
157.257,7.034,5.077,18.0
173.663,7.737,4.606,6.0
123.298,5.473,6.633,31.0
129.903,5.743,6.239,13.0
124.377,5.476,5.256,35.0
157.88,6.923,5.747,21.0
173.599,7.58,5.318,12.0
0.0,0.0,0.0,0.0
0.0,0.0,0.0,0.0
124.557,5.372,5.777,19.0
124.267,5.335,5.046,36.0
156.669,6.699,5.445,18.0
157.178,6.691,4.558,8.0
0.0,0.0,0.0,0.0
124.556,5.255,6.291,14.0
124.277,5.22,5.56,29.0
157.671,6.592,6.145,19.0
156.242,6.504,5.176,8.0
158.453,6.565,4.336,13.0
0.0,0.0,0.0,0.0
123.869,5.086,6.057,27.0
124.147,5.071,5.354,22.0
161.25,6.554,6.024,9.0
162.259,6.565,5.112,17.0
0.0,0.0,0.0,0.0
0.0,0.0,0.0,0.0
124.269,4.952,5.874,23.0
124.209,4.925,5.155,32.0
157.502,6.212,5.628,9.0
158.431,6.216,4.734,13.0
0.0,0.0,0.0,0.0
0.0,0.0,0.0,0.0
123.946,4.787,5.659,16.0
152.782,5.867,6.094,14.0
157.315,6.007,5.368,7.0
160.754,6.104,4.544,4.0
0.0,0.0,0.0,0.0
0.0,0.0,0.0,0.0
124.079,4.633,5.466,24.0
152.633,5.667,5.845,24.0
160.15,5.912,5.212,15.0
160.897,5.904,4.294,4.0
0.0,0.0,0.0,0.0
101.039,3.665,1.536,1.0
152.651,5.502,6.485,25.0
152.796,5.472,5.611,34.0
0.0,0.0,0.0,0.0
0.0,0.0,0.0,0.0
0.0,0.0,0.0,0.0
95.975,3.354,1.309,3.0
152.845,5.305,6.256,28.0
152.669,5.263,5.37,26.0
159.044,5.446,4.679,15.0
0.0,0.0,0.0,0.0
0.0,0.0,0.0,0.0
93.364,3.134,1.129,5.0
152.804,5.093,6.018,31.0
153.448,5.079,5.161,12.0
159.107,5.229,4.438,11.0
0.0,0.0,0.0,0.0
0.0,0.0,0.0,0.0
78.534,2.527,0.83,16.0
152.39,4.866,5.771,40.0
158.434,5.022,5.09,10.0
0.0,0.0,0.0,0.0
0.0,0.0,0.0,0.0
100.673,3.121,1.492,3.0
77.811,2.395,0.708,24.0
152.104,4.64,5.534,34.0
158.24,4.787,4.846,8.0
0.0,0.0,0.0,0.0
0.0,0.0,0.0,0.0
100.57,2.971,1.34,4.0
74.455,2.181,0.565,14.0
152.407,4.422,5.317,36.0
154.053,4.431,4.49,38.0
0.0,0.0,0.0,0.0
0.0,0.0,0.0,0.0
81.116,2.274,0.961,3.0
60.792,1.69,0.372,29.0
152.697,4.202,5.105,40.0
154.069,4.2,4.267,38.0
0.0,0.0,0.0,0.0
0.0,0.0,0.0,0.0
78.265,2.075,0.814,14.0
58.86,1.546,0.276,33.0
152.799,3.97,4.889,7.0
100.313,2.58,2.634,5.0
100.33,2.555,2.06,35.0
106.087,2.674,1.56,42.0
77.949,1.945,0.7,24.0
0.0,0.0,0.0,0.0
158.839,3.876,4.855,22.0
146.56,3.538,3.641,18.0
0.0,0.0,0.0,0.0
106.138,2.508,1.412,2.0
74.739,1.745,0.566,17.0
48.333,1.116,0.09,16.0
159.263,3.633,4.648,24.0
0.0,0.0,0.0,0.0
106.092,2.364,1.882,5.0
89.807,1.977,1.07,5.0
61.53,1.339,0.382,17.0
47.196,1.014,0.023,22.0
128.093,2.713,3.563,53.0
128.089,2.679,2.831,47.0
106.116,2.191,1.739,2.0
80.372,1.637,0.849,12.0
0.0,0.0,0.0,0.0
44.873,0.89,-0.038,19.0
128.031,2.5,3.39,38.0
128.027,2.465,2.659,32.0
126.269,2.396,1.9,4.0
77.816,1.455,0.719,19.0
54.549,1.005,0.192,12.0
39.697,0.72,-0.086,23.0
160.067,2.855,4.028,3.0
128.109,2.249,2.491,11.0
126.222,2.182,1.735,23.0
77.557,1.319,0.616,11.0
47.954,0.802,0.107,16.0
38.869,0.639,-0.134,44.0
190.085,3.069,4.54,6.0
128.031,2.031,2.328,12.0
121.164,1.887,1.511,14.0
62.344,0.953,0.416,8.0
47.505,0.713,0.046,43.0
38.006,0.559,-0.179,44.0
190.106,2.742,4.303,33.0
127.424,1.8,2.157,28.0
89.69,1.241,1.007,4.0
48.094,0.652,0.261,47.0
0.0,0.0,0.0,0.0
37.666,0.489,-0.224,15.0
55.085,0.698,1.18,56.0
48.209,0.597,0.758,38.0
48.107,0.582,0.482,88.0
48.026,0.567,0.203,83.0
44.041,0.507,-0.063,10.0
37.351,0.419,-0.266,6.0
48.145,0.525,0.973,98.0
48.099,0.51,0.699,104.0
48.064,0.496,0.425,96.0
47.993,0.481,0.147,72.0
39.488,0.384,-0.103,29.0
37.395,0.353,-0.31,1.0
48.106,0.439,0.917,113.0
48.088,0.424,0.643,111.0
48.06,0.41,0.37,102.0
47.92,0.395,0.092,57.0
38.945,0.309,-0.146,48.0
33.313,0.254,-0.314,1.0
48.113,0.352,0.863,102.0
48.113,0.338,0.59,56.0
48.158,0.324,0.317,64.0
47.242,0.303,0.038,41.0
38.553,0.235,-0.188,33.0
32.332,0.187,-0.341,1.0
59.309,0.325,0.999,12.0
59.295,0.306,0.662,141.0
59.338,0.289,0.326,15.0
0.0,0.0,0.0,0.0
38.267,0.162,-0.228,13.0
31.267,0.122,-0.364,1.0
79.46,0.287,1.253,154.0
79.472,0.261,0.801,150.0
59.111,0.176,0.261,13.0
0.0,0.0,0.0,0.0
38.135,0.089,-0.267,5.0
30.322,0.062,-0.385,1.0
79.458,0.137,1.17,151.0
79.436,0.111,0.719,150.0
54.921,0.06,0.186,6.0
40.851,0.031,-0.097,17.0
38.073,0.017,-0.306,1.0
29.795,0.003,-0.408,2.0
79.463,-0.013,1.09,151.0
79.265,-0.038,0.638,22.0
0.0,0.0,0.0,0.0
40.143,-0.045,-0.135,25.0
33.71,-0.048,-0.304,1.0
29.182,-0.051,-0.428,2.0
79.461,-0.164,1.013,151.0
76.553,-0.183,0.542,14.0
48.542,-0.131,0.069,6.0
40.084,-0.122,-0.173,15.0
32.863,-0.11,-0.327,1.0
28.643,-0.105,-0.448,1.0
79.461,-0.318,0.938,151.0
76.628,-0.331,0.472,11.0
47.294,-0.219,0.024,21.0
39.667,-0.197,-0.208,6.0
32.128,-0.17,-0.35,1.0
28.046,-0.158,-0.464,1.0
79.458,-0.473,0.866,183.0
76.69,-0.482,0.403,5.0
46.224,-0.305,-0.018,3.0
0.0,0.0,0.0,0.0
30.927,-0.225,-0.364,1.0
27.349,-0.208,-0.477,2.0
79.465,-0.63,0.796,160.0
61.305,-0.506,0.269,6.0
50.624,-0.434,-0.063,10.0
40.118,-0.358,-0.28,0.0
30.395,-0.281,-0.384,2.0
26.851,-0.257,-0.491,1.0
79.444,-0.786,0.73,150.0
58.314,-0.596,0.207,3.0
53.565,-0.566,-0.111,3.0
38.036,-0.414,-0.297,2.0
29.87,-0.335,-0.401,3.0
26.472,-0.306,-0.505,1.0
79.134,-0.94,0.664,28.0
79.258,-0.969,0.218,5.0
0.0,0.0,0.0,0.0
35.036,-0.452,-0.301,1.0
29.42,-0.389,-0.418,2.0
26.033,-0.354,-0.517,2.0
87.89,-1.22,0.671,5.0
60.695,-0.863,0.121,1.0
46.184,-0.673,-0.167,1.0
33.758,-0.503,-0.315,1.0
28.964,-0.441,-0.433,1.0
25.667,-0.4,-0.529,1.0
91.511,-1.453,0.632,7.0
40.335,-0.654,0.052,6.0
40.324,-0.668,-0.174,15.0
33.302,-0.563,-0.334,1.0
28.509,-0.492,-0.447,1.0
25.257,-0.444,-0.538,1.0
40.264,-0.72,0.25,55.0
40.29,-0.735,0.024,68.0
40.302,-0.749,-0.202,13.0
32.205,-0.61,-0.345,1.0
28.124,-0.543,-0.46,1.0
24.916,-0.489,-0.547,1.0
40.291,-0.802,0.224,10.0
56.444,-1.144,-0.002,1.0
40.197,-0.828,-0.227,3.0
31.68,-0.664,-0.36,1.0
27.665,-0.589,-0.469,1.0
24.618,-0.533,-0.556,1.0
40.306,-0.884,0.199,0.0
40.295,-0.898,-0.026,27.0
40.253,-0.911,-0.251,15.0
31.054,-0.714,-0.371,1.0
27.296,-0.637,-0.479,5.0
24.252,-0.574,-0.562,1.0
40.326,-0.966,0.176,4.0
40.429,-0.984,-0.049,0.0
40.272,-0.993,-0.274,2.0
30.552,-0.765,-0.382,1.0
27.01,-0.686,-0.489,2.0
23.918,-0.616,-0.567,1.0
40.224,-1.046,0.154,44.0
40.968,-1.08,-0.071,173.0
40.411,-1.079,-0.297,3.0
30.366,-0.822,-0.396,4.0
26.745,-0.734,-0.498,1.0
23.646,-0.657,-0.573,2.0
40.2,-1.127,0.134,59.0
40.214,-1.142,-0.09,62.0
39.939,-1.149,-0.313,0.0
29.94,-0.872,-0.405,1.0
26.474,-0.781,-0.506,1.0
23.434,-0.699,-0.579,1.0
0.0,0.0,0.0,0.0
0.0,0.0,0.0,0.0
36.82,-1.135,-0.305,0.0
29.639,-0.924,-0.414,1.0
26.226,-0.827,-0.513,1.0
23.265,-0.742,-0.585,2.0
0.0,0.0,0.0,0.0
0.0,0.0,0.0,0.0
0.0,0.0,0.0,0.0
29.447,-0.979,-0.424,1.0
26.008,-0.874,-0.519,1.0
23.123,-0.785,-0.591,2.0
0.0,0.0,0.0,0.0
0.0,0.0,0.0,0.0
0.0,0.0,0.0,0.0
29.116,-1.028,-0.43,1.0
25.827,-0.921,-0.525,1.0
22.972,-0.828,-0.595,2.0
0.0,0.0,0.0,0.0
40.127,-1.47,-0.155,38.0
34.286,-1.268,-0.323,0.0
28.935,-1.081,-0.437,1.0
25.649,-0.967,-0.53,1.0
22.802,-0.869,-0.598,2.0
40.163,-1.539,0.055,1.0
37.808,-1.462,-0.157,155.0
33.696,-1.315,-0.328,0.0
28.783,-1.134,-0.443,2.0
25.524,-1.015,-0.535,1.0
22.649,-0.909,-0.6,1.0
0.0,0.0,0.0,0.0
37.783,-1.539,-0.167,60.0
33.551,-1.379,-0.335,0.0
28.658,-1.188,-0.448,2.0
25.374,-1.061,-0.538,1.0
22.55,-0.952,-0.603,2.0
0.0,0.0,0.0,0.0
0.0,0.0,0.0,0.0
34.042,-1.469,-0.348,3.0
28.58,-1.244,-0.453,1.0
25.282,-1.11,-0.541,1.0
22.476,-0.995,-0.606,1.0
0.0,0.0,0.0,0.0
0.0,0.0,0.0,0.0
33.565,-1.517,-0.349,6.0
28.468,-1.297,-0.457,1.0
25.193,-1.157,-0.544,1.0
22.391,-1.037,-0.608,1.0
0.0,0.0,0.0,0.0
0.0,0.0,0.0,0.0
33.471,-1.581,-0.353,10.0
28.513,-1.357,-0.461,7.0
25.207,-1.209,-0.547,1.0
22.345,-1.08,-0.609,1.0
60.037,-2.912,0.024,1.0
0.0,0.0,0.0,0.0
32.881,-1.619,-0.35,1.0
28.429,-1.41,-0.463,7.0
25.144,-1.257,-0.548,1.0
22.263,-1.121,-0.609,1.0
59.786,-3.021,0.019,3.0
0.0,0.0,0.0,0.0
32.89,-1.686,-0.352,1.0
28.4,-1.466,-0.464,7.0
24.855,-1.293,-0.544,1.0
22.274,-1.166,-0.61,2.0
59.433,-3.123,0.017,4.0
0.0,0.0,0.0,0.0
32.796,-1.747,-0.353,1.0
28.309,-1.519,-0.463,2.0
24.908,-1.345,-0.545,2.0
22.156,-1.205,-0.608,8.0
59.002,-3.219,0.016,5.0
0.0,0.0,0.0,0.0
33.172,-1.834,-0.356,1.0
28.431,-1.582,-0.465,1.0
24.921,-1.395,-0.545,1.0
22.186,-1.251,-0.608,6.0
58.517,-3.308,0.018,9.0
0.0,0.0,0.0,0.0
33.27,-1.905,-0.356,1.0
28.434,-1.638,-0.464,2.0
25.164,-1.459,-0.549,1.0
22.205,-1.295,-0.607,4.0
59.41,-3.474,0.022,7.0
0.0,0.0,0.0,0.0
33.203,-1.966,-0.352,1.0
28.467,-1.695,-0.462,2.0
25.234,-1.512,-0.548,1.0
22.186,-1.338,-0.604,3.0
59.877,-3.618,0.029,2.0
44.728,-2.719,-0.223,0.0
33.609,-2.055,-0.353,1.0
28.582,-1.758,-0.46,1.0
25.335,-1.568,-0.547,1.0
22.517,-1.402,-0.61,0.0
62.422,-3.894,0.039,2.0
0.0,0.0,0.0,0.0
33.761,-2.13,-0.349,0.0
28.687,-1.82,-0.457,1.0
25.416,-1.622,-0.545,1.0
22.555,-1.448,-0.607,0.0
62.359,-4.01,0.05,3.0
0.0,0.0,0.0,0.0
34.281,-2.228,-0.348,1.0
28.964,-1.893,-0.456,1.0
25.483,-1.675,-0.541,2.0
22.664,-1.498,-0.605,1.0
62.113,-4.112,0.064,5.0
0.0,0.0,0.0,0.0
35.499,-2.375,-0.352,0.0
29.099,-1.958,-0.451,1.0
25.615,-1.732,-0.538,1.0
22.789,-1.55,-0.603,1.0
62.14,-4.232,0.08,6.0
0.0,0.0,0.0,0.0
0.0,0.0,0.0,0.0
29.297,-2.026,-0.446,1.0
25.771,-1.792,-0.534,1.0
22.937,-1.603,-0.601,1.0
61.976,-4.337,0.097,5.0
50.372,-3.543,-0.196,0.0
35.914,-2.538,-0.336,0.0
29.538,-2.098,-0.441,1.0
25.976,-1.855,-0.53,1.0
23.085,-1.656,-0.597,1.0
61.294,-4.404,0.116,3.0
0.0,0.0,0.0,0.0
36.342,-2.636,-0.328,0.0
29.697,-2.164,-0.433,1.0
26.217,-1.92,-0.525,1.0
23.246,-1.711,-0.593,1.0
62.019,-4.57,0.14,1.0
50.259,-3.72,-0.16,0.0
0.0,0.0,0.0,0.0
30.03,-2.244,-0.427,1.0
26.479,-1.988,-0.521,1.0
23.402,-1.765,-0.588,1.0
0.0,0.0,0.0,0.0
50.359,-3.819,-0.141,1.0
0.0,0.0,0.0,0.0
30.486,-2.333,-0.42,1.0
26.608,-2.045,-0.512,1.0
23.576,-1.821,-0.582,1.0
0.0,0.0,0.0,0.0
50.457,-3.917,-0.119,4.0
0.0,0.0,0.0,0.0
30.933,-2.422,-0.413,1.0
26.832,-2.11,-0.504,1.0
23.826,-1.882,-0.578,1.0
0.0,0.0,0.0,0.0
50.462,-4.006,-0.095,7.0
39.78,-3.171,-0.291,0.0
31.537,-2.525,-0.406,1.0
27.338,-2.198,-0.5,1.0
24.217,-1.956,-0.575,1.0
0.0,0.0,0.0,0.0
50.496,-4.097,-0.07,3.0
0.0,0.0,0.0,0.0
32.346,-2.646,-0.4,1.0
27.819,-2.285,-0.495,1.0
24.504,-2.021,-0.569,1.0
0.0,0.0,0.0,0.0
0.0,0.0,0.0,0.0
41.924,-3.487,-0.263,0.0
32.775,-2.737,-0.387,1.0
28.226,-2.366,-0.487,1.0
24.922,-2.098,-0.565,1.0
0.0,0.0,0.0,0.0
0.0,0.0,0.0,0.0
42.686,-3.622,-0.244,0.0
33.225,-2.83,-0.373,1.0
28.526,-2.439,-0.475,1.0
25.239,-2.167,-0.557,2.0
121.846,-10.466,0.698,2.0
0.0,0.0,0.0,0.0
0.0,0.0,0.0,0.0
34.118,-2.963,-0.362,0.0
29.1,-2.537,-0.467,1.0
25.54,-2.235,-0.548,1.0
97.91,-8.571,0.623,4.0
0.0,0.0,0.0,0.0
0.0,0.0,0.0,0.0
35.523,-3.143,-0.354,0.0
29.489,-2.619,-0.454,1.0
25.866,-2.305,-0.538,1.0
0.0,0.0,0.0,0.0
0.0,0.0,0.0,0.0
50.441,-4.528,-0.191,2.0
37.611,-3.388,-0.35,0.0
30.584,-2.764,-0.45,2.0
26.254,-2.381,-0.528,1.0
108.932,-9.885,0.84,1.0
0.0,0.0,0.0,0.0
50.424,-4.605,-0.156,4.0
38.061,-3.488,-0.328,0.0
30.849,-2.837,-0.432,1.0
26.735,-2.467,-0.519,1.0
108.975,-10.058,0.919,1.0
0.0,0.0,0.0,0.0
50.376,-4.679,-0.12,1.0
39.754,-3.705,-0.313,0.0
31.573,-2.951,-0.419,1.0
27.285,-2.559,-0.51,1.0
0.0,0.0,0.0,0.0
0.0,0.0,0.0,0.0
50.449,-4.76,-0.082,0.0
39.953,-3.782,-0.285,0.0
32.638,-3.099,-0.409,0.0
27.867,-2.655,-0.499,1.0
100.636,-9.588,1.0,1.0
90.899,-8.686,0.412,1.0
0.0,0.0,0.0,0.0
0.0,0.0,0.0,0.0
33.471,-3.227,-0.393,1.0
28.415,-2.747,-0.487,1.0
97.509,-9.431,1.045,3.0
91.202,-8.845,0.485,3.0
0.0,0.0,0.0,0.0
43.577,-4.25,-0.242,0.0
34.229,-3.349,-0.374,0.0
28.991,-2.844,-0.473,1.0
96.231,-9.443,1.111,1.0
90.915,-8.946,0.56,1.0
0.0,0.0,0.0,0.0
45.099,-4.462,-0.212,0.0
35.842,-3.556,-0.362,0.0
29.631,-2.948,-0.459,1.0
95.108,-9.463,1.178,4.0
94.876,-9.465,0.664,5.0
0.0,0.0,0.0,0.0
50.388,-5.054,-0.194,3.0
0.0,0.0,0.0,0.0
30.411,-3.067,-0.444,1.0
94.494,-9.531,1.253,13.0
90.062,-9.106,0.71,1.0
0.0,0.0,0.0,0.0
50.348,-5.117,-0.149,3.0
39.743,-4.05,-0.332,0.0
31.377,-3.205,-0.43,1.0
88.508,-9.043,1.254,5.0
87.999,-9.013,0.773,1.0
0.0,0.0,0.0,0.0
50.513,-5.199,-0.104,0.0
40.342,-4.162,-0.299,0.0
32.516,-3.363,-0.416,1.0
86.807,-8.98,1.31,8.0
86.567,-8.976,0.841,8.0
0.0,0.0,0.0,0.0
0.0,0.0,0.0,0.0
41.652,-4.35,-0.27,0.0
33.379,-3.494,-0.395,1.0
86.437,-9.049,1.386,35.0
86.487,-9.074,0.922,150.0
87.063,-9.155,0.461,1.0
0.0,0.0,0.0,0.0
0.0,0.0,0.0,0.0
34.893,-3.695,-0.38,0.0
86.433,-9.152,1.47,30.0
86.373,-9.165,1.004,150.0
87.297,-9.283,0.547,3.0
0.0,0.0,0.0,0.0
45.724,-4.884,-0.208,0.0
37.503,-4.014,-0.372,0.0
86.406,-9.25,1.554,36.0
86.321,-9.26,1.09,150.0
87.325,-9.387,0.635,9.0
0.0,0.0,0.0,0.0
0.0,0.0,0.0,0.0
39.189,-4.238,-0.349,1.0
86.382,-9.344,1.64,32.0
86.3,-9.353,1.176,71.0
87.033,-9.451,0.721,10.0
0.0,0.0,0.0,0.0
0.0,0.0,0.0,0.0
0.0,0.0,0.0,0.0
86.423,-9.442,1.731,7.0
86.265,-9.442,1.265,113.0
86.297,-9.463,0.802,23.0
0.0,0.0,0.0,0.0
0.0,0.0,0.0,0.0
41.378,-4.563,-0.283,0.0
86.633,-9.554,1.824,3.0
86.237,-9.527,1.353,70.0
86.215,-9.54,0.891,56.0
0.0,0.0,0.0,0.0
0.0,0.0,0.0,0.0
43.775,-4.87,-0.254,0.0
86.735,-9.651,1.918,12.0
86.258,-9.614,1.445,49.0
86.253,-9.629,0.983,150.0
87.282,-9.761,0.52,3.0
0.0,0.0,0.0,0.0
47.564,-5.337,-0.225,0.0
86.742,-9.736,2.011,11.0
86.264,-9.696,1.538,55.0
86.258,-9.711,1.077,179.0
87.25,-9.839,0.614,6.0
67.826,-7.661,0.115,2.0
47.637,-5.389,-0.173,0.0
107.484,-12.162,2.61,66.0
86.263,-9.775,1.633,37.0
86.251,-9.788,1.171,190.0
86.381,-9.818,0.704,31.0
78.766,-8.966,0.22,1.0
50.437,-5.75,-0.128,2.0
107.45,-12.251,2.727,73.0
86.381,-9.862,1.73,2.0
86.276,-9.864,1.266,151.0
86.263,-9.876,0.797,60.0
0.0,0.0,0.0,0.0
50.385,-5.786,-0.072,0.0
115.914,-13.312,3.071,15.0
86.624,-9.961,1.831,12.0
86.215,-9.926,1.362,64.0
86.206,-9.938,0.891,73.0
87.273,-10.075,0.436,5.0
0.0,0.0,0.0,0.0
188.269,-21.769,5.201,35.0
86.645,-10.03,1.93,15.0
86.247,-9.996,1.459,57.0
86.224,-10.005,0.99,151.0
87.284,-10.141,0.536,54.0
0.0,0.0,0.0,0.0
188.202,-21.901,5.411,43.0
188.53,-21.961,4.413,22.0
86.242,-10.057,1.558,49.0
86.244,-10.069,1.088,172.0
87.256,-10.199,0.634,17.0
0.0,0.0,0.0,0.0
188.461,-22.06,5.634,35.0
188.418,-22.077,4.626,46.0
86.306,-10.123,1.658,12.0
86.229,-10.124,1.186,150.0
86.277,-10.141,0.727,11.0
0.0,0.0,0.0,0.0
188.677,-22.209,5.859,22.0
188.537,-22.211,4.847,41.0
86.569,-10.208,1.763,4.0
86.215,-10.176,1.287,64.0
86.207,-10.186,0.827,36.0
96.729,-11.441,0.412,5.0
190.81,-22.576,6.149,13.0
188.812,-22.358,5.076,33.0
86.672,-10.272,1.866,11.0
86.239,-10.229,1.388,57.0
86.202,-10.234,0.928,53.0
96.716,-11.493,0.524,5.0
190.844,-22.688,6.374,24.0
189.304,-22.52,5.311,31.0
86.829,-10.337,1.972,7.0
86.258,-10.277,1.49,53.0
86.227,-10.282,1.029,56.0
87.524,-10.446,0.578,10.0
203.653,-24.316,7.046,32.0
189.551,-22.647,5.546,27.0
188.239,-22.505,4.502,33.0
86.289,-10.323,1.593,28.0
86.236,-10.324,1.133,60.0
86.52,-10.366,0.675,10.0
203.558,-24.401,7.283,50.0
202.989,-24.346,6.179,22.0
188.147,-22.578,4.722,37.0
86.489,-10.385,1.7,1.0
86.234,-10.361,1.235,58.0
86.231,-10.368,0.775,38.0
203.933,-24.532,7.541,39.0
203.092,-24.442,6.422,38.0
188.117,-22.65,4.944,31.0
86.777,-10.454,1.807,3.0
86.243,-10.395,1.336,42.0
86.27,-10.404,0.877,150.0
204.064,-24.624,7.786,39.0
203.214,-24.531,6.665,37.0
189.573,-22.893,5.207,10.0
86.769,-10.483,1.91,4.0
86.313,-10.433,1.439,29.0
86.286,-10.435,0.978,151.0
204.043,-24.688,8.027,27.0
203.656,-24.649,6.921,25.0
189.602,-22.956,5.431,28.0
203.105,-24.599,4.714,24.0
86.31,-10.457,1.542,32.0
86.28,-10.458,1.081,53.0
99.363,-12.05,4.027,7.0
204.645,-24.825,7.2,29.0
203.178,-24.653,6.063,27.0
203.046,-24.644,4.952,17.0
86.429,-10.493,1.647,7.0
86.263,-10.476,1.182,49.0
99.165,-12.05,4.137,39.0
204.519,-24.856,7.438,31.0
203.197,-24.699,6.302,51.0
188.083,-22.867,4.807,35.0
203.101,-24.697,4.109,10.0
86.26,-10.492,1.284,42.0
99.045,-12.055,4.248,55.0
204.333,-24.871,7.672,36.0
203.265,-24.742,6.547,43.0
188.088,-22.897,5.034,22.0
203.0,-24.716,4.346,38.0
86.329,-10.512,1.388,28.0
98.981,-12.061,4.365,54.0
204.489,-24.917,7.921,34.0
203.408,-24.785,6.791,30.0
189.651,-23.109,5.297,23.0
203.001,-24.737,4.585,46.0
86.35,-10.523,1.489,33.0
98.948,-12.067,4.479,51.0
99.314,-12.11,3.963,6.0
204.377,-24.919,7.062,30.0
203.217,-24.776,5.914,22.0
203.077,-24.758,4.822,34.0
86.436,-10.538,1.591,20.0
98.888,-12.065,4.591,49.0
99.231,-12.104,4.076,26.0
204.59,-24.951,7.308,42.0
203.12,-24.769,6.149,39.0
203.066,-24.759,5.061,12.0
86.715,-10.572,1.698,5.0
98.831,-12.059,4.705,36.0
99.152,-12.094,4.189,49.0
204.393,-24.925,7.541,42.0
203.212,-24.775,6.39,51.0
188.094,-22.928,4.906,26.0
203.027,-24.744,4.212,24.0
91.329,-11.14,4.455,32.0
99.01,-12.072,4.298,54.0
204.38,-24.911,7.777,38.0
203.243,-24.765,6.625,39.0
189.841,-23.126,5.17,14.0
203.05,-24.729,4.444,40.0
91.304,-11.129,4.558,45.0
98.955,-12.056,4.409,73.0
204.372,-24.889,8.011,30.0
203.534,-24.777,6.867,30.0
189.812,-23.098,5.388,22.0
203.026,-24.698,4.674,34.0
98.421,-11.983,5.027,21.0
98.924,-12.038,4.521,87.0
99.323,-12.081,4.005,11.0
204.659,-24.881,7.135,27.0
203.161,-24.688,5.994,23.0
202.994,-24.658,4.903,15.0
91.286,-11.099,4.765,16.0
98.874,-12.014,4.63,79.0
99.157,-12.041,4.11,36.0
204.291,-24.795,7.352,35.0
203.101,-24.636,6.222,37.0
188.208,-22.819,4.758,33.0
91.404,-11.093,4.874,6.0
98.809,-11.983,4.738,61.0
99.039,-12.003,4.217,69.0
204.074,-24.716,7.573,35.0
203.189,-24.595,6.448,40.0
188.065,-22.75,4.962,22.0
108.251,-13.108,5.893,20.0
98.777,-11.952,4.845,26.0
98.98,-11.967,4.323,69.0
204.055,-24.654,7.794,30.0
203.332,-24.55,6.675,27.0
189.536,-22.869,5.207,16.0
108.247,-13.074,6.011,21.0
100.542,-12.133,5.042,22.0
98.982,-11.935,4.431,42.0
204.048,-24.583,8.02,30.0
203.86,-24.542,6.915,36.0
189.436,-22.789,5.407,27.0
92.009,-11.08,5.21,7.0
100.448,-12.085,5.145,22.0
99.03,-11.903,4.539,22.0
203.935,-24.491,8.231,33.0
203.555,-24.425,7.121,41.0
202.957,-24.334,6.008,12.0
86.015,-10.324,4.962,4.0
91.332,-10.951,4.775,7.0
0.0,0.0,0.0,0.0
99.789,-11.941,4.131,31.0
203.615,-24.344,7.335,41.0
203.241,-24.277,6.229,18.0
84.508,-10.106,4.963,18.0
108.275,-12.933,5.774,20.0
100.408,-11.981,4.812,64.0
99.78,-11.893,4.234,53.0
203.75,-24.262,7.55,30.0
190.945,-22.715,6.048,16.0
84.531,-10.067,5.051,34.0
108.316,-12.884,5.888,9.0
100.436,-11.933,4.917,56.0
116.263,-13.797,5.054,19.0
203.769,-24.157,7.759,20.0
190.886,-22.606,6.24,21.0
84.492,-10.018,5.135,47.0
106.508,-12.612,5.897,6.0
100.528,-11.889,5.022,37.0
99.416,-11.743,4.42,21.0
204.149,-24.087,7.974,28.0
189.959,-22.387,6.396,29.0
84.512,-9.972,5.22,55.0
106.567,-12.557,6.005,16.0
100.661,-11.846,5.127,25.0
99.245,-11.663,4.51,60.0
116.465,-13.671,4.662,10.0
190.124,-22.291,6.584,27.0
84.532,-9.922,5.303,49.0
91.832,-10.764,5.263,2.0
100.761,-11.793,5.23,25.0
99.182,-11.593,4.601,69.0
116.485,-13.597,4.774,62.0
189.843,-22.132,6.756,27.0
84.563,-9.87,5.385,51.0
106.736,-12.44,6.218,12.0
100.766,-11.727,5.324,18.0
99.199,-11.528,4.694,48.0
123.112,-14.286,5.16,8.0
203.555,-23.59,7.43,8.0
84.597,-9.816,5.465,39.0
105.083,-12.173,6.219,23.0
100.816,-11.661,5.419,19.0
99.339,-11.472,4.791,24.0
115.54,-13.323,4.948,51.0
115.91,-13.346,4.336,39.0
84.597,-9.753,5.542,31.0
107.848,-12.413,6.479,13.0
100.833,-11.587,5.51,33.0
108.323,-12.427,5.321,21.0
115.428,-13.222,5.045,47.0
115.692,-13.231,4.43,54.0
81.697,-9.355,5.425,6.0
101.156,-11.563,6.166,20.0
100.805,-11.504,5.596,51.0
105.282,-11.995,5.262,28.0
107.735,-12.253,4.801,17.0
115.704,-13.139,4.528,17.0
90.902,-10.335,6.113,25.0
101.069,-11.471,6.245,22.0
100.847,-11.424,5.684,19.0
105.121,-11.888,5.342,23.0
117.398,-13.253,5.328,21.0
107.669,-12.134,4.303,21.0
90.925,-10.26,6.19,5.0
101.221,-11.401,6.338,19.0
98.393,-11.061,5.626,17.0
108.164,-12.137,5.584,25.0
105.776,-11.849,4.885,45.0
106.239,-11.879,4.33,31.0
86.372,-9.67,5.948,10.0
91.476,-10.222,5.8,12.0
98.355,-10.968,5.701,40.0
108.139,-12.036,5.668,31.0
108.247,-12.026,5.083,13.0
106.019,-11.756,4.403,44.0
86.329,-9.584,6.013,6.0
98.074,-10.866,6.295,16.0
86.053,-9.515,5.053,11.0
99.652,-10.997,5.297,25.0
108.195,-11.916,5.162,52.0
105.86,-11.637,4.475,28.0
90.986,-10.014,6.405,1.0
81.525,-8.954,5.292,9.0
86.036,-9.429,5.115,12.0
100.153,-10.953,5.398,56.0
108.214,-11.811,5.241,21.0
116.336,-12.672,5.0,11.0
68.439,-7.464,4.866,2.0
81.557,-8.874,5.353,5.0
86.015,-9.338,5.175,10.0
100.207,-10.856,5.47,20.0
105.26,-11.38,5.172,18.0
115.487,-12.46,5.043,22.0
68.458,-7.395,4.915,5.0
99.192,-10.69,6.578,10.0
100.195,-10.774,6.095,21.0
90.727,-9.734,5.013,7.0
105.116,-11.253,5.233,27.0
107.971,-11.534,4.786,65.0
68.467,-7.322,4.96,6.0
86.526,-9.232,5.794,3.0
99.328,-10.573,6.106,16.0
104.577,-11.105,5.845,29.0
115.064,-12.191,5.802,30.0
108.036,-11.421,4.857,25.0
82.508,-8.732,6.03,8.0
100.457,-10.606,6.789,16.0
99.252,-10.454,6.162,16.0
99.231,-10.426,5.607,46.0
108.617,-11.386,5.541,19.0
122.625,-12.824,5.584,41.0
82.389,-8.627,6.069,12.0
97.79,-10.213,6.666,7.0
99.224,-10.336,6.218,10.0
102.118,-10.612,5.828,5.0
107.494,-11.144,5.544,24.0
107.235,-11.09,4.943,69.0
84.514,-8.749,6.273,4.0
86.227,-8.903,5.925,4.0
81.635,-8.407,5.161,5.0
90.697,-9.317,5.225,3.0
107.178,-10.983,5.586,20.0
108.17,-11.057,5.043,51.0
84.504,-8.647,6.316,6.0
86.402,-8.819,5.981,4.0
99.294,-10.107,6.326,9.0
99.406,-10.092,5.776,36.0
102.3,-10.358,5.382,10.0
108.086,-10.916,5.092,26.0
68.445,-6.92,5.149,3.0
82.526,-8.32,5.753,4.0
99.441,-9.998,6.384,10.0
99.454,-9.972,5.826,36.0
116.16,-11.616,6.164,10.0
106.741,-10.646,5.077,46.0
68.47,-6.835,5.183,2.0
82.707,-8.234,5.803,24.0
99.676,-9.895,6.442,17.0
99.145,-9.815,5.851,61.0
106.867,-10.549,5.718,31.0
0.0,0.0,0.0,0.0
91.538,-9.021,6.968,3.0
86.717,-8.521,6.12,5.0
98.866,-9.686,6.43,37.0
85.777,-8.38,5.096,8.0
107.853,-10.506,5.813,22.0
106.571,-10.353,5.155,19.0
85.065,-8.271,6.507,17.0
86.76,-8.411,6.155,4.0
84.814,-8.198,5.547,9.0
85.7,-8.258,5.122,5.0
108.061,-10.382,5.862,20.0
106.448,-10.199,5.186,16.0
97.18,-9.319,7.467,11.0
98.444,-9.411,7.018,23.0
86.343,-8.229,5.676,5.0
106.795,-10.147,6.418,5.0
108.116,-10.242,5.899,42.0
106.295,-10.039,5.212,44.0
85.911,-8.121,6.627,4.0
98.827,-9.312,7.075,16.0
86.373,-8.113,5.703,5.0
107.07,-10.025,6.465,28.0
106.272,-9.92,5.828,51.0
122.685,-11.417,6.049,17.0
98.816,-9.203,7.65,16.0
84.536,-7.847,6.074,6.0
86.36,-7.99,5.725,4.0
106.165,-9.792,6.437,19.0
124.079,-11.407,6.835,8.0
147.157,-13.486,7.29,10.0
84.275,-7.729,6.544,6.0
98.28,-8.983,7.084,9.0
98.571,-8.98,6.555,6.0
85.555,-7.768,5.206,4.0
122.444,-11.082,6.77,25.0
147.153,-13.275,7.319,6.0
84.78,-7.653,6.6,10.0
84.543,-7.606,6.109,3.0
100.269,-8.99,6.686,3.0
99.625,-8.902,6.079,8.0
122.458,-10.905,6.792,12.0
148.468,-13.178,7.409,15.0
84.817,-7.532,6.615,9.0
86.446,-7.649,6.26,5.0
87.246,-7.694,5.83,4.0
105.899,-9.307,6.475,6.0
122.45,-10.724,6.805,10.0
150.513,-13.138,7.529,3.0
84.56,-7.385,6.604,6.0
97.721,-8.502,7.086,12.0
105.331,-9.132,7.05,8.0
105.791,-9.139,6.479,6.0
108.404,-9.333,6.034,7.0
148.593,-12.747,7.445,24.0
84.566,-7.258,6.611,8.0
98.533,-8.426,7.151,5.0
108.416,-9.237,7.263,3.0
115.549,-9.808,7.083,6.0
108.32,-9.162,6.035,9.0
148.438,-12.511,7.443,12.0
96.944,-8.174,7.582,6.0
108.023,-9.073,7.843,4.0
108.61,-9.088,7.278,7.0
115.361,-9.617,7.073,6.0
108.521,-9.013,6.047,5.0
159.18,-13.172,7.981,4.0
105.908,-8.766,8.283,8.0
96.617,-7.966,7.014,6.0
98.897,-8.122,6.625,7.0
115.264,-9.431,7.063,6.0
150.92,-12.301,8.405,18.0
158.06,-12.834,7.919,5.0
107.896,-8.761,8.433,9.0
100.462,-8.124,7.287,4.0
107.953,-8.695,7.224,3.0
106.464,-8.541,6.518,2.0
106.335,-8.499,5.914,3.0
149.731,-11.921,7.489,10.0
97.777,-7.785,7.634,6.0
98.024,-7.772,7.101,4.0
116.096,-9.168,7.758,3.0
117.774,-9.264,7.196,7.0
148.366,-11.623,8.235,6.0
155.923,-12.167,7.78,9.0
105.526,-8.234,8.224,6.0
108.527,-8.432,7.846,5.0
164.644,-12.741,10.978,8.0
149.369,-11.51,9.105,12.0
108.618,-8.336,6.01,2.0
148.942,-11.384,7.406,4.0
148.221,-11.326,11.525,10.0
108.821,-8.279,7.849,10.0
106.691,-8.083,7.093,4.0
157.84,-11.909,9.589,3.0
158.649,-11.92,8.748,5.0
156.569,-11.716,7.754,5.0
108.368,-8.107,8.403,2.0
207.219,-15.436,14.9,11.0
149.018,-11.052,9.874,3.0
158.74,-11.722,9.607,7.0
163.132,-11.996,8.956,3.0
158.182,-11.582,7.795,14.0
108.777,-7.962,8.407,14.0
108.958,-7.939,7.805,6.0
207.091,-15.024,13.666,10.0
150.452,-10.866,9.064,9.0
156.818,-11.276,8.564,11.0
148.729,-10.649,7.286,3.0
0.0,0.0,0.0,0.0
207.206,-14.76,14.779,20.0
150.095,-10.644,9.858,3.0
157.389,-11.112,9.432,11.0
163.266,-11.475,8.865,4.0
164.637,-11.522,8.011,6.0
109.063,-7.626,8.359,1.0
207.709,-14.455,14.743,16.0
157.458,-10.909,10.286,10.0
156.567,-10.798,9.327,9.0
148.771,-10.213,8.022,4.0
196.467,-13.425,9.485,5.0
108.927,-7.436,8.307,1.0
210.234,-14.285,14.841,20.0
209.768,-14.185,13.619,9.0
156.913,-10.56,9.283,5.0
212.151,-14.213,11.354,6.0
157.72,-10.517,7.55,3.0
0.0,0.0,0.0,0.0
0.0,0.0,0.0,0.0
156.913,-10.35,10.119,10.0
210.029,-13.786,12.333,8.0
156.259,-10.209,8.291,5.0
157.465,-10.24,7.466,4.0
0.0,0.0,0.0,0.0
0.0,0.0,0.0,0.0
0.0,0.0,0.0,0.0
203.136,-12.997,11.83,6.0
164.901,-10.498,8.668,6.0
157.79,-9.998,7.401,3.0
0.0,0.0,0.0,0.0
0.0,0.0,0.0,0.0
0.0,0.0,0.0,0.0
164.751,-10.267,9.507,5.0
149.225,-9.253,7.765,5.0
210.971,-13.018,9.782,5.0
0.0,0.0,0.0,0.0
0.0,0.0,0.0,0.0
202.379,-12.336,12.733,8.0
165.188,-10.018,9.437,5.0
157.767,-9.52,8.117,3.0
0.0,0.0,0.0,0.0
0.0,0.0,0.0,0.0
0.0,0.0,0.0,0.0
0.0,0.0,0.0,0.0
163.716,-9.658,9.253,5.0
0.0,0.0,0.0,0.0
211.615,-12.354,9.558,9.0
0.0,0.0,0.0,0.0
0.0,0.0,0.0,0.0
211.783,-12.208,13.06,7.0
164.713,-9.444,9.202,11.0
0.0,0.0,0.0,0.0
212.53,-12.057,9.459,6.0
0.0,0.0,0.0,0.0
0.0,0.0,0.0,0.0
0.0,0.0,0.0,0.0
0.0,0.0,0.0,0.0
0.0,0.0,0.0,0.0
0.0,0.0,0.0,0.0
92.841,-5.1,6.654,4.0
0.0,0.0,0.0,0.0
0.0,0.0,0.0,0.0
0.0,0.0,0.0,0.0
212.02,-11.383,10.334,6.0
0.0,0.0,0.0,0.0
92.937,-4.949,6.59,4.0
0.0,0.0,0.0,0.0
0.0,0.0,0.0,0.0
0.0,0.0,0.0,0.0
0.0,0.0,0.0,0.0
0.0,0.0,0.0,0.0
92.961,-4.794,6.516,4.0
0.0,0.0,0.0,0.0
0.0,0.0,0.0,0.0
0.0,0.0,0.0,0.0
0.0,0.0,0.0,0.0
0.0,0.0,0.0,0.0
93.073,-4.646,6.445,5.0
83.216,-4.129,5.287,1.0
0.0,0.0,0.0,0.0
0.0,0.0,0.0,0.0
0.0,0.0,0.0,0.0
0.0,0.0,0.0,0.0
93.051,-4.492,6.362,7.0
0.0,0.0,0.0,0.0
0.0,0.0,0.0,0.0
0.0,0.0,0.0,0.0
0.0,0.0,0.0,0.0
0.0,0.0,0.0,0.0
92.981,-4.334,6.271,7.0
0.0,0.0,0.0,0.0
0.0,0.0,0.0,0.0
0.0,0.0,0.0,0.0
0.0,0.0,0.0,0.0
0.0,0.0,0.0,0.0
93.103,-4.187,6.189,6.0
0.0,0.0,0.0,0.0
0.0,0.0,0.0,0.0
0.0,0.0,0.0,0.0
0.0,0.0,0.0,0.0
0.0,0.0,0.0,0.0
93.142,-4.037,6.099,4.0
83.216,-3.581,4.97,4.0
0.0,0.0,0.0,0.0
0.0,0.0,0.0,0.0
0.0,0.0,0.0,0.0
0.0,0.0,0.0,0.0
92.812,-3.87,5.979,1.0
0.0,0.0,0.0,0.0
0.0,0.0,0.0,0.0
0.0,0.0,0.0,0.0
0.0,0.0,0.0,0.0
0.0,0.0,0.0,0.0
93.049,-3.73,5.893,11.0
0.0,0.0,0.0,0.0
0.0,0.0,0.0,0.0
0.0,0.0,0.0,0.0
0.0,0.0,0.0,0.0
0.0,0.0,0.0,0.0
93.82,-3.611,5.838,3.0
0.0,0.0,0.0,0.0
0.0,0.0,0.0,0.0
0.0,0.0,0.0,0.0
0.0,0.0,0.0,0.0
0.0,0.0,0.0,0.0
174.729,-6.448,10.67,38.0
0.0,0.0,0.0,0.0
0.0,0.0,0.0,0.0
0.0,0.0,0.0,0.0
0.0,0.0,0.0,0.0
0.0,0.0,0.0,0.0
174.613,-6.168,10.454,43.0
0.0,0.0,0.0,0.0
0.0,0.0,0.0,0.0
0.0,0.0,0.0,0.0
0.0,0.0,0.0,0.0
0.0,0.0,0.0,0.0
175.263,-5.917,10.277,37.0
0.0,0.0,0.0,0.0
0.0,0.0,0.0,0.0
148.029,-4.877,6.105,37.0
0.0,0.0,0.0,0.0
0.0,0.0,0.0,0.0
90.519,-2.915,5.192,3.0
0.0,0.0,0.0,0.0
0.0,0.0,0.0,0.0
148.196,-4.653,5.92,11.0
0.0,0.0,0.0,0.0
40.326,-1.245,1.146,18.0
90.463,-2.774,5.07,20.0
0.0,0.0,0.0,0.0
0.0,0.0,0.0,0.0
0.0,0.0,0.0,0.0
0.0,0.0,0.0,0.0
40.289,-1.183,1.092,24.0
90.452,-2.637,4.948,43.0
178.51,-5.159,8.736,10.0
148.365,-4.25,6.404,11.0
40.282,-1.143,1.501,13.0
40.289,-1.133,1.269,10.0
40.204,-1.12,1.035,46.0
90.479,-2.502,4.826,49.0
129.086,-3.536,6.137,21.0
128.932,-3.5,5.386,34.0
40.197,-1.081,1.443,50.0
40.261,-1.073,1.213,39.0
40.189,-1.061,0.979,57.0
90.528,-2.369,4.701,48.0
129.067,-3.345,5.954,43.0
129.271,-3.319,5.216,42.0
40.192,-1.022,1.385,56.0
40.223,-1.012,1.154,48.0
40.195,-1.002,0.921,56.0
90.535,-2.236,4.569,39.0
129.117,-3.158,5.769,44.0
40.252,-0.974,1.565,10.0
40.274,-0.965,1.329,46.0
40.203,-0.953,1.094,61.0
40.199,-0.944,0.862,58.0
90.599,-2.107,4.438,47.0
129.567,-2.981,5.596,12.0
185.552,-4.227,6.942,44.0
40.273,-0.907,1.269,24.0
40.204,-0.896,1.034,59.0
40.216,-0.887,0.803,54.0
90.6,-1.979,4.301,45.0
191.578,-4.138,7.985,22.0
185.642,-3.965,6.661,48.0
40.295,-0.851,1.208,39.0
40.221,-0.84,0.973,52.0
40.242,-0.831,0.741,62.0
92.909,-1.897,4.265,22.0
188.582,-3.807,7.564,14.0
184.644,-3.685,6.337,46.0
40.263,-0.794,1.144,57.0
40.21,-0.784,0.91,50.0
40.171,-0.774,0.677,47.0
128.292,-2.445,5.689,36.0
185.833,-3.5,7.163,14.0
184.532,-3.433,6.044,43.0
40.246,-0.739,1.081,43.0
40.202,-0.73,0.846,38.0
205.443,-3.684,3.137,69.0
128.426,-2.274,5.49,31.0
184.274,-3.223,6.808,19.0
151.441,-2.614,4.716,98.0
183.527,-3.128,4.633,26.0
0.0,0.0,0.0,0.0
205.388,-3.412,2.807,35.0
128.123,-2.101,5.269,24.0
184.713,-2.987,6.523,25.0
151.483,-2.417,4.471,95.0
187.099,-2.945,4.419,10.0
187.129,-2.905,3.334,65.0
148.478,-2.273,1.784,12.0
128.215,-1.933,5.057,32.0
183.426,-2.728,6.17,37.0
151.483,-2.221,4.218,26.0
183.394,-2.65,4.023,50.0
79.431,-1.131,1.283,10.0
86.928,-1.22,0.899,18.0
0.0,0.0,0.0,0.0
109.618,-1.49,3.501,7.0
79.924,-1.07,2.088,1.0
79.429,-1.046,1.606,3.0
79.447,-1.031,1.146,151.0
79.336,-1.013,0.684,9.0
79.397,-0.997,2.862,150.0
79.408,-0.981,2.4,150.0
79.431,-0.965,1.939,151.0
79.432,-0.949,1.469,189.0
79.443,-0.933,1.009,173.0
78.901,-0.911,0.544,35.0
79.436,-0.901,2.724,151.0
79.438,-0.884,2.261,157.0
79.425,-0.869,1.8,204.0
79.427,-0.853,1.33,190.0
79.455,-0.838,0.869,167.0
77.365,-0.8,0.397,7.0
79.427,-0.805,2.582,151.0
79.439,-0.789,2.12,151.0
79.434,-0.774,1.657,181.0
79.44,-0.759,1.188,183.0
79.447,-0.744,0.727,150.0
0.0,0.0,0.0,0.0
79.423,-0.712,2.438,150.0
79.439,-0.697,1.976,171.0
79.444,-0.682,1.515,176.0
79.448,-0.668,1.045,177.0
0.0,0.0,0.0,0.0
54.808,-0.44,0.084,5.0
79.434,-0.623,2.295,151.0
79.423,-0.608,1.832,210.0
79.443,-0.593,1.37,174.0
79.454,-0.579,0.901,182.0
76.848,-0.546,0.424,10.0
46.62,-0.323,-0.013,3.0
79.433,-0.535,2.149,159.0
79.424,-0.521,1.686,215.0
79.448,-0.507,1.224,169.0
79.455,-0.493,0.753,165.0
61.257,-0.369,0.225,16.0
42.133,-0.247,-0.089,3.0
79.429,-0.45,2.001,172.0
79.418,-0.437,1.539,214.0
79.457,-0.423,1.077,159.0
79.234,-0.408,0.604,37.0
0.0,0.0,0.0,0.0
39.719,-0.191,-0.158,2.0
79.442,-0.368,1.852,155.0
79.446,-0.354,1.389,171.0
79.454,-0.342,0.927,151.0
76.477,-0.316,0.439,12.0
46.096,-0.183,-0.003,16.0
39.115,-0.148,-0.23,6.0
79.439,-0.288,1.701,160.0
79.46,-0.276,1.24,154.0
79.458,-0.263,0.777,150.0
61.521,-0.193,0.236,17.0
42.213,-0.125,-0.083,17.0
38.738,-0.109,-0.302,1.0
79.443,-0.211,1.549,167.0
79.464,-0.198,1.086,153.0
79.309,-0.185,0.621,38.0
42.737,-0.093,0.081,2.0
39.99,-0.081,-0.156,18.0
33.353,-0.062,-0.324,1.0
79.455,-0.136,1.395,158.0
79.465,-0.124,0.932,157.0
76.152,-0.107,0.45,17.0
46.457,-0.058,0.0,21.0
38.953,-0.043,-0.227,14.0
31.308,-0.03,-0.364,1.0
79.458,-0.064,1.24,151.0
79.472,-0.052,0.776,170.0
56.174,-0.029,0.222,8.0
43.833,-0.016,-0.086,10.0
38.241,-0.008,-0.298,3.0
29.871,-0.002,-0.407,2.0
79.466,0.005,1.083,151.0
79.359,0.016,0.618,18.0
0.0,0.0,0.0,0.0
39.503,0.019,-0.157,38.0
33.299,0.021,-0.326,1.0
28.764,0.022,-0.449,2.0
79.469,0.072,0.923,151.0
75.884,0.079,0.44,11.0
0.0,0.0,0.0,0.0
38.546,0.05,-0.229,14.0
31.311,0.045,-0.369,1.0
27.343,0.043,-0.481,2.0
79.434,0.135,0.765,150.0
55.177,0.101,0.209,18.0
43.811,0.086,-0.089,4.0
37.884,0.079,-0.301,2.0
29.747,0.066,-0.41,2.0
26.376,0.062,-0.517,2.0
76.672,0.19,0.583,38.0
48.017,0.124,0.086,15.0
39.229,0.107,-0.158,45.0
33.094,0.094,-0.33,1.0
28.531,0.084,-0.451,2.0
25.28,0.078,-0.547,2.0
59.32,0.19,0.332,18.0
0.0,0.0,0.0,0.0
38.223,0.131,-0.231,13.0
30.874,0.11,-0.37,1.0
27.149,0.1,-0.484,1.0
23.928,0.091,-0.566,2.0
54.885,0.214,0.196,38.0
40.475,0.162,-0.091,16.0
37.703,0.155,-0.305,6.0
29.63,0.125,-0.415,2.0
26.212,0.114,-0.52,2.0
23.207,0.103,-0.596,2.0
47.883,0.218,0.073,34.0
38.844,0.181,-0.166,42.0
32.699,0.156,-0.331,1.0
28.341,0.138,-0.456,2.0
24.961,0.124,-0.547,1.0
22.378,0.114,-0.621,1.0
44.714,0.231,-0.023,22.0
37.911,0.2,-0.241,9.0
30.724,0.165,-0.375,1.0
26.94,0.148,-0.489,1.0
23.824,0.133,-0.571,2.0
21.581,0.123,-0.643,3.0
39.611,0.228,-0.103,30.0
37.648,0.221,-0.317,0.0
29.383,0.175,-0.419,2.0
25.936,0.157,-0.524,1.0
23.058,0.142,-0.601,1.0
20.636,0.129,-0.658,1.0
38.458,0.243,-0.179,36.0
32.188,0.206,-0.338,1.0
28.045,0.182,-0.458,1.0
24.638,0.162,-0.549,1.0
22.053,0.147,-0.62,2.0
19.701,0.133,-0.669,0.0
37.666,0.257,-0.253,6.0
30.346,0.209,-0.381,2.0
26.865,0.188,-0.494,1.0
23.704,0.168,-0.577,2.0
21.519,0.154,-0.65,3.0
19.089,0.138,-0.688,1.0
33.718,0.246,-0.297,1.0
29.14,0.215,-0.427,2.0
25.771,0.192,-0.528,1.0
22.81,0.172,-0.602,1.0
20.509,0.156,-0.662,0.0
18.445,0.142,-0.703,1.0
31.717,0.245,-0.345,1.0
27.661,0.216,-0.463,1.0
22.135,0.174,-0.499,2.0
21.94,0.174,-0.625,2.0
19.487,0.156,-0.669,0.0
48.185,0.391,-1.937,16.0
30.044,0.244,-0.389,2.0
26.611,0.218,-0.5,1.0
21.947,0.181,-0.54,4.0
21.149,0.176,-0.646,2.0
18.941,0.159,-0.69,1.0
28.846,0.244,-0.434,2.0
25.57,0.218,-0.534,1.0
21.661,0.186,-0.579,4.0
21.307,0.185,-0.696,3.0
48.196,0.421,-1.856,3.0
16.766,0.147,-0.743,0.0
27.383,0.241,-0.468,1.0
21.733,0.192,-0.498,4.0
21.341,0.19,-0.614,2.0
19.305,0.173,-0.67,0.0
48.176,0.436,-1.955,31.0
16.006,0.145,-0.743,0.0
26.386,0.239,-0.505,1.0
21.296,0.194,-0.532,5.0
21.011,0.193,-0.648,3.0
18.795,0.173,-0.692,0.0
15.503,0.145,-0.752,0.0
22.074,0.205,-0.469,2.0
21.085,0.197,-0.571,4.0
20.946,0.197,-0.69,2.0
48.175,0.456,-1.874,17.0
16.527,0.157,-0.739,0.0
15.097,0.144,-0.764,2.0
21.393,0.204,-0.499,4.0
20.88,0.2,-0.609,4.0
19.245,0.185,-0.674,0.0
48.168,0.466,-1.974,27.0
15.855,0.154,-0.742,0.0
14.794,0.144,-0.779,1.0
20.943,0.203,-0.532,5.0
20.704,0.201,-0.646,3.0
18.799,0.183,-0.697,0.0
15.397,0.151,-0.753,0.0
14.318,0.141,-0.784,1.0
20.745,0.203,-0.57,4.0
20.699,0.204,-0.689,2.0
48.179,0.477,-1.887,25.0
16.338,0.162,-0.737,0.0
15.061,0.15,-0.767,2.0
13.924,0.139,-0.791,4.0
20.647,0.204,-0.609,3.0
19.256,0.191,-0.681,0.0
48.184,0.48,-1.986,25.0
15.724,0.157,-0.742,0.0
14.689,0.147,-0.779,1.0
13.566,0.136,-0.799,1.0
20.627,0.205,-0.651,2.0
48.193,0.481,-1.804,3.0
15.27,0.153,-0.751,0.0
14.174,0.142,-0.781,1.0
13.229,0.133,-0.806,1.0
20.615,0.205,-0.693,2.0
48.179,0.481,-1.902,31.0
16.363,0.163,-0.741,0.0
14.999,0.15,-0.769,2.0
13.896,0.139,-0.794,3.0
12.901,0.13,-0.812,1.0
19.13,0.19,-0.682,0.0
48.187,0.48,-2.0,19.0
15.662,0.156,-0.741,0.0
14.617,0.146,-0.779,1.0
13.507,0.135,-0.799,1.0
12.605,0.126,-0.819,1.0
48.198,0.476,-1.816,9.0
16.929,0.167,-0.736,1.0
15.211,0.15,-0.751,1.0
14.062,0.139,-0.777,1.0
13.178,0.13,-0.806,1.0
12.326,0.122,-0.826,1.0
48.189,0.471,-1.912,37.0
16.211,0.158,-0.737,0.0
14.976,0.146,-0.769,2.0
13.862,0.135,-0.794,2.0
12.861,0.126,-0.812,1.0
12.022,0.117,-0.83,1.0
15.61,0.15,-0.741,0.0
14.577,0.14,-0.777,1.0
13.463,0.129,-0.798,1.0
12.589,0.121,-0.82,1.0
11.783,0.113,-0.837,1.0
16.848,0.159,-0.735,0.0
15.17,0.143,-0.75,1.0
14.058,0.133,-0.777,1.0
13.164,0.124,-0.806,1.0
12.296,0.116,-0.825,1.0
11.545,0.109,-0.842,0.0
16.123,0.149,-0.735,0.0
14.946,0.138,-0.768,1.0
13.878,0.128,-0.795,2.0
12.836,0.118,-0.811,1.0
12.0,0.11,-0.829,1.0
11.288,0.103,-0.846,0.0
15.598,0.14,-0.741,0.0
14.567,0.131,-0.777,1.0
13.45,0.12,-0.796,1.0
12.569,0.112,-0.819,1.0
11.758,0.105,-0.835,1.0
11.047,0.098,-0.849,0.0
15.153,0.132,-0.749,1.0
14.066,0.122,-0.778,1.0
13.144,0.114,-0.804,1.0
12.301,0.106,-0.825,1.0
11.537,0.099,-0.841,0.0
10.836,0.093,-0.854,0.0
14.94,0.125,-0.767,1.0
13.824,0.116,-0.791,1.0
12.848,0.107,-0.81,1.0
11.999,0.1,-0.828,1.0
11.292,0.093,-0.845,0.0
10.65,0.088,-0.86,0.0
14.574,0.117,-0.776,1.0
13.452,0.108,-0.795,1.0
12.574,0.1,-0.816,1.0
11.745,0.093,-0.832,0.0
11.055,0.087,-0.848,0.0
10.434,0.082,-0.862,0.0
14.141,0.108,-0.779,1.0
13.164,0.1,-0.802,1.0
12.312,0.093,-0.822,1.0
11.534,0.087,-0.839,0.0
10.839,0.081,-0.852,0.0
10.269,0.076,-0.867,0.0
13.816,0.1,-0.787,1.0
12.862,0.092,-0.807,1.0
12.024,0.086,-0.825,1.0
11.3,0.08,-0.842,0.0
10.657,0.075,-0.857,0.0
10.081,0.071,-0.87,0.0
13.489,0.091,-0.792,1.0
12.59,0.085,-0.813,1.0
11.777,0.079,-0.829,1.0
11.061,0.073,-0.845,0.0
10.454,0.069,-0.859,0.0
9.909,0.065,-0.873,0.0
13.215,0.083,-0.8,1.0
12.339,0.077,-0.819,1.0
11.572,0.071,-0.835,0.0
10.876,0.067,-0.85,0.0
10.301,0.062,-0.865,0.0
9.741,0.058,-0.875,0.0
12.913,0.075,-0.805,1.0
12.063,0.069,-0.822,1.0
11.36,0.064,-0.84,0.0
10.682,0.06,-0.854,0.0
10.145,0.056,-0.87,0.0
9.607,0.052,-0.88,0.0
12.644,0.066,-0.81,1.0
11.836,0.061,-0.827,1.0
11.156,0.057,-0.845,0.0
10.514,0.053,-0.859,0.0
9.964,0.049,-0.872,0.0
9.455,0.046,-0.883,0.0
12.411,0.057,-0.816,0.0
11.641,0.053,-0.834,0.0
10.931,0.049,-0.847,0.0
10.364,0.046,-0.864,0.0
9.814,0.043,-0.876,0.0
9.315,0.04,-0.886,0.0
12.157,0.049,-0.82,0.0
11.428,0.045,-0.837,0.0
10.79,0.042,-0.854,0.0
10.188,0.038,-0.867,0.0
9.661,0.036,-0.878,0.0
9.18,0.033,-0.888,0.0
11.9,0.04,-0.823,0.0
11.24,0.037,-0.842,0.0
10.609,0.034,-0.857,0.0
10.041,0.031,-0.871,0.0
9.517,0.029,-0.881,0.0
9.059,0.027,-0.892,0.0
11.728,0.031,-0.83,0.0
11.022,0.029,-0.844,0.0
10.442,0.026,-0.861,0.0
9.883,0.024,-0.873,0.0
9.384,0.022,-0.884,0.0
8.929,0.02,-0.894,0.0
11.534,0.023,-0.835,0.0
10.881,0.02,-0.851,0.0
10.285,0.018,-0.864,0.0
9.715,0.016,-0.874,0.0
9.271,0.015,-0.888,0.0
8.812,0.013,-0.896,0.0
11.353,0.014,-0.84,0.0
10.709,0.012,-0.855,0.0
10.127,0.01,-0.867,0.0
9.582,0.009,-0.877,0.0
9.13,0.008,-0.89,0.0
8.686,0.006,-0.897,0.0
11.145,0.005,-0.842,0.0
10.547,0.004,-0.858,0.0
9.983,0.003,-0.87,0.0
9.469,0.001,-0.882,0.0
9.006,0.0,-0.891,0.0
8.58,0.0,-0.899,0.0
10.959,-0.003,-0.845,1.0
10.402,-0.004,-0.862,0.0
9.844,-0.004,-0.873,0.0
9.34,-0.005,-0.884,0.0
8.896,-0.006,-0.894,0.0
8.475,-0.007,-0.901,0.0
10.839,-0.011,-0.851,0.0
10.256,-0.012,-0.865,0.0
9.705,-0.012,-0.875,0.0
9.235,-0.013,-0.888,0.0
8.784,-0.013,-0.895,0.0
8.397,-0.013,-0.905,0.0
10.682,-0.02,-0.854,0.0
10.1,-0.02,-0.867,0.0
9.586,-0.02,-0.878,0.0
9.113,-0.02,-0.889,0.0
8.676,-0.02,-0.897,0.0
8.296,-0.021,-0.906,0.0
10.558,-0.029,-0.86,0.0
9.966,-0.029,-0.869,0.0
9.462,-0.029,-0.88,0.0
9.001,-0.028,-0.891,0.0
8.569,-0.028,-0.898,0.0
8.213,-0.028,-0.909,0.0
10.384,-0.038,-0.86,0.0
9.831,-0.037,-0.871,0.0
9.361,-0.037,-0.884,0.0
8.896,-0.036,-0.892,0.0
8.49,-0.035,-0.901,0.0
8.144,-0.035,-0.912,0.0
10.254,-0.047,-0.863,0.0
9.715,-0.046,-0.874,0.0
9.241,-0.045,-0.885,0.0
8.789,-0.044,-0.894,0.0
8.401,-0.043,-0.903,0.0
8.062,-0.042,-0.914,0.0
10.13,-0.056,-0.866,0.0
9.609,-0.054,-0.877,0.0
9.148,-0.053,-0.888,0.0
8.701,-0.052,-0.896,0.0
8.32,-0.05,-0.905,0.0
7.983,-0.05,-0.915,0.0
10.028,-0.065,-0.87,0.0
9.514,-0.063,-0.88,0.0
9.04,-0.061,-0.889,0.0
8.593,-0.059,-0.896,0.0
8.254,-0.058,-0.908,0.0
7.921,-0.057,-0.918,0.0
9.878,-0.074,-0.869,0.0
9.396,-0.071,-0.881,0.0
8.951,-0.069,-0.891,0.0
8.524,-0.067,-0.899,0.0
8.178,-0.066,-0.91,0.0
7.864,-0.064,-0.921,0.0
9.784,-0.083,-0.872,0.0
9.313,-0.08,-0.884,0.0
8.853,-0.078,-0.892,0.0
8.451,-0.075,-0.901,0.0
8.109,-0.073,-0.912,0.0
7.779,-0.072,-0.92,0.0
9.672,-0.092,-0.873,0.0
9.211,-0.089,-0.885,0.0
8.756,-0.086,-0.892,0.0
8.362,-0.083,-0.901,0.0
8.038,-0.081,-0.913,0.0
7.718,-0.079,-0.922,0.0
9.579,-0.101,-0.876,0.0
9.105,-0.097,-0.885,0.0
8.679,-0.094,-0.894,0.0
8.305,-0.091,-0.904,0.0
7.992,-0.089,-0.917,0.0
7.666,-0.087,-0.924,0.0
9.496,-0.11,-0.878,0.0
9.038,-0.106,-0.888,0.0
8.598,-0.102,-0.894,0.0
8.241,-0.099,-0.906,0.0
7.912,-0.097,-0.916,0.0
7.619,-0.094,-0.926,0.0
9.42,-0.119,-0.881,0.0
8.97,-0.115,-0.891,0.0
8.537,-0.111,-0.897,0.0
8.175,-0.108,-0.907,0.0
7.869,-0.105,-0.919,0.0
7.553,-0.102,-0.926,0.0
9.339,-0.128,-0.882,0.0
8.897,-0.124,-0.892,0.0
8.475,-0.119,-0.899,0.0
8.139,-0.116,-0.911,0.0
7.815,-0.113,-0.92,0.0
7.517,-0.11,-0.929,0.0
9.263,-0.138,-0.884,0.0
8.811,-0.132,-0.892,0.0
8.422,-0.128,-0.901,0.0
8.057,-0.124,-0.909,0.0
7.751,-0.121,-0.92,0.0
7.449,-0.117,-0.927,0.0
9.19,-0.147,-0.886,0.0
8.733,-0.141,-0.892,0.0
8.358,-0.137,-0.902,0.0
8.019,-0.132,-0.912,0.0
7.716,-0.129,-0.923,0.0
7.414,-0.125,-0.93,0.0
9.105,-0.156,-0.885,0.0
8.692,-0.15,-0.895,0.0
8.306,-0.145,-0.903,0.0
7.971,-0.141,-0.914,0.0
7.673,-0.137,-0.924,0.0
7.375,-0.133,-0.931,0.0
9.038,-0.165,-0.886,0.0
8.626,-0.159,-0.895,0.0
8.256,-0.154,-0.905,0.0
7.94,-0.149,-0.916,0.0
7.63,-0.145,-0.925,0.0
7.334,-0.141,-0.931,0.0
8.984,-0.174,-0.888,0.0
8.568,-0.168,-0.896,0.0
8.213,-0.163,-0.906,0.0
7.883,-0.157,-0.916,0.0
7.588,-0.153,-0.925,0.0
7.281,-0.148,-0.93,0.0
8.939,-0.184,-0.89,0.0
8.522,-0.177,-0.897,0.0
8.155,-0.171,-0.906,0.0
7.848,-0.166,-0.918,0.0
7.55,-0.161,-0.926,0.0
7.259,-0.156,-0.933,0.0
8.891,-0.193,-0.891,0.0
8.494,-0.186,-0.9,0.0
8.129,-0.18,-0.908,0.0
7.817,-0.174,-0.919,0.0
7.511,-0.169,-0.927,0.0
7.216,-0.164,-0.932,0.0
8.817,-0.202,-0.89,0.0
8.444,-0.195,-0.9,0.0
8.096,-0.189,-0.91,0.0
7.771,-0.183,-0.919,0.0
7.47,-0.177,-0.926,0.0
7.193,-0.172,-0.933,0.0
8.767,-0.211,-0.89,0.0
8.396,-0.204,-0.9,0.0
8.068,-0.198,-0.911,0.0
7.735,-0.191,-0.919,0.0
7.447,-0.186,-0.928,0.0
7.15,-0.18,-0.932,0.0
8.747,-0.221,-0.893,0.0
8.361,-0.213,-0.901,0.0
8.021,-0.206,-0.91,0.0
7.729,-0.2,-0.922,0.0
7.434,-0.194,-0.93,0.0
7.132,-0.188,-0.933,0.0
8.7,-0.23,-0.892,0.0
8.322,-0.222,-0.901,0.0
8.003,-0.215,-0.912,0.0
7.704,-0.209,-0.923,0.0
7.414,-0.203,-0.931,0.0
7.123,-0.196,-0.935,0.0
8.671,-0.24,-0.894,0.0
8.308,-0.232,-0.903,0.0
7.983,-0.224,-0.914,0.0
7.689,-0.218,-0.925,0.0
7.379,-0.211,-0.93,0.0
7.107,-0.204,-0.936,0.0
8.654,-0.25,-0.895,0.0
8.295,-0.241,-0.905,0.0
7.962,-0.233,-0.915,0.0
7.663,-0.226,-0.925,0.0
7.354,-0.219,-0.93,0.0
7.08,-0.212,-0.936,0.0
8.619,-0.259,-0.895,0.0
8.249,-0.25,-0.904,0.0
7.927,-0.242,-0.913,0.0
7.635,-0.235,-0.924,0.0
7.333,-0.227,-0.93,0.0
7.065,-0.22,-0.936,0.0
8.591,-0.269,-0.895,0.0
8.24,-0.26,-0.905,0.0
7.91,-0.251,-0.914,0.0
7.623,-0.244,-0.925,0.0
7.321,-0.236,-0.93,0.0
7.057,-0.229,-0.937,0.0
8.583,-0.279,-0.897,0.0
8.222,-0.269,-0.906,0.0
7.904,-0.26,-0.915,0.0
7.601,-0.252,-0.924,0.0
7.315,-0.244,-0.931,0.0
7.048,-0.237,-0.938,0.0
8.565,-0.289,-0.897,0.0
8.215,-0.279,-0.907,0.0
7.899,-0.27,-0.917,0.0
7.578,-0.26,-0.923,0.0
7.307,-0.253,-0.932,0.0
7.045,-0.245,-0.939,0.0
8.55,-0.299,-0.897,0.0
8.193,-0.288,-0.906,0.0
7.89,-0.279,-0.917,0.0
7.57,-0.269,-0.924,0.0
7.295,-0.261,-0.932,0.0
7.032,-0.253,-0.938,0.0
8.539,-0.308,-0.897,0.0
8.192,-0.298,-0.907,0.0
7.865,-0.287,-0.915,0.0
7.556,-0.278,-0.923,0.0
7.297,-0.27,-0.933,0.0
7.024,-0.261,-0.938,0.0
8.525,-0.318,-0.896,0.0
8.185,-0.307,-0.907,0.0
7.867,-0.297,-0.916,0.0
7.579,-0.288,-0.926,0.0
7.283,-0.278,-0.931,0.0
7.032,-0.27,-0.939,0.0
8.533,-0.328,-0.898,0.0
8.174,-0.316,-0.906,0.0
7.884,-0.307,-0.918,0.0
7.567,-0.296,-0.925,0.0
7.273,-0.286,-0.93,0.0
7.042,-0.279,-0.941,0.0
8.542,-0.339,-0.899,0.0
8.168,-0.326,-0.905,0.0
7.876,-0.316,-0.917,0.0
7.562,-0.305,-0.924,0.0
7.284,-0.295,-0.932,0.0
7.032,-0.287,-0.939,0.0
8.526,-0.348,-0.897,0.0
8.17,-0.335,-0.905,0.0
7.867,-0.325,-0.916,0.0
7.57,-0.314,-0.925,0.0
7.284,-0.304,-0.931,0.0
7.039,-0.295,-0.94,0.0
8.539,-0.358,-0.897,0.0
8.158,-0.344,-0.903,0.0
7.878,-0.334,-0.916,0.0
7.57,-0.323,-0.924,0.0
7.295,-0.313,-0.932,0.0
7.049,-0.304,-0.94,0.0
8.535,-0.368,-0.896,0.0
8.185,-0.355,-0.905,0.0
7.893,-0.344,-0.917,0.0
7.583,-0.332,-0.924,0.0
7.29,-0.321,-0.93,0.0
7.045,-0.312,-0.938,0.0
8.542,-0.378,-0.895,0.0
8.201,-0.365,-0.905,0.0
7.889,-0.353,-0.915,0.0
7.579,-0.341,-0.922,0.0
7.285,-0.329,-0.928,0.0
7.081,-0.321,-0.942,0.0
8.579,-0.389,-0.897,0.0
8.215,-0.375,-0.905,0.0
7.906,-0.362,-0.915,0.0
7.615,-0.351,-0.925,0.0
7.315,-0.339,-0.93,0.0
7.069,-0.329,-0.938,0.0
8.579,-0.399,-0.895,0.0
8.22,-0.384,-0.903,0.0
7.912,-0.372,-0.914,0.0
7.642,-0.36,-0.926,0.0
7.336,-0.348,-0.93,0.0
7.074,-0.337,-0.937,0.0
8.619,-0.41,-0.897,0.0
8.264,-0.395,-0.906,0.0
7.922,-0.381,-0.912,0.0
7.64,-0.369,-0.923,0.0
7.346,-0.356,-0.929,0.0
7.099,-0.346,-0.938,0.0
8.626,-0.42,-0.894,0.0
8.258,-0.404,-0.902,0.0
7.956,-0.391,-0.914,0.0
7.666,-0.378,-0.924,0.0
7.363,-0.365,-0.928,0.0
7.106,-0.354,-0.936,0.0
8.648,-0.43,-0.893,0.0
8.288,-0.414,-0.902,0.0
7.981,-0.4,-0.913,0.0
7.668,-0.386,-0.921,0.0
7.405,-0.375,-0.931,0.0
7.134,-0.363,-0.936,0.0
8.694,-0.442,-0.894,0.0
8.311,-0.424,-0.901,0.0
7.984,-0.409,-0.91,0.0
7.701,-0.396,-0.921,0.0
7.416,-0.383,-0.928,0.0
7.148,-0.371,-0.935,0.0
8.725,-0.452,-0.893,0.0
8.354,-0.435,-0.902,0.0
8.028,-0.419,-0.911,0.0
7.726,-0.405,-0.92,0.0
7.445,-0.392,-0.928,0.0
7.179,-0.38,-0.935,0.0
8.754,-0.462,-0.892,0.0
8.399,-0.446,-0.902,0.0
8.055,-0.429,-0.91,0.0
7.749,-0.414,-0.919,0.0
7.476,-0.401,-0.928,0.0
7.194,-0.388,-0.933,0.0
8.804,-0.474,-0.892,0.0
8.423,-0.455,-0.9,0.0
8.082,-0.438,-0.908,0.0
7.785,-0.424,-0.919,0.0
7.512,-0.411,-0.928,0.0
7.213,-0.396,-0.931,0.0
8.851,-0.485,-0.891,0.0
8.471,-0.466,-0.9,0.0
8.126,-0.449,-0.908,0.0
7.818,-0.433,-0.918,0.0
7.54,-0.419,-0.927,0.0
7.252,-0.405,-0.932,0.0
8.879,-0.495,-0.889,0.0
8.519,-0.477,-0.899,0.0
8.179,-0.459,-0.909,0.0
7.854,-0.443,-0.916,0.0
7.582,-0.429,-0.927,0.0
7.308,-0.415,-0.934,0.0
8.952,-0.507,-0.89,0.0
8.559,-0.487,-0.898,0.0
8.213,-0.469,-0.907,0.0
7.89,-0.452,-0.915,0.0
7.606,-0.437,-0.924,0.0
7.339,-0.423,-0.932,0.0
9.019,-0.519,-0.89,0.0
8.601,-0.497,-0.896,0.0
8.248,-0.478,-0.904,0.0
7.953,-0.462,-0.917,0.0
7.635,-0.446,-0.922,0.0
7.369,-0.431,-0.931,0.0
9.073,-0.53,-0.888,0.0
8.672,-0.508,-0.896,0.0
8.312,-0.489,-0.905,0.0
7.982,-0.471,-0.914,0.0
7.684,-0.455,-0.922,0.0
7.408,-0.44,-0.929,0.0
9.158,-0.543,-0.889,0.0
8.727,-0.519,-0.895,0.0
8.361,-0.499,-0.903,0.0
8.029,-0.481,-0.912,0.0
7.732,-0.464,-0.921,0.0
7.447,-0.449,-0.928,0.0
9.214,-0.554,-0.887,0.0
8.794,-0.53,-0.894,0.0
8.407,-0.508,-0.901,0.0
8.086,-0.49,-0.912,0.0
7.788,-0.474,-0.921,0.0
7.503,-0.458,-0.928,0.0
9.289,-0.566,-0.886,0.0
8.86,-0.541,-0.893,0.0
8.488,-0.52,-0.902,0.0
8.134,-0.5,-0.91,0.0
7.849,-0.484,-0.921,0.0
7.548,-0.466,-0.927,0.0
9.368,-0.578,-0.885,0.0
8.906,-0.551,-0.89,0.0
8.539,-0.529,-0.9,0.0
8.192,-0.509,-0.909,0.0
7.883,-0.492,-0.918,0.0
7.59,-0.475,-0.925,0.0
9.422,-0.588,-0.881,0.0
9.009,-0.564,-0.892,0.0
8.608,-0.54,-0.899,0.0
8.246,-0.519,-0.907,0.0
7.933,-0.5,-0.916,0.0
7.639,-0.483,-0.923,0.0
9.526,-0.601,-0.882,0.0
9.062,-0.573,-0.888,0.0
8.672,-0.55,-0.897,0.0
8.304,-0.528,-0.905,0.0
8.011,-0.511,-0.916,0.0
7.71,-0.493,-0.924,0.0
9.598,-0.612,-0.879,0.0
9.175,-0.587,-0.89,0.0
8.756,-0.561,-0.896,0.0
8.371,-0.538,-0.903,0.0
8.053,-0.519,-0.913,0.0
7.758,-0.501,-0.922,0.0
9.708,-0.625,-0.879,1.0
9.254,-0.597,-0.887,0.0
8.825,-0.571,-0.894,0.0
8.437,-0.547,-0.901,0.0
8.13,-0.529,-0.913,0.0
7.816,-0.509,-0.92,0.0
9.782,-0.636,-0.875,2.0
9.331,-0.608,-0.885,0.0
8.909,-0.582,-0.893,0.0
8.534,-0.559,-0.902,0.0
8.173,-0.536,-0.908,0.0
7.877,-0.518,-0.918,0.0
9.852,-0.646,-0.87,3.0
9.414,-0.619,-0.882,0.0
9.008,-0.593,-0.893,0.0
8.605,-0.568,-0.9,0.0
8.246,-0.546,-0.907,0.0
7.941,-0.527,-0.917,0.0
9.941,-0.657,-0.867,2.0
9.526,-0.631,-0.882,0.0
9.084,-0.603,-0.89,0.0
8.675,-0.577,-0.897,0.0
8.342,-0.556,-0.908,0.0
8.014,-0.536,-0.916,0.0
10.044,-0.669,-0.864,0.0
9.628,-0.643,-0.88,0.0
9.194,-0.615,-0.889,0.0
8.746,-0.586,-0.894,0.0
8.414,-0.565,-0.905,0.0
8.078,-0.544,-0.913,0.0
10.196,-0.684,-0.864,0.0
9.762,-0.656,-0.88,2.0
9.274,-0.625,-0.886,0.0
8.854,-0.598,-0.894,0.0
8.484,-0.574,-0.903,0.0
8.149,-0.552,-0.911,0.0
10.362,-0.7,-0.866,0.0
9.808,-0.664,-0.872,3.0
9.4,-0.637,-0.886,0.0
8.971,-0.609,-0.895,0.0
8.576,-0.583,-0.902,0.0
8.227,-0.561,-0.909,0.0
10.474,-0.712,-0.862,0.0
9.896,-0.673,-0.868,2.0
9.492,-0.647,-0.883,0.0
9.083,-0.62,-0.895,0.0
8.662,-0.592,-0.9,0.0
8.306,-0.569,-0.907,0.0
10.622,-0.726,-0.861,0.0
10.028,-0.686,-0.866,0.0
9.599,-0.658,-0.88,0.0
9.176,-0.63,-0.892,0.0
8.74,-0.601,-0.896,0.0
8.396,-0.578,-0.906,0.0
10.737,-0.737,-0.856,0.0
10.17,-0.699,-0.865,0.0
9.743,-0.671,-0.881,1.0
9.268,-0.639,-0.888,0.0
8.864,-0.612,-0.897,0.0
8.509,-0.588,-0.907,0.0
10.9,-0.751,-0.855,0.0
10.355,-0.715,-0.867,0.0
9.803,-0.677,-0.873,3.0
9.381,-0.649,-0.886,0.0
8.962,-0.621,-0.895,0.0
8.584,-0.596,-0.903,0.0
11.037,-0.764,-0.85,0.0
10.491,-0.727,-0.864,0.0
9.896,-0.686,-0.868,2.0
9.499,-0.659,-0.885,0.0
9.088,-0.632,-0.895,0.0
8.684,-0.604,-0.901,0.0
11.189,-0.777,-0.847,0.0
10.616,-0.737,-0.859,0.0
10.043,-0.698,-0.867,0.0
9.629,-0.67,-0.883,0.0
9.196,-0.641,-0.892,0.0
8.772,-0.612,-0.898,0.0
11.373,-0.791,-0.844,0.0
10.756,-0.749,-0.856,0.0
10.226,-0.713,-0.868,0.0
9.758,-0.681,-0.881,2.0
9.304,-0.65,-0.89,0.0
8.889,-0.621,-0.898,0.0
11.523,-0.803,-0.839,0.0
10.927,-0.762,-0.854,0.0
10.371,-0.724,-0.865,0.0
9.824,-0.686,-0.873,3.0
9.429,-0.659,-0.888,0.0
9.006,-0.63,-0.896,0.0
11.697,-0.816,-0.835,0.0
11.084,-0.774,-0.85,0.0
10.52,-0.735,-0.863,0.0
9.941,-0.695,-0.869,2.0
9.544,-0.668,-0.885,0.0
9.119,-0.639,-0.894,0.0
11.876,-0.829,-0.831,0.0
11.256,-0.787,-0.847,0.0
10.667,-0.746,-0.859,0.0
10.096,-0.706,-0.868,0.0
9.704,-0.679,-0.885,0.0
9.243,-0.647,-0.892,0.0
12.071,-0.843,-0.826,0.0
11.427,-0.799,-0.843,0.0
10.845,-0.758,-0.857,0.0
10.291,-0.72,-0.869,0.0
9.78,-0.684,-0.878,2.0
9.37,-0.656,-0.89,0.0
12.273,-0.857,-0.822,0.0
11.622,-0.812,-0.84,0.0
11.006,-0.769,-0.853,0.0
10.453,-0.731,-0.867,0.0
9.886,-0.691,-0.872,2.0
9.49,-0.664,-0.888,0.0
12.495,-0.872,-0.818,0.0
11.791,-0.823,-0.834,0.0
11.164,-0.779,-0.849,0.0
10.616,-0.741,-0.864,0.0
10.029,-0.7,-0.869,1.0
9.599,-0.67,-0.883,0.0
12.713,-0.885,-0.813,1.0
11.979,-0.834,-0.829,0.0
11.349,-0.79,-0.845,0.0
10.754,-0.749,-0.859,0.0
10.21,-0.711,-0.869,0.0
9.761,-0.68,-0.883,2.0
12.954,-0.9,-0.808,0.0
12.202,-0.848,-0.826,0.0
11.535,-0.801,-0.841,0.0
10.924,-0.759,-0.855,0.0
10.394,-0.722,-0.869,0.0
9.847,-0.684,-0.875,3.0
13.208,-0.915,-0.804,1.0
12.392,-0.858,-0.819,0.0
11.714,-0.812,-0.836,0.0
11.117,-0.77,-0.853,0.0
10.562,-0.731,-0.866,0.0
9.974,-0.691,-0.871,1.0
13.46,-0.93,-0.798,1.0
12.614,-0.871,-0.814,1.0
11.939,-0.824,-0.833,0.0
11.293,-0.779,-0.849,0.0
10.711,-0.739,-0.862,0.0
10.151,-0.7,-0.87,0.0
13.707,-0.943,-0.791,1.0
12.884,-0.886,-0.811,1.0
12.097,-0.831,-0.825,2.0
11.471,-0.788,-0.844,0.0
10.895,-0.748,-0.859,0.0
10.355,-0.711,-0.871,0.0
13.958,-0.955,-0.784,1.0
13.14,-0.899,-0.806,1.0
12.337,-0.844,-0.822,1.0
11.677,-0.798,-0.841,0.0
11.071,-0.756,-0.855,0.0
10.519,-0.718,-0.868,0.0
14.269,-0.972,-0.778,1.0
13.395,-0.911,-0.801,1.0
12.571,-0.855,-0.818,0.0
11.883,-0.807,-0.836,0.0
11.252,-0.764,-0.851,0.0
10.69,-0.726,-0.865,0.0
14.58,-0.987,-0.772,1.0
13.648,-0.923,-0.794,1.0
12.813,-0.866,-0.813,1.0
12.08,-0.816,-0.831,1.0
11.447,-0.772,-0.848,0.0
10.848,-0.731,-0.86,0.0
14.952,-1.005,-0.768,1.0
13.912,-0.934,-0.787,1.0
13.087,-0.878,-0.809,1.0
12.283,-0.823,-0.825,1.0
11.627,-0.779,-0.842,0.0
11.025,-0.738,-0.857,0.0
15.296,-1.021,-0.761,1.0
14.194,-0.946,-0.78,1.0
13.326,-0.887,-0.802,0.0
12.517,-0.833,-0.821,1.0
11.826,-0.786,-0.837,0.0
11.204,-0.744,-0.852,0.0
15.681,-1.038,-0.755,2.0
14.537,-0.961,-0.776,1.0
13.593,-0.898,-0.797,1.0
12.75,-0.841,-0.815,1.0
12.042,-0.793,-0.833,0.0
11.384,-0.749,-0.847,0.0
16.031,-1.052,-0.746,3.0
14.865,-0.974,-0.769,1.0
13.853,-0.907,-0.789,1.0
13.022,-0.851,-0.811,0.0
12.272,-0.801,-0.829,0.0
11.586,-0.755,-0.844,0.0
16.46,-1.07,-0.739,2.0
15.181,-0.985,-0.761,1.0
14.147,-0.917,-0.783,1.0
13.297,-0.86,-0.807,1.0
12.473,-0.806,-0.822,1.0
11.792,-0.761,-0.839,0.0
16.793,-1.081,-0.727,2.0
15.578,-1.001,-0.756,1.0
14.494,-0.93,-0.779,1.0
13.525,-0.866,-0.799,1.0
12.721,-0.813,-0.818,1.0
12.009,-0.766,-0.835,0.0
17.194,-1.094,-0.716,1.0
15.921,-1.011,-0.746,1.0
14.785,-0.938,-0.771,1.0
13.786,-0.873,-0.792,1.0
12.971,-0.82,-0.813,0.0
12.228,-0.771,-0.831,0.0
17.639,-1.11,-0.707,1.0
16.314,-1.024,-0.739,1.0
15.139,-0.949,-0.764,1.0
14.076,-0.88,-0.786,1.0
13.246,-0.827,-0.809,0.0
12.449,-0.775,-0.825,0.0
18.132,-1.126,-0.697,2.0
16.753,-1.038,-0.731,1.0
15.489,-0.958,-0.757,1.0
14.421,-0.89,-0.782,1.0
13.507,-0.832,-0.803,1.0
12.682,-0.779,-0.82,0.0
18.684,-1.145,-0.688,3.0
17.194,-1.051,-0.723,1.0
15.839,-0.966,-0.749,1.0
14.728,-0.897,-0.775,1.0
13.753,-0.835,-0.796,1.0
12.924,-0.783,-0.815,0.0
19.208,-1.161,-0.677,3.0
17.649,-1.064,-0.714,1.0
16.266,-0.978,-0.743,1.0
15.04,-0.902,-0.767,1.0
13.99,-0.837,-0.787,1.0
13.203,-0.788,-0.812,0.0
19.705,-1.173,-0.663,3.0
18.132,-1.076,-0.705,1.0
16.671,-0.987,-0.735,1.0
15.408,-0.91,-0.761,1.0
14.318,-0.843,-0.782,1.0
13.453,-0.79,-0.806,1.0
20.365,-1.193,-0.653,4.0
18.579,-1.085,-0.693,1.0
17.115,-0.997,-0.727,1.0
15.75,-0.915,-0.753,1.0
14.647,-0.848,-0.777,1.0
13.706,-0.792,-0.799,1.0
20.988,-1.208,-0.639,4.0
19.105,-1.096,-0.682,1.0
17.552,-1.004,-0.718,1.0
16.117,-0.92,-0.745,1.0
14.981,-0.852,-0.771,1.0
13.963,-0.792,-0.792,1.0
21.676,-1.226,-0.626,5.0
19.658,-1.108,-0.67,1.0
18.01,-1.012,-0.708,1.0
16.546,-0.927,-0.739,1.0
15.346,-0.857,-0.766,1.0
14.259,-0.794,-0.786,1.0
22.345,-1.24,-0.61,4.0
20.235,-1.119,-0.658,1.0
18.474,-1.018,-0.698,1.0
16.984,-0.933,-0.732,1.0
15.691,-0.859,-0.758,1.0
14.564,-0.794,-0.78,1.0
23.134,-1.257,-0.596,10.0
20.875,-1.131,-0.647,1.0
18.984,-1.024,-0.687,1.0
17.399,-0.936,-0.723,1.0
16.047,-0.86,-0.751,1.0
14.882,-0.794,-0.774,1.0
23.791,-1.266,-0.576,10.0
21.498,-1.139,-0.633,1.0
19.514,-1.03,-0.676,1.0
17.829,-0.938,-0.713,1.0
16.437,-0.861,-0.743,1.0
15.215,-0.794,-0.768,1.0
24.594,-1.279,-0.557,4.0
22.167,-1.148,-0.618,1.0
20.027,-1.033,-0.663,1.0
18.267,-0.938,-0.703,1.0
16.825,-0.861,-0.735,1.0
15.541,-0.792,-0.76,1.0
25.622,-1.301,-0.542,1.0
22.945,-1.16,-0.605,2.0
20.606,-1.037,-0.651,1.0
18.736,-0.939,-0.692,1.0
17.262,-0.862,-0.728,1.0
15.89,-0.79,-0.754,1.0
26.473,-1.311,-0.52,2.0
23.569,-1.162,-0.586,1.0
21.249,-1.043,-0.64,1.0
19.253,-0.941,-0.683,1.0
17.687,-0.86,-0.72,1.0
16.244,-0.786,-0.746,1.0
27.673,-1.335,-0.502,3.0
24.447,-1.173,-0.572,1.0
21.899,-1.046,-0.627,1.0
19.76,-0.939,-0.671,1.0
18.069,-0.855,-0.709,1.0
16.642,-0.784,-0.74,1.0
28.577,-1.34,-0.477,3.0
25.23,-1.178,-0.554,1.0
22.625,-1.051,-0.615,1.0
20.283,-0.937,-0.659,1.0
18.5,-0.85,-0.699,1.0
17.018,-0.778,-0.732,1.0
29.269,-1.333,-0.446,2.0
26.073,-1.181,-0.534,1.0
23.238,-1.047,-0.598,1.0
20.876,-0.935,-0.649,1.0
18.986,-0.846,-0.69,1.0
17.445,-0.773,-0.725,1.0
30.269,-1.336,-0.418,2.0
26.868,-1.179,-0.512,1.0
23.925,-1.043,-0.581,1.0
21.505,-0.933,-0.637,1.0
19.478,-0.84,-0.68,1.0
17.847,-0.765,-0.716,1.0
31.383,-1.339,-0.388,1.0
27.705,-1.176,-0.488,1.0
24.812,-1.046,-0.568,1.0
22.126,-0.927,-0.624,1.0
19.935,-0.83,-0.667,1.0
18.231,-0.755,-0.706,1.0
32.939,-1.357,-0.361,1.0
28.639,-1.172,-0.465,1.0
25.48,-1.037,-0.547,1.0
22.781,-0.921,-0.611,1.0
20.468,-0.822,-0.657,1.0
18.67,-0.745,-0.697,1.0
37.691,-1.496,-0.362,2.0
29.653,-1.169,-0.44,2.0
26.343,-1.031,-0.53,1.0
23.408,-0.91,-0.596,2.0
21.059,-0.813,-0.647,1.0
19.122,-0.733,-0.688,1.0
37.734,-1.439,-0.311,20.0
30.524,-1.156,-0.412,1.0
27.029,-1.016,-0.507,1.0
24.002,-0.896,-0.579,1.0
21.612,-0.801,-0.635,1.0
19.58,-0.72,-0.678,1.0
40.102,-1.467,-0.277,10.0
31.868,-1.156,-0.388,1.0
27.875,-1.003,-0.486,1.0
24.836,-0.887,-0.566,1.0
22.201,-0.787,-0.623,1.0
20.051,-0.705,-0.668,1.0
0.0,0.0,0.0,0.0
32.755,-1.136,-0.355,1.0
28.674,-0.986,-0.462,1.0
25.533,-0.871,-0.549,1.0
22.869,-0.773,-0.612,1.0
20.493,-0.687,-0.657,1.0
0.0,0.0,0.0,0.0
35.42,-1.17,-0.339,0.0
29.579,-0.968,-0.439,1.0
26.238,-0.851,-0.53,1.0
23.421,-0.753,-0.597,2.0
21.027,-0.67,-0.647,1.0
0.0,0.0,0.0,0.0
40.263,-1.263,-0.335,0.0
30.364,-0.943,-0.413,1.0
26.895,-0.827,-0.51,1.0
23.998,-0.731,-0.582,1.0
21.573,-0.651,-0.637,1.0
40.25,-1.206,-0.073,29.0
40.13,-1.191,-0.285,11.0
31.486,-0.925,-0.389,1.0
27.655,-0.804,-0.491,1.0
24.752,-0.712,-0.57,1.0
22.127,-0.63,-0.627,1.0
40.207,-1.136,-0.024,66.0
40.586,-1.135,-0.239,16.0
32.419,-0.896,-0.362,1.0
28.494,-0.779,-0.472,1.0
25.339,-0.686,-0.554,1.0
22.681,-0.607,-0.616,1.0
40.638,-1.077,0.023,50.0
40.991,-1.074,-0.193,157.0
33.879,-0.878,-0.339,0.0
29.13,-0.746,-0.449,1.0
25.992,-0.658,-0.538,1.0
23.249,-0.581,-0.605,2.0
40.308,-0.998,0.068,0.0
40.296,-0.986,-0.144,4.0
36.558,-0.882,-0.325,0.0
29.791,-0.71,-0.425,1.0
26.721,-0.628,-0.523,1.0
23.708,-0.55,-0.59,2.0
40.31,-0.926,0.114,150.0
40.307,-0.913,-0.099,8.0
40.223,-0.899,-0.313,3.0
30.569,-0.673,-0.403,1.0
27.23,-0.591,-0.503,1.0
24.284,-0.52,-0.578,1.0
0.0,0.0,0.0,0.0
56.385,-1.175,-0.078,1.0
40.202,-0.825,-0.269,5.0
31.583,-0.638,-0.382,1.0
27.851,-0.553,-0.485,1.0
24.938,-0.487,-0.567,1.0
40.276,-0.777,0.201,50.0
40.294,-0.765,-0.013,62.0
40.279,-0.751,-0.227,26.0
33.118,-0.607,-0.366,1.0
28.524,-0.513,-0.467,1.0
25.449,-0.45,-0.552,2.0
40.28,-0.702,0.242,51.0
40.317,-0.69,0.028,47.0
40.332,-0.677,-0.186,2.0
33.972,-0.559,-0.341,1.0
29.256,-0.472,-0.449,1.0
26.036,-0.412,-0.539,1.0
91.524,-1.424,0.642,4.0
248.328,-3.786,0.419,23.0
50.78,-0.757,-0.184,3.0
35.639,-0.519,-0.323,1.0
29.786,-0.424,-0.428,1.0
26.497,-0.368,-0.522,1.0
87.831,-1.198,0.702,4.0
86.95,-1.157,0.231,8.0
54.517,-0.708,-0.145,1.0
37.857,-0.479,-0.306,1.0
30.375,-0.374,-0.408,1.0
27.1,-0.325,-0.509,1.0
79.438,-0.929,0.71,150.0
60.942,-0.694,0.219,3.0
0.0,0.0,0.0,0.0
38.566,-0.413,-0.277,11.0
30.978,-0.321,-0.388,2.0
27.796,-0.279,-0.496,2.0
79.453,-0.775,0.782,164.0
77.18,-0.727,0.347,4.0
51.593,-0.469,-0.044,5.0
42.231,-0.37,-0.266,6.0
32.152,-0.271,-0.374,1.0
28.2,-0.228,-0.479,1.0
79.458,-0.617,0.852,185.0
76.961,-0.573,0.413,10.0
52.198,-0.371,0.0,5.0
42.092,-0.285,-0.229,7.0
32.962,-0.212,-0.356,1.0
28.802,-0.176,-0.465,2.0
79.466,-0.461,0.919,160.0
76.702,-0.418,0.476,12.0
0.0,0.0,0.0,0.0
39.846,-0.191,-0.184,3.0
33.678,-0.149,-0.336,1.0
29.298,-0.12,-0.449,2.0
79.461,-0.302,0.983,151.0
79.229,-0.274,0.554,32.0
0.0,0.0,0.0,0.0
40.872,-0.114,-0.157,17.0
37.172,-0.091,-0.342,0.0
29.705,-0.063,-0.433,2.0
79.458,-0.144,1.043,151.0
79.349,-0.116,0.615,60.0
55.684,-0.063,0.132,29.0
41.059,-0.032,-0.127,17.0
38.245,-0.017,-0.324,3.0
30.07,-0.004,-0.416,1.0
79.463,0.016,1.101,151.0
79.438,0.041,0.673,150.0
58.132,0.05,0.179,6.0
0.0,0.0,0.0,0.0
38.165,0.059,-0.296,5.0
30.584,0.057,-0.402,1.0
79.467,0.177,1.157,151.0
79.453,0.203,0.728,150.0
59.189,0.171,0.223,9.0
44.528,0.144,-0.076,23.0
38.028,0.136,-0.269,13.0
31.101,0.122,-0.388,1.0
59.301,0.253,0.902,120.0
59.296,0.274,0.582,135.0
55.04,0.273,0.244,62.0
45.102,0.238,-0.048,20.0
38.248,0.215,-0.247,13.0
31.727,0.189,-0.376,1.0
48.122,0.305,0.762,77.0
48.099,0.321,0.502,59.0
48.091,0.337,0.242,50.0
46.67,0.343,-0.021,31.0
38.219,0.294,-0.224,34.0
32.489,0.261,-0.366,1.0
48.099,0.404,0.79,115.0
48.073,0.419,0.53,104.0
48.044,0.435,0.27,106.0
47.297,0.445,0.005,42.0
38.313,0.373,-0.203,46.0
32.904,0.331,-0.352,1.0
48.135,0.504,0.818,99.0
48.106,0.519,0.556,98.0
48.06,0.535,0.295,78.0
47.708,0.547,0.03,59.0
38.478,0.454,-0.183,52.0
33.355,0.405,-0.34,1.0
189.074,2.372,3.31,22.0
121.272,1.564,1.466,15.0
48.183,0.637,0.321,7.0
47.902,0.649,0.054,54.0
38.738,0.539,-0.165,52.0
37.023,0.527,-0.359,0.0
189.525,2.773,3.409,28.0
126.22,1.89,1.585,10.0
0.0,0.0,0.0,0.0
48.027,0.751,0.076,22.0
39.1,0.625,-0.149,45.0
36.898,0.602,-0.342,2.0
189.791,3.174,3.498,12.0
126.214,2.154,1.64,18.0
77.696,1.351,0.586,17.0
0.0,0.0,0.0,0.0
39.358,0.71,-0.134,38.0
36.773,0.676,-0.325,7.0
128.025,2.409,2.411,28.0
106.313,2.035,1.423,2.0
77.859,1.517,0.618,21.0
0.0,0.0,0.0,0.0
39.522,0.796,-0.12,35.0
36.729,0.752,-0.311,6.0
106.284,2.221,2.04,6.0
89.864,1.909,1.235,10.0
77.876,1.681,0.646,28.0
0.0,0.0,0.0,0.0
39.683,0.883,-0.107,21.0
36.667,0.828,-0.299,8.0
0.0,0.0,0.0,0.0
106.204,2.48,1.494,6.0
77.923,1.845,0.671,32.0
54.623,1.312,0.167,10.0
42.742,1.04,-0.102,3.0
36.61,0.903,-0.287,10.0
100.31,2.518,1.988,19.0
106.14,2.7,1.524,10.0
77.967,2.009,0.693,39.0
58.216,1.52,0.193,11.0
42.625,1.127,-0.091,16.0
36.586,0.979,-0.278,12.0
0.0,0.0,0.0,0.0
106.022,2.922,1.549,7.0
77.967,2.173,0.712,40.0
58.759,1.658,0.209,14.0
41.0,1.171,-0.078,16.0
36.564,1.056,-0.269,14.0
0.0,0.0,0.0,0.0
100.568,2.984,1.49,2.0
77.995,2.339,0.728,31.0
58.762,1.782,0.221,14.0
42.935,1.315,-0.073,2.0
36.498,1.131,-0.262,14.0
0.0,0.0,0.0,0.0
0.0,0.0,0.0,0.0
78.136,2.508,0.742,25.0
58.735,1.904,0.23,15.0
42.636,1.396,-0.066,8.0
36.415,1.204,-0.257,15.0
0.0,0.0,0.0,0.0
0.0,0.0,0.0,0.0
78.144,2.67,0.752,26.0
58.756,2.027,0.237,11.0
46.647,1.625,-0.067,5.0
36.338,1.277,-0.252,17.0
0.0,0.0,0.0,0.0
0.0,0.0,0.0,0.0
78.139,2.832,0.759,25.0
55.233,2.02,0.227,16.0
41.955,1.548,-0.057,18.0
36.27,1.349,-0.249,20.0
0.0,0.0,0.0,0.0
0.0,0.0,0.0,0.0
78.296,3.001,0.764,27.0
55.27,2.135,0.229,22.0
41.876,1.632,-0.056,18.0
36.218,1.423,-0.248,20.0
0.0,0.0,0.0,0.0
101.101,4.053,1.546,1.0
78.181,3.159,0.764,29.0
55.134,2.245,0.229,29.0
41.79,1.715,-0.056,18.0
36.139,1.494,-0.247,19.0
0.0,0.0,0.0,0.0
0.0,0.0,0.0,0.0
78.04,3.314,0.761,19.0
54.93,2.35,0.227,29.0
41.668,1.795,-0.057,20.0
36.041,1.564,-0.248,18.0
0.0,0.0,0.0,0.0
0.0,0.0,0.0,0.0
77.935,3.471,0.755,22.0
54.803,2.458,0.222,29.0
41.557,1.876,-0.06,17.0
35.93,1.633,-0.251,18.0
0.0,0.0,0.0,0.0
105.9,4.901,1.601,1.0
77.881,3.629,0.747,57.0
54.687,2.564,0.216,29.0
41.121,1.94,-0.064,32.0
35.82,1.702,-0.254,19.0
0.0,0.0,0.0,0.0
0.0,0.0,0.0,0.0
77.744,3.781,0.734,39.0
54.58,2.671,0.208,29.0
40.942,2.016,-0.07,40.0
35.711,1.769,-0.259,15.0
0.0,0.0,0.0,0.0
105.872,5.328,1.569,24.0
77.276,3.913,0.717,24.0
54.428,2.772,0.197,28.0
40.768,2.089,-0.077,42.0
35.587,1.834,-0.265,7.0
162.678,8.468,3.282,8.0
105.867,5.542,1.548,123.0
75.957,3.998,0.688,28.0
54.277,2.873,0.185,28.0
40.634,2.163,-0.086,46.0
35.488,1.899,-0.272,13.0
162.737,8.795,3.245,36.0
105.957,5.758,1.523,13.0
75.387,4.119,0.665,16.0
54.198,2.976,0.171,22.0
40.867,2.257,-0.098,15.0
35.407,1.966,-0.281,8.0
163.374,9.156,3.213,19.0
105.944,5.966,1.494,2.0
74.908,4.24,0.639,25.0
54.176,3.081,0.155,13.0
40.275,2.303,-0.108,37.0
35.324,2.03,-0.291,7.0
162.228,9.407,3.141,14.0
120.909,7.045,1.668,6.0
74.368,4.354,0.611,23.0
54.315,3.195,0.138,7.0
40.398,2.388,-0.121,32.0
35.256,2.094,-0.302,8.0
140.038,8.391,2.664,2.0
33.454,2.014,0.449,1.0
73.908,4.471,0.581,13.0
46.276,2.812,0.101,20.0
40.261,2.458,-0.136,8.0
0.0,0.0,0.0,0.0
33.471,2.071,0.624,152.0
33.457,2.079,0.436,93.0
33.468,2.089,0.25,3.0
45.697,2.865,0.081,20.0
36.514,2.299,-0.138,22.0
0.0,0.0,0.0,0.0
139.617,8.905,2.545,67.0
120.906,7.744,1.529,12.0
73.606,4.734,0.518,17.0
46.321,2.992,0.062,20.0
36.346,2.358,-0.153,39.0
35.058,2.284,-0.344,1.0
139.662,9.171,2.483,27.0
80.844,5.33,0.985,5.0
58.572,3.877,0.386,10.0
42.519,2.826,0.038,17.0
36.243,2.418,-0.17,35.0
32.653,2.188,-0.335,1.0
114.74,7.748,1.985,11.0
85.095,5.768,0.996,4.0
58.01,3.948,0.354,32.0
42.12,2.878,0.017,17.0
0.0,0.0,0.0,0.0
31.996,2.203,-0.345,1.0
114.642,7.955,1.924,18.0
80.579,5.611,0.901,5.0
0.0,0.0,0.0,0.0
41.771,2.931,-0.005,36.0
0.0,0.0,0.0,0.0
31.436,2.222,-0.356,1.0
139.645,9.943,2.268,22.0
74.6,5.331,0.793,16.0
55.288,3.964,0.277,29.0
41.438,2.982,-0.028,46.0
0.0,0.0,0.0,0.0
30.836,2.235,-0.367,1.0
103.775,7.575,1.625,53.0
74.412,5.45,0.747,29.0
54.267,3.989,0.24,28.0
0.0,0.0,0.0,0.0
35.166,2.602,-0.242,14.0
30.445,2.261,-0.381,2.0
103.824,7.762,1.562,11.0
74.127,5.559,0.699,30.0
53.933,4.058,0.205,17.0
41.114,3.104,-0.078,19.0
34.979,2.649,-0.263,11.0
30.048,2.284,-0.395,2.0
102.991,7.881,1.483,10.0
73.875,5.671,0.648,29.0
48.274,3.717,0.151,20.0
0.0,0.0,0.0,0.0
34.891,2.703,-0.286,5.0
29.628,2.303,-0.41,2.0
74.568,5.834,1.024,23.0
73.795,5.79,0.598,12.0
48.184,3.792,0.118,22.0
0.0,0.0,0.0,0.0
34.834,2.758,-0.309,10.0
29.378,2.333,-0.426,2.0
74.464,5.95,0.97,24.0
58.573,4.694,0.433,32.0
42.303,3.4,0.074,3.0
35.861,2.89,-0.142,12.0
33.377,2.698,-0.32,1.0
24.857,2.015,-0.379,2.0
74.422,6.07,0.915,27.0
57.666,4.715,0.384,32.0
42.045,3.447,0.043,16.0
36.244,2.98,-0.17,12.0
32.194,2.654,-0.333,1.0
24.44,2.021,-0.391,5.0
74.362,6.185,0.858,23.0
56.297,4.694,0.332,31.0
41.552,3.474,0.01,16.0
35.109,2.943,-0.192,11.0
31.306,2.632,-0.348,1.0
23.726,2.0,-0.398,5.0
66.241,5.616,0.712,21.0
54.5,4.632,0.277,29.0
41.246,3.515,-0.022,42.0
34.808,2.973,-0.219,8.0
30.655,2.626,-0.366,1.0
23.022,1.977,-0.405,5.0
34.311,2.963,0.34,1.0
54.025,4.677,0.23,9.0
41.009,3.559,-0.056,34.0
34.762,3.024,-0.248,11.0
30.194,2.633,-0.386,2.0
22.457,1.963,-0.414,4.0
65.36,5.745,0.593,24.0
49.038,4.32,0.167,4.0
37.78,3.336,-0.084,22.0
34.745,3.075,-0.278,9.0
13.881,1.231,-0.189,6.0
13.884,1.235,-0.268,7.0
65.202,5.829,0.535,17.0
46.372,4.155,0.118,20.0
36.68,3.294,-0.114,12.0
13.902,1.251,-0.123,13.0
13.872,1.251,-0.201,24.0
13.85,1.252,-0.28,19.0
13.872,1.26,0.101,5.0
13.88,1.263,0.022,13.0
13.868,1.265,-0.055,18.0
13.847,1.266,-0.135,25.0
13.849,1.269,-0.214,28.0
13.834,1.271,-0.292,24.0
13.856,1.279,0.088,23.0
13.859,1.282,0.009,30.0
13.834,1.282,-0.068,29.0
13.836,1.285,-0.148,32.0
13.828,1.287,-0.227,32.0
13.819,1.289,-0.305,31.0
13.839,1.297,0.075,34.0
13.836,1.299,-0.003,36.0
13.831,1.301,-0.081,35.0
13.811,1.302,-0.161,34.0
13.81,1.304,-0.24,34.0
13.811,1.307,-0.318,32.0
13.829,1.314,0.061,38.0
13.822,1.316,-0.016,46.0
13.815,1.318,-0.095,39.0
13.806,1.32,-0.175,38.0
13.798,1.322,-0.253,35.0
13.781,1.323,-0.331,33.0
13.813,1.331,0.048,40.0
13.807,1.333,-0.03,109.0
13.795,1.334,-0.108,99.0
13.78,1.335,-0.188,35.0
13.777,1.337,-0.266,36.0
13.767,1.339,-0.344,35.0
13.795,1.347,0.034,55.0
13.796,1.35,-0.044,130.0
13.786,1.351,-0.122,99.0
13.777,1.352,-0.202,40.0
13.777,1.355,-0.281,45.0
13.763,1.356,-0.359,37.0
13.786,1.364,0.019,64.0
13.786,1.366,-0.058,117.0
13.78,1.367,-0.137,58.0
13.779,1.37,-0.216,72.0
13.773,1.371,-0.295,86.0
13.768,1.373,-0.373,37.0
13.784,1.38,0.005,73.0
13.785,1.382,-0.073,87.0
13.778,1.384,-0.151,54.0
13.779,1.386,-0.231,76.0
13.776,1.388,-0.309,87.0
13.769,1.39,-0.388,34.0
13.785,1.396,-0.009,54.0
13.776,1.397,-0.087,107.0
13.771,1.399,-0.166,66.0
13.774,1.401,-0.246,40.0
13.773,1.403,-0.324,80.0
13.766,1.405,-0.403,29.0
13.78,1.411,-0.024,40.0
13.773,1.412,-0.102,134.0
13.77,1.414,-0.181,78.0
13.772,1.416,-0.261,38.0
13.772,1.419,-0.34,37.0
13.757,1.419,-0.418,28.0
13.773,1.425,-0.039,40.0
13.771,1.427,-0.118,109.0
13.766,1.428,-0.196,120.0
13.772,1.431,-0.276,36.0
13.769,1.433,-0.355,32.0
13.762,1.434,-0.433,32.0
13.773,1.44,-0.054,40.0
13.776,1.442,-0.133,104.0
13.78,1.444,-0.212,97.0
13.773,1.445,-0.292,36.0
13.777,1.448,-0.37,30.0
13.766,1.449,-0.449,32.0
13.792,1.455,-0.07,39.0
13.782,1.456,-0.149,86.0
13.775,1.457,-0.227,82.0
13.774,1.459,-0.307,37.0
13.772,1.461,-0.386,34.0
13.763,1.462,-0.465,31.0
13.784,1.468,-0.086,36.0
13.785,1.47,-0.165,44.0
13.781,1.471,-0.243,46.0
13.778,1.473,-0.323,35.0
13.776,1.474,-0.402,36.0
13.751,1.473,-0.48,28.0
13.798,1.482,-0.102,34.0
13.785,1.482,-0.181,39.0
13.79,1.484,-0.26,38.0
13.777,1.485,-0.34,31.0
13.768,1.486,-0.418,35.0
13.717,1.482,-0.495,21.0
13.8,1.494,-0.118,31.0
13.789,1.495,-0.197,36.0
13.794,1.497,-0.276,38.0
13.773,1.496,-0.356,27.0
13.771,1.498,-0.434,29.0
13.708,1.493,-0.511,18.0
13.804,1.506,-0.135,24.0
13.801,1.507,-0.213,29.0
13.805,1.509,-0.292,36.0
13.777,1.508,-0.372,26.0
13.751,1.507,-0.45,24.0
13.693,1.502,-0.527,17.0
13.814,1.518,-0.151,20.0
13.804,1.518,-0.23,23.0
13.804,1.52,-0.309,31.0
13.77,1.518,-0.388,27.0
13.746,1.517,-0.466,24.0
13.664,1.509,-0.542,12.0
13.833,1.53,-0.168,16.0
13.809,1.529,-0.246,17.0
13.795,1.529,-0.325,24.0
13.772,1.528,-0.405,24.0
13.735,1.525,-0.483,20.0
13.561,1.508,-0.554,10.0
13.856,1.543,-0.185,15.0
13.821,1.54,-0.264,16.0
13.79,1.538,-0.342,20.0
13.769,1.537,-0.422,18.0
13.728,1.534,-0.499,17.0
13.437,1.503,-0.566,8.0
24.352,2.728,-0.355,1.0
13.829,1.55,-0.281,17.0
13.8,1.548,-0.359,20.0
13.774,1.546,-0.439,19.0
13.733,1.543,-0.516,19.0
13.35,1.501,-0.578,10.0
13.851,1.56,-0.218,7.0
13.833,1.559,-0.297,15.0
13.804,1.557,-0.376,17.0
13.772,1.554,-0.455,16.0
13.7,1.547,-0.531,16.0
13.25,1.498,-0.59,10.0
22.284,2.522,-0.379,1.0
13.85,1.568,-0.315,14.0
13.799,1.564,-0.393,16.0
13.763,1.561,-0.472,14.0
13.643,1.548,-0.546,12.0
13.108,1.489,-0.6,8.0
21.656,2.462,-0.395,2.0
13.857,1.576,-0.332,13.0
13.805,1.571,-0.41,19.0
13.76,1.567,-0.489,13.0
13.51,1.54,-0.557,9.0
13.072,1.491,-0.614,10.0
20.951,2.392,-0.408,3.0
13.848,1.582,-0.349,14.0
13.804,1.578,-0.427,18.0
13.749,1.572,-0.506,13.0
13.434,1.537,-0.571,9.0
13.052,1.495,-0.63,14.0
20.47,2.346,-0.424,3.0
13.827,1.585,-0.365,8.0
13.81,1.584,-0.444,12.0
13.722,1.575,-0.521,12.0
13.314,1.529,-0.582,10.0
13.029,1.497,-0.645,8.0
19.927,2.291,-0.437,1.0
13.837,1.591,-0.383,8.0
13.784,1.586,-0.46,8.0
13.679,1.575,-0.537,7.0
13.17,1.517,-0.592,6.0
12.836,1.48,-0.651,2.0
19.47,2.245,-0.451,0.0
13.833,1.596,-0.4,8.0
13.769,1.589,-0.477,7.0
13.56,1.566,-0.549,5.0
13.076,1.511,-0.604,5.0
10.019,1.158,-0.521,2.0
13.867,1.603,-0.338,2.0
13.838,1.6,-0.417,8.0
13.764,1.592,-0.493,7.0
13.462,1.558,-0.561,5.0
13.064,1.513,-0.62,6.0
10.006,1.159,-0.532,3.0
10.011,1.159,-0.256,12.0
13.827,1.602,-0.433,7.0
13.739,1.592,-0.509,6.0
13.364,1.55,-0.573,6.0
13.049,1.514,-0.635,6.0
9.995,1.16,-0.544,4.0
10.013,1.162,-0.268,14.0
13.814,1.603,-0.45,6.0
13.724,1.593,-0.526,6.0
13.259,1.54,-0.585,6.0
12.99,1.509,-0.648,3.0
10.008,1.163,-0.557,7.0
10.026,1.165,-0.281,15.0
13.801,1.604,-0.466,5.0
13.658,1.588,-0.539,5.0
13.112,1.525,-0.595,5.0
10.011,1.164,-0.511,11.0
10.011,1.165,-0.569,8.0
13.867,1.613,-0.405,4.0
13.8,1.605,-0.483,5.0
13.534,1.575,-0.551,4.0
13.055,1.519,-0.608,5.0
9.992,1.163,-0.523,10.0
10.005,1.165,-0.581,8.0
13.849,1.611,-0.422,5.0
13.772,1.603,-0.498,5.0
13.441,1.564,-0.563,5.0
13.06,1.52,-0.624,5.0
9.995,1.164,-0.535,10.0
10.006,1.166,-0.593,8.0
13.829,1.609,-0.437,5.0
13.749,1.6,-0.514,5.0
13.32,1.55,-0.574,6.0
13.037,1.518,-0.638,5.0
10.004,1.165,-0.547,9.0
10.017,1.167,-0.606,7.0
13.811,1.607,-0.453,5.0
13.721,1.596,-0.529,5.0
13.225,1.539,-0.586,5.0
10.007,1.164,-0.502,8.0
10.004,1.164,-0.559,7.0
10.022,1.167,-0.618,6.0
13.793,1.604,-0.469,5.0
13.638,1.586,-0.542,5.0
13.088,1.522,-0.595,5.0
10.005,1.163,-0.513,6.0
10.011,1.164,-0.571,5.0
10.094,1.174,-0.634,4.0
13.77,1.599,-0.484,7.0
13.508,1.569,-0.552,5.0
13.075,1.518,-0.61,5.0
10.0,1.161,-0.525,4.0
10.048,1.167,-0.585,5.0
10.123,1.176,-0.648,3.0
13.758,1.596,-0.5,7.0
13.425,1.557,-0.565,6.0
13.067,1.515,-0.625,6.0
10.008,1.16,-0.537,3.0
10.211,1.184,-0.606,4.0
10.173,1.18,-0.663,3.0
13.732,1.59,-0.514,7.0
13.324,1.542,-0.576,6.0
13.022,1.507,-0.637,5.0
10.021,1.16,-0.549,2.0
10.439,1.208,-0.632,4.0
10.224,1.183,-0.678,2.0
13.701,1.583,-0.529,7.0
13.213,1.526,-0.586,6.0
12.906,1.49,-0.646,3.0
11.861,1.37,-0.663,0.0
10.611,1.225,-0.654,1.0
10.224,1.181,-0.689,3.0
13.616,1.569,-0.54,7.0
13.082,1.507,-0.594,7.0
12.686,1.461,-0.649,2.0
11.703,1.348,-0.667,2.0
10.873,1.252,-0.682,1.0
10.108,1.164,-0.692,4.0
13.514,1.553,-0.551,10.0
13.063,1.5,-0.607,10.0
12.436,1.428,-0.65,1.0
11.524,1.323,-0.669,1.0
10.735,1.232,-0.685,0.0
10.052,1.154,-0.699,3.0
13.448,1.54,-0.563,10.0
13.067,1.496,-0.622,13.0
12.274,1.404,-0.654,2.0
11.352,1.299,-0.671,1.0
10.597,1.212,-0.688,1.0
9.963,1.139,-0.704,2.0
13.34,1.522,-0.572,9.0
13.045,1.487,-0.635,15.0
12.155,1.385,-0.661,2.0
11.184,1.274,-0.673,1.0
10.459,1.192,-0.69,1.0
9.813,1.118,-0.704,2.0
13.281,1.509,-0.584,10.0
12.977,1.473,-0.645,6.0
11.99,1.361,-0.664,1.0
11.09,1.258,-0.679,2.0
10.319,1.171,-0.691,2.0
9.732,1.104,-0.708,2.0
13.133,1.485,-0.591,8.0
12.781,1.445,-0.648,3.0
11.794,1.332,-0.665,1.0
10.957,1.237,-0.682,2.0
10.238,1.156,-0.696,2.0
9.698,1.095,-0.715,2.0
13.088,1.473,-0.602,10.0
12.588,1.416,-0.651,1.0
11.605,1.305,-0.666,1.0
10.832,1.217,-0.685,1.0
10.11,1.136,-0.697,2.0
9.628,1.081,-0.72,1.0
13.089,1.465,-0.614,11.0
12.383,1.385,-0.652,1.0
11.485,1.284,-0.67,2.0
10.707,1.197,-0.687,1.0
10.023,1.12,-0.701,2.0
9.539,1.065,-0.722,0.0
13.081,1.456,-0.626,10.0
12.26,1.364,-0.657,2.0
11.374,1.265,-0.674,1.0
10.591,1.177,-0.69,1.0
9.929,1.103,-0.704,2.0
9.428,1.047,-0.722,1.0
13.057,1.445,-0.637,11.0
12.147,1.343,-0.662,1.0
11.246,1.243,-0.677,1.0
10.492,1.159,-0.693,1.0
9.82,1.084,-0.705,1.0
9.334,1.03,-0.724,1.0
12.975,1.426,-0.645,7.0
11.981,1.316,-0.664,1.0
11.097,1.218,-0.678,1.0
10.353,1.136,-0.693,1.0
9.742,1.068,-0.708,2.0
9.266,1.015,-0.726,1.0
12.854,1.403,-0.65,4.0
11.854,1.293,-0.667,2.0
10.958,1.195,-0.679,2.0
10.253,1.117,-0.695,2.0
9.698,1.056,-0.713,1.0
9.213,1.003,-0.73,1.0
12.682,1.375,-0.652,2.0
11.711,1.268,-0.669,1.0
10.873,1.177,-0.683,2.0
10.148,1.098,-0.696,2.0
9.658,1.044,-0.718,1.0
9.145,0.988,-0.732,1.0
12.531,1.348,-0.654,2.0
11.619,1.249,-0.673,1.0
10.799,1.16,-0.687,1.0
10.07,1.081,-0.699,2.0
9.565,1.026,-0.719,1.0
9.084,0.973,-0.735,1.0
12.38,1.321,-0.656,3.0
11.508,1.227,-0.675,1.0
10.697,1.139,-0.689,1.0
10.006,1.065,-0.702,2.0
9.508,1.011,-0.722,1.0
9.021,0.959,-0.736,0.0
12.302,1.302,-0.661,3.0
11.355,1.2,-0.675,1.0
10.584,1.118,-0.689,2.0
9.945,1.049,-0.706,2.0
9.436,0.995,-0.723,1.0
8.955,0.943,-0.738,0.0
12.174,1.277,-0.663,2.0
11.269,1.181,-0.678,1.0
10.503,1.1,-0.692,2.0
9.865,1.032,-0.707,2.0
9.376,0.98,-0.726,1.0
8.882,0.927,-0.738,1.0
12.067,1.254,-0.666,2.0
11.183,1.161,-0.68,1.0
10.431,1.082,-0.694,2.0
9.799,1.015,-0.709,1.0
9.321,0.965,-0.728,1.0
8.836,0.914,-0.74,1.0
11.999,1.235,-0.67,2.0
11.105,1.142,-0.683,1.0
10.335,1.061,-0.694,2.0
9.731,0.998,-0.71,2.0
9.307,0.954,-0.732,1.0
8.786,0.9,-0.742,1.0
11.882,1.211,-0.671,2.0
11.045,1.124,-0.686,2.0
10.292,1.046,-0.698,2.0
9.698,0.985,-0.714,2.0
9.267,0.94,-0.735,1.0
8.739,0.885,-0.743,1.0
11.758,1.186,-0.671,1.0
10.938,1.101,-0.686,2.0
10.228,1.029,-0.7,1.0
9.659,0.97,-0.717,2.0
9.207,0.924,-0.736,1.0
8.598,0.862,-0.736,1.0
11.678,1.165,-0.673,2.0
10.867,1.082,-0.688,2.0
10.152,1.01,-0.7,2.0
9.643,0.958,-0.721,2.0
9.143,0.907,-0.735,1.0
8.399,0.832,-0.724,1.0
11.634,1.147,-0.676,2.0
10.828,1.066,-0.691,2.0
10.096,0.993,-0.702,2.0
9.618,0.945,-0.724,1.0
9.091,0.892,-0.736,1.0
8.202,0.803,-0.711,1.0
11.587,1.129,-0.679,1.0
10.795,1.051,-0.694,1.0
10.036,0.975,-0.702,2.0
9.573,0.929,-0.725,1.0
9.062,0.878,-0.738,1.0
8.148,0.789,-0.71,1.0
11.49,1.106,-0.679,1.0
10.728,1.031,-0.695,0.0
9.992,0.959,-0.704,2.0
9.516,0.912,-0.725,1.0
9.026,0.864,-0.739,1.0
8.073,0.771,-0.707,2.0
11.424,1.086,-0.68,1.0
10.676,1.013,-0.696,1.0
9.972,0.945,-0.706,2.0
9.492,0.898,-0.727,1.0
9.027,0.853,-0.743,1.0
8.071,0.761,-0.71,2.0
11.378,1.068,-0.682,2.0
10.599,0.993,-0.695,1.0
9.938,0.929,-0.708,2.0
9.465,0.884,-0.729,1.0
9.003,0.839,-0.744,0.0
8.036,0.748,-0.71,3.0
11.352,1.051,-0.684,2.0
10.564,0.976,-0.696,1.0
9.917,0.915,-0.71,2.0
9.441,0.87,-0.73,1.0
8.955,0.824,-0.743,0.0
7.998,0.734,-0.709,3.0
11.344,1.036,-0.687,2.0
10.544,0.961,-0.698,1.0
9.885,0.899,-0.71,2.0
9.44,0.857,-0.732,1.0
8.923,0.809,-0.743,1.0
7.992,0.723,-0.711,3.0
11.308,1.018,-0.688,1.0
10.526,0.945,-0.7,1.0
9.855,0.884,-0.711,2.0
9.431,0.844,-0.734,1.0
8.908,0.796,-0.744,1.0
7.992,0.713,-0.713,3.0
11.257,0.998,-0.688,2.0
10.534,0.932,-0.703,1.0
9.837,0.869,-0.711,2.0
9.419,0.83,-0.735,0.0
8.889,0.782,-0.744,1.0
7.976,0.7,-0.713,2.0
11.249,0.982,-0.689,2.0
10.518,0.916,-0.703,1.0
9.833,0.855,-0.713,2.0
9.395,0.815,-0.735,0.0
8.889,0.77,-0.746,1.0
8.002,0.692,-0.716,2.0
11.231,0.965,-0.69,2.0
10.476,0.898,-0.702,1.0
9.824,0.841,-0.714,2.0
9.372,0.8,-0.735,1.0
8.882,0.757,-0.746,1.0
8.049,0.684,-0.722,2.0
11.22,0.948,-0.69,2.0
10.476,0.883,-0.703,2.0
9.824,0.827,-0.715,2.0
9.362,0.786,-0.735,1.0
8.883,0.744,-0.747,1.0
8.113,0.678,-0.728,2.0
11.232,0.934,-0.692,2.0
10.481,0.869,-0.704,2.0
9.822,0.812,-0.715,1.0
9.373,0.774,-0.736,1.0
8.901,0.733,-0.749,1.0
8.086,0.664,-0.726,3.0
11.258,0.919,-0.694,1.0
10.506,0.856,-0.706,2.0
9.833,0.799,-0.716,1.0
9.384,0.761,-0.737,1.0
8.924,0.722,-0.751,0.0
8.095,0.653,-0.727,3.0
11.292,0.906,-0.696,1.0
10.514,0.841,-0.707,2.0
9.844,0.786,-0.717,2.0
9.389,0.748,-0.737,1.0
8.915,0.708,-0.75,1.0
8.118,0.643,-0.728,3.0
11.283,0.888,-0.695,1.0
10.54,0.828,-0.708,2.0
9.838,0.771,-0.716,2.0
9.418,0.736,-0.739,1.0
8.931,0.696,-0.751,1.0
8.183,0.636,-0.733,2.0
11.292,0.872,-0.694,2.0
10.574,0.815,-0.709,1.0
9.85,0.757,-0.715,2.0
9.454,0.725,-0.74,1.0
8.953,0.684,-0.751,1.0
8.278,0.631,-0.741,2.0
11.329,0.858,-0.695,2.0
10.602,0.801,-0.71,1.0
9.87,0.744,-0.715,1.0
9.48,0.712,-0.741,1.0
8.971,0.672,-0.751,1.0
8.419,0.629,-0.752,2.0
11.395,0.846,-0.697,2.0
10.616,0.786,-0.708,1.0
9.901,0.731,-0.716,2.0
9.493,0.699,-0.74,1.0
9.002,0.661,-0.752,1.0
8.54,0.625,-0.761,3.0
11.43,0.831,-0.697,2.0
10.662,0.773,-0.709,2.0
9.941,0.719,-0.716,2.0
9.522,0.687,-0.74,2.0
9.036,0.65,-0.753,2.0
8.574,0.615,-0.762,4.0
11.478,0.817,-0.697,2.0
10.716,0.761,-0.71,2.0
10.005,0.708,-0.718,1.0
9.528,0.672,-0.738,2.0
9.062,0.637,-0.752,2.0
8.593,0.603,-0.761,5.0
11.551,0.805,-0.698,2.0
10.763,0.747,-0.709,2.0
10.067,0.697,-0.719,2.0
9.564,0.66,-0.737,3.0
9.106,0.626,-0.753,2.0
8.63,0.592,-0.761,5.0
11.627,0.792,-0.698,3.0
10.825,0.735,-0.71,3.0
10.143,0.686,-0.721,2.0
9.595,0.647,-0.736,4.0
9.151,0.615,-0.753,2.0
8.694,0.583,-0.764,4.0
11.684,0.778,-0.697,2.0
10.874,0.721,-0.709,3.0
10.179,0.673,-0.72,3.0
9.605,0.633,-0.733,4.0
9.209,0.605,-0.754,2.0
8.739,0.572,-0.764,3.0
11.758,0.764,-0.696,1.0
10.924,0.708,-0.707,3.0
10.241,0.661,-0.719,2.0
9.627,0.619,-0.73,4.0
9.288,0.595,-0.756,1.0
8.782,0.561,-0.763,1.0
11.854,0.752,-0.696,1.0
11.026,0.697,-0.708,2.0
10.323,0.65,-0.72,2.0
9.646,0.605,-0.727,3.0
9.335,0.583,-0.755,1.0
8.815,0.549,-0.762,1.0
11.994,0.742,-0.698,2.0
11.139,0.686,-0.71,1.0
10.407,0.639,-0.72,2.0
9.745,0.596,-0.729,2.0
9.378,0.571,-0.753,1.0
8.868,0.538,-0.761,1.0
12.099,0.729,-0.697,2.0
11.234,0.674,-0.709,1.0
10.505,0.628,-0.721,2.0
9.858,0.587,-0.732,2.0
9.419,0.559,-0.751,1.0
8.918,0.527,-0.76,1.0
12.196,0.716,-0.696,2.0
11.319,0.662,-0.708,1.0
10.59,0.617,-0.72,3.0
9.993,0.58,-0.735,1.0
9.489,0.548,-0.75,1.0
8.983,0.517,-0.76,2.0
12.323,0.704,-0.695,2.0
11.423,0.65,-0.707,2.0
10.679,0.605,-0.719,2.0
10.105,0.57,-0.737,2.0
9.558,0.537,-0.749,1.0
9.034,0.505,-0.758,2.0
12.447,0.691,-0.693,3.0
11.526,0.637,-0.705,2.0
10.793,0.594,-0.719,2.0
10.206,0.559,-0.737,3.0
9.624,0.525,-0.747,2.0
9.135,0.496,-0.76,2.0
12.581,0.679,-0.692,3.0
11.692,0.628,-0.706,2.0
10.912,0.583,-0.719,2.0
10.289,0.548,-0.735,2.0
9.713,0.515,-0.747,2.0
9.205,0.486,-0.758,2.0
12.828,0.672,-0.695,3.0
11.82,0.616,-0.705,2.0
11.044,0.573,-0.719,2.0
10.404,0.537,-0.735,2.0
9.799,0.504,-0.745,2.0
9.297,0.476,-0.758,2.0
13.002,0.661,-0.694,5.0
11.953,0.604,-0.703,3.0
11.132,0.56,-0.715,3.0
10.513,0.526,-0.733,2.0
9.889,0.493,-0.744,2.0
9.426,0.467,-0.76,2.0
13.059,0.643,-0.686,10.0
12.145,0.595,-0.703,3.0
11.309,0.551,-0.716,2.0
10.621,0.515,-0.732,2.0
10.005,0.483,-0.744,2.0
9.558,0.459,-0.762,2.0
13.072,0.623,-0.675,11.0
12.321,0.584,-0.703,3.0
11.557,0.545,-0.722,2.0
10.759,0.505,-0.731,2.0
10.113,0.472,-0.742,2.0
9.726,0.452,-0.767,2.0
13.074,0.603,-0.662,11.0
12.482,0.573,-0.7,3.0
11.72,0.535,-0.721,2.0
10.878,0.494,-0.729,2.0
10.215,0.461,-0.74,2.0
9.937,0.446,-0.774,2.0
13.144,0.586,-0.653,10.0
12.716,0.564,-0.701,3.0
11.884,0.524,-0.719,2.0
11.015,0.483,-0.727,2.0
10.392,0.453,-0.742,2.0
10.142,0.44,-0.779,2.0
13.321,0.574,-0.648,13.0
12.917,0.553,-0.698,4.0
12.029,0.512,-0.715,2.0
11.163,0.473,-0.725,3.0
10.555,0.444,-0.743,2.0
10.409,0.436,-0.789,2.0
13.453,0.559,-0.64,16.0
13.017,0.538,-0.69,8.0
12.233,0.502,-0.714,2.0
11.325,0.462,-0.723,2.0
10.744,0.436,-0.744,2.0
10.673,0.43,-0.797,2.0
13.778,0.551,-0.641,13.0
13.067,0.52,-0.678,10.0
12.439,0.492,-0.712,2.0
11.521,0.453,-0.723,2.0
10.949,0.427,-0.746,3.0
10.928,0.424,-0.803,2.0
14.057,0.541,-0.638,14.0
13.057,0.5,-0.662,8.0
12.642,0.481,-0.709,4.0
11.706,0.442,-0.721,2.0
11.171,0.419,-0.748,2.0
11.202,0.418,-0.81,2.0
13.998,0.518,-0.618,9.0
13.208,0.486,-0.654,2.0
12.881,0.471,-0.707,4.0
11.914,0.432,-0.719,3.0
11.458,0.413,-0.753,3.0
11.496,0.412,-0.817,2.0
14.493,0.515,-0.623,8.0
13.49,0.476,-0.652,2.0
13.084,0.459,-0.702,5.0
12.15,0.423,-0.718,3.0
11.763,0.407,-0.758,2.0
11.795,0.405,-0.824,1.0
14.562,0.496,-0.608,3.0
13.767,0.466,-0.648,3.0
13.311,0.447,-0.697,5.0
12.396,0.414,-0.717,3.0
12.098,0.401,-0.765,2.0
12.097,0.398,-0.829,0.0
14.724,0.481,-0.595,4.0
14.048,0.455,-0.643,3.0
13.565,0.437,-0.693,4.0
12.644,0.404,-0.715,4.0
12.449,0.395,-0.771,3.0
12.498,0.394,-0.84,0.0
15.174,0.474,-0.594,4.0
14.339,0.445,-0.637,4.0
13.793,0.424,-0.687,4.0
12.908,0.394,-0.712,4.0
12.726,0.386,-0.77,4.0
12.878,0.387,-0.848,0.0
16.008,0.478,-0.605,3.0
14.701,0.435,-0.633,3.0
14.06,0.413,-0.681,4.0
13.178,0.384,-0.709,5.0
13.011,0.376,-0.769,4.0
13.162,0.377,-0.848,0.0
16.34,0.465,-0.594,3.0
15.208,0.429,-0.634,3.0
14.311,0.4,-0.672,5.0
13.499,0.374,-0.707,4.0
13.371,0.368,-0.772,2.0
13.404,0.366,-0.845,0.0
16.891,0.457,-0.59,3.0
15.475,0.415,-0.623,3.0
14.45,0.384,-0.658,5.0
13.808,0.364,-0.703,4.0
13.736,0.359,-0.773,1.0
13.541,0.351,-0.834,0.0
17.317,0.445,-0.58,5.0
15.838,0.404,-0.614,2.0
14.707,0.371,-0.648,5.0
14.177,0.355,-0.701,5.0
14.121,0.35,-0.773,1.0
13.735,0.338,-0.825,0.0
17.746,0.433,-0.567,6.0
16.272,0.393,-0.606,2.0
15.007,0.359,-0.638,4.0
14.531,0.345,-0.696,5.0
14.592,0.343,-0.776,1.0
14.086,0.328,-0.824,0.0
18.308,0.423,-0.558,4.0
16.7,0.382,-0.596,2.0
15.351,0.347,-0.629,3.0
14.946,0.335,-0.693,3.0
15.026,0.334,-0.776,0.0
15.099,0.332,-0.86,0.0
18.901,0.412,-0.546,6.0
17.16,0.37,-0.586,2.0
15.753,0.336,-0.621,3.0
15.388,0.325,-0.689,2.0
15.463,0.323,-0.774,1.0
15.606,0.323,-0.864,0.0
19.442,0.399,-0.531,6.0
17.729,0.36,-0.577,2.0
16.153,0.325,-0.611,3.0
15.8,0.314,-0.682,2.0
15.862,0.312,-0.768,1.0
15.897,0.309,-0.854,1.0
20.109,0.388,-0.516,5.0
18.392,0.351,-0.569,3.0
16.64,0.314,-0.602,2.0
16.17,0.302,-0.671,2.0
16.105,0.297,-0.753,2.0
15.063,0.275,-0.784,1.0
20.904,0.377,-0.502,4.0
18.865,0.337,-0.552,5.0
17.285,0.305,-0.596,2.0
16.642,0.29,-0.663,4.0
16.737,0.288,-0.755,2.0
15.264,0.26,-0.769,0.0
21.68,0.366,-0.484,4.0
19.615,0.327,-0.541,3.0
17.803,0.293,-0.584,4.0
17.159,0.279,-0.655,4.0
17.364,0.279,-0.753,1.0
15.606,0.248,-0.759,0.0
26.1,0.41,-0.538,0.0
20.267,0.314,-0.524,3.0
18.415,0.282,-0.572,3.0
17.748,0.268,-0.646,5.0
17.941,0.268,-0.747,2.0
17.902,0.264,-0.839,0.0
26.717,0.39,-0.505,2.0
21.148,0.304,-0.51,4.0
19.029,0.27,-0.558,3.0
18.401,0.258,-0.638,5.0
18.685,0.258,-0.746,2.0
27.744,0.374,-0.475,1.0
21.982,0.292,-0.491,4.0
19.702,0.258,-0.543,3.0
19.132,0.247,-0.629,5.0
19.397,0.247,-0.739,2.0
29.08,0.36,-0.446,2.0
26.001,0.317,-0.534,1.0
20.492,0.246,-0.528,3.0
19.768,0.234,-0.614,6.0
19.764,0.23,-0.717,1.0
30.036,0.341,-0.406,1.0
26.897,0.3,-0.504,2.0
21.354,0.234,-0.511,4.0
20.483,0.221,-0.599,4.0
20.656,0.219,-0.712,1.0
48.173,0.504,-1.912,16.0
31.352,0.323,-0.366,1.0
27.946,0.284,-0.472,1.0
22.045,0.22,-0.487,2.0
21.312,0.209,-0.584,4.0
20.98,0.202,-0.684,4.0
18.717,0.177,-0.708,0.0
33.198,0.31,-0.327,1.0
29.302,0.268,-0.441,2.0
26.184,0.235,-0.53,1.0
22.041,0.194,-0.563,3.0
21.492,0.186,-0.66,2.0
19.237,0.163,-0.691,1.0
37.493,0.314,-0.298,3.0
30.325,0.249,-0.399,2.0
27.147,0.218,-0.498,2.0
24.173,0.19,-0.571,2.0
21.956,0.169,-0.633,3.0
19.952,0.151,-0.679,0.0
38.143,0.284,-0.231,14.0
31.916,0.233,-0.359,1.0
28.412,0.202,-0.467,2.0
25.396,0.177,-0.552,1.0
22.952,0.156,-0.618,1.0
20.792,0.138,-0.668,1.0
39.087,0.256,-0.162,51.0
33.619,0.215,-0.314,0.0
29.574,0.184,-0.429,2.0
26.516,0.161,-0.525,2.0
23.681,0.141,-0.591,2.0
21.575,0.125,-0.651,1.0
