X,Y,Z,Reflectivity
60.459,1.919,7.846,36.0
58.695,1.869,7.275,1.0
0.0,0.0,0.0,0.0
46.469,1.488,5.216,23.0
46.294,1.487,4.929,8.0
58.6,1.888,5.901,6.0
52.323,1.704,6.737,4.0
47.592,1.554,5.85,4.0
52.684,1.725,6.17,4.0
46.377,1.523,5.157,18.0
65.748,2.165,6.932,8.0
52.415,1.73,5.224,6.0
59.728,1.993,7.626,4.0
58.876,1.97,7.174,11.0
46.646,1.564,5.413,11.0
46.515,1.564,5.123,9.0
46.185,1.557,4.819,4.0
49.641,1.678,4.893,3.0
46.861,1.6,5.931,16.0
59.392,2.033,7.171,3.0
46.697,1.601,5.367,16.0
46.983,1.615,5.122,4.0
61.849,2.132,6.384,3.0
49.603,1.713,4.833,3.0
47.078,1.642,5.905,6.0
52.627,1.84,6.294,1.0
46.657,1.635,5.308,8.0
57.72,2.026,6.226,4.0
60.376,2.124,6.163,4.0
52.897,1.865,5.094,6.0
39.414,1.403,4.897,3.0
46.723,1.666,5.533,16.0
46.407,1.658,5.225,4.0
58.333,2.089,6.223,7.0
54.412,1.952,5.49,1.0
53.149,1.91,5.055,5.0
39.407,1.43,4.849,2.0
61.129,2.222,7.165,3.0
46.194,1.682,5.145,6.0
46.408,1.693,4.895,7.0
66.172,2.417,6.596,10.0
46.156,1.689,4.333,4.0
46.734,1.726,5.692,13.0
46.726,1.728,5.418,1.0
46.283,1.715,5.097,6.0
46.131,1.712,4.808,8.0
52.477,1.951,5.165,6.0
53.277,1.983,4.935,5.0
46.83,1.759,5.644,7.0
46.766,1.759,5.364,4.0
46.741,1.761,5.088,5.0
60.425,2.279,6.22,6.0
53.051,2.004,5.153,5.0
46.145,1.745,4.215,1.0
52.708,2.012,6.283,2.0
60.211,2.301,6.826,32.0
46.756,1.789,5.028,10.0
60.149,2.304,6.112,3.0
43.43,1.666,4.161,2.0
50.663,1.945,4.561,4.0
60.365,2.338,7.115,24.0
59.119,2.292,6.623,16.0
46.782,1.815,4.968,4.0
66.584,2.587,6.677,8.0
43.385,1.687,4.098,3.0
46.958,1.828,4.164,10.0
60.188,2.363,7.011,2.0
46.187,1.815,5.111,11.0
46.267,1.819,4.849,4.0
52.467,2.065,5.188,2.0
46.107,1.817,4.292,7.0
46.977,1.853,4.1,8.0
59.72,2.374,6.873,24.0
46.201,1.838,5.047,7.0
46.075,1.834,4.764,8.0
52.574,2.095,5.125,5.0
53.46,2.132,4.901,2.0
43.499,1.736,3.735,12.0
46.898,1.886,5.33,8.0
66.047,2.658,7.121,8.0
45.998,1.852,4.69,3.0
52.48,2.114,5.041,3.0
59.034,2.38,5.327,3.0
43.421,1.751,3.666,3.0
46.731,1.899,5.243,6.0
46.638,1.896,4.96,8.0
66.144,2.69,6.649,3.0
46.09,1.876,4.36,3.0
47.009,1.914,4.174,4.0
52.789,2.15,4.38,6.0
46.247,1.898,5.12,8.0
46.813,1.921,4.908,8.0
43.869,1.801,4.344,2.0
46.061,1.892,4.287,7.0
47.015,1.932,4.103,13.0
51.963,2.136,4.233,4.0
46.146,1.91,5.038,3.0
46.027,1.906,4.756,4.0
52.415,2.17,5.11,9.0
53.467,2.215,4.896,4.0
46.956,1.945,4.026,8.0
68.143,2.824,5.448,7.0
46.142,1.925,4.966,1.0
45.875,1.914,4.669,5.0
52.425,2.187,5.03,7.0
53.633,2.237,4.828,9.0
43.503,1.815,3.663,3.0
47.238,1.972,3.703,5.0
46.54,1.955,4.936,11.0
52.247,2.195,5.236,1.0
46.069,1.935,4.348,6.0
47.037,1.975,4.161,4.0
52.43,2.202,4.333,8.0
47.244,1.984,3.63,3.0
46.85,1.98,4.895,5.0
52.36,2.212,5.164,3.0
46.056,1.945,4.274,4.0
47.032,1.986,4.086,16.0
0.0,0.0,0.0,0.0
51.701,2.183,3.891,4.0
45.948,1.951,4.727,5.0
52.495,2.228,5.093,5.0
53.631,2.276,4.89,6.0
47.004,1.994,4.008,6.0
65.576,2.781,5.209,2.0
68.861,2.92,5.07,5.0
45.953,1.959,4.652,2.0
43.492,1.854,4.148,3.0
53.513,2.28,4.792,5.0
43.572,1.855,3.643,3.0
47.26,2.011,3.677,5.0
68.358,2.909,4.921,4.0
43.909,1.878,4.372,2.0
46.02,1.967,4.313,7.0
47.057,2.01,4.135,5.0
52.32,2.234,4.288,6.0
47.293,2.019,3.6,4.0
67.542,2.881,4.749,9.0
52.411,2.247,5.13,7.0
59.161,2.535,5.445,5.0
47.02,2.013,4.053,14.0
52.801,2.259,4.238,4.0
51.763,2.213,3.854,3.0
66.789,2.854,4.584,2.0
43.491,1.867,4.183,2.0
53.688,2.303,4.85,2.0
43.471,1.863,3.673,4.0
47.221,2.022,3.711,2.0
68.609,2.936,4.993,3.0
69.515,2.973,4.655,2.0
46.018,1.977,4.348,6.0
50.691,2.175,4.494,2.0
51.779,2.22,4.288,5.0
47.299,2.026,3.636,7.0
67.656,2.895,4.808,7.0
69.364,2.965,4.526,7.0
46.018,1.976,4.268,2.0
47.036,2.017,4.088,13.0
52.554,2.251,4.261,6.0
47.387,2.028,3.561,3.0
67.005,2.864,4.646,5.0
68.943,2.944,4.38,6.0
53.69,2.302,4.887,2.0
47.038,2.014,4.007,4.0
52.844,2.26,4.193,2.0
68.902,2.943,5.058,3.0
203.361,8.678,13.749,7.0
67.394,2.872,4.164,4.0
53.38,2.283,4.765,3.0
51.444,2.198,4.292,4.0
47.239,2.015,3.665,5.0
67.973,2.895,4.872,8.0
69.429,2.954,4.572,10.0
67.392,2.864,4.047,3.0
47.033,2.005,4.115,12.0
52.598,2.239,4.295,8.0
51.645,2.195,3.915,3.0
67.362,2.859,4.709,10.0
69.08,2.928,4.427,22.0
203.448,8.613,11.859,8.0
47.035,1.997,4.032,8.0
65.522,2.777,5.234,1.0
68.836,2.913,5.098,7.0
67.599,2.856,4.606,5.0
68.762,2.9,4.285,2.0
198.19,8.348,11.201,12.0
50.398,2.129,4.23,3.0
47.26,1.992,3.691,6.0
66.752,2.809,4.824,1.0
69.461,2.919,4.609,3.0
67.392,2.827,4.08,3.0
195.08,8.171,10.68,16.0
52.447,2.202,4.308,6.0
65.826,2.758,5.022,3.0
67.253,2.812,4.74,10.0
69.083,2.884,4.46,6.0
68.657,2.86,4.033,0.0
194.374,8.084,10.293,24.0
68.116,2.839,5.472,8.0
51.721,2.151,3.853,2.0
67.172,2.788,4.612,4.0
69.274,2.869,4.346,7.0
68.695,2.84,3.911,0.0
194.281,8.017,9.934,22.0
47.248,1.953,3.709,8.0
68.613,2.83,4.986,4.0
69.276,2.851,4.63,3.0
67.375,2.767,4.105,2.0
194.822,7.983,10.738,19.0
194.254,7.943,9.576,15.0
65.882,2.698,5.051,4.0
67.481,2.757,4.78,5.0
68.991,2.812,4.485,4.0
68.661,2.792,4.057,1.0
194.811,7.905,10.382,22.0
194.494,7.874,9.238,16.0
51.706,2.095,3.869,2.0
67.52,2.73,4.659,10.0
68.497,2.762,4.328,4.0
68.738,2.765,3.936,1.0
194.494,7.804,10.008,23.0
194.48,7.784,8.88,13.0
68.644,2.75,5.011,8.0
67.79,2.708,4.554,3.0
67.454,2.688,4.138,3.0
117.248,4.66,6.499,2.0
194.677,7.717,9.66,17.0
195.477,7.729,8.568,6.0
68.03,2.691,4.841,7.0
68.793,2.714,4.494,5.0
67.471,2.654,4.015,5.0
194.801,7.64,10.44,16.0
0.0,0.0,0.0,0.0
195.245,7.616,8.197,5.0
66.994,2.613,4.642,5.0
68.324,2.657,4.337,1.0
0.0,0.0,0.0,0.0
194.783,7.531,10.08,18.0
104.509,4.028,4.801,1.0
197.997,7.608,7.947,8.0
68.922,2.648,4.648,4.0
68.645,2.629,4.23,4.0
0.0,0.0,0.0,0.0
195.18,7.427,9.74,21.0
196.088,7.437,8.647,5.0
194.502,7.356,7.452,4.0
68.696,2.596,4.506,7.0
67.416,2.539,4.031,2.0
196.348,7.371,10.598,7.0
195.292,7.307,9.389,13.0
197.89,7.378,8.364,7.0
193.814,7.201,7.068,21.0
68.515,2.543,4.368,8.0
202.346,7.485,11.723,10.0
195.677,7.212,10.2,7.0
195.601,7.183,9.043,7.0
194.732,7.127,7.871,7.0
193.519,7.057,6.702,7.0
68.775,2.504,4.258,4.0
103.572,3.758,5.812,3.0
195.546,7.068,9.836,18.0
196.612,7.079,8.73,7.0
193.825,6.953,7.482,22.0
193.561,6.917,6.352,6.0
67.455,2.406,4.053,5.0
196.6,6.985,10.67,9.0
102.219,3.617,4.954,2.0
193.624,6.824,8.24,7.0
193.463,6.79,7.113,20.0
0.0,0.0,0.0,0.0
103.231,3.602,6.013,2.0
196.722,6.834,10.316,9.0
117.598,4.067,5.484,2.0
193.588,6.668,7.886,11.0
193.95,6.651,6.778,9.0
194.657,6.647,5.675,5.0
118.225,4.028,6.672,3.0
103.263,3.501,5.227,3.0
195.955,6.614,8.783,7.0
193.868,6.513,7.545,18.0
193.602,6.474,6.412,17.0
194.218,6.466,5.309,8.0
103.623,3.44,5.658,4.0
117.891,3.894,5.752,5.0
117.536,3.863,5.052,7.0
193.782,6.34,7.188,21.0
195.725,6.372,6.127,7.0
193.81,6.279,4.945,6.0
117.325,3.789,6.193,3.0
0.0,0.0,0.0,0.0
193.692,6.193,7.98,26.0
193.361,6.15,6.828,22.0
195.848,6.197,5.781,9.0
194.371,6.12,4.616,17.0
103.621,3.25,5.285,10.0
102.284,3.19,4.623,4.0
193.831,6.012,7.637,13.0
193.244,5.962,6.476,26.0
194.138,5.956,5.382,18.0
193.682,5.909,4.25,32.0
110.745,3.365,5.449,4.0
102.308,3.09,4.441,6.0
193.717,5.818,7.287,21.0
192.943,5.762,6.124,25.0
193.864,5.755,5.031,23.0
193.473,5.709,3.9,31.0
110.666,3.249,5.246,1.0
102.402,2.988,4.261,2.0
157.813,4.577,5.654,6.0
193.24,5.569,5.786,9.0
193.85,5.551,4.683,30.0
193.391,5.506,3.556,20.0
124.771,3.532,5.694,2.0
193.799,5.45,7.723,7.0
193.066,5.396,6.578,20.0
194.431,5.397,5.48,19.0
193.62,5.339,4.339,31.0
196.011,5.37,3.261,8.0
120.27,3.274,5.278,6.0
0.0,0.0,0.0,0.0
193.217,5.188,6.246,24.0
194.385,5.182,5.139,27.0
193.579,5.123,4.001,30.0
195.439,5.138,2.913,23.0
102.547,2.677,4.322,6.0
206.902,5.36,7.523,6.0
0.0,0.0,0.0,0.0
193.953,4.947,4.789,27.0
193.594,4.901,3.662,25.0
195.126,4.902,2.566,10.0
102.647,2.559,4.148,4.0
0.0,0.0,0.0,0.0
194.363,4.769,5.606,14.0
194.084,4.723,4.459,30.0
193.66,4.675,3.331,19.0
0.0,0.0,0.0,0.0
0.0,0.0,0.0,0.0
0.0,0.0,0.0,0.0
194.555,4.54,5.282,25.0
193.901,4.485,4.126,30.0
195.296,4.477,3.028,25.0
0.0,0.0,0.0,0.0
140.189,3.157,5.188,5.0
0.0,0.0,0.0,0.0
194.603,4.298,4.952,13.0
196.774,4.305,3.852,5.0
195.506,4.237,2.7,15.0
102.979,2.209,0.828,2.0
0.0,0.0,0.0,0.0
194.879,4.1,5.758,13.0
194.464,4.048,4.623,12.0
195.477,4.029,3.502,16.0
103.153,2.103,1.253,9.0
99.961,2.016,0.637,4.0
0.0,0.0,0.0,0.0
0.0,0.0,0.0,0.0
194.411,3.793,4.3,21.0
0.0,0.0,0.0,0.0
0.0,0.0,0.0,0.0
99.878,1.883,0.473,7.0
148.575,2.766,4.755,4.0
0.0,0.0,0.0,0.0
194.528,3.535,3.983,15.0
195.045,3.5,2.852,5.0
0.0,0.0,0.0,0.0
99.82,1.746,0.309,5.0
0.0,0.0,0.0,0.0
0.0,0.0,0.0,0.0
195.097,3.275,3.677,26.0
0.0,0.0,0.0,0.0
99.753,1.629,0.722,3.0
99.811,1.607,0.148,4.0
150.072,2.38,4.318,2.0
196.39,3.069,4.521,26.0
194.77,2.998,3.363,32.0
0.0,0.0,0.0,0.0
99.779,1.488,0.563,5.0
99.727,1.464,-0.01,2.0
157.08,2.267,4.271,32.0
20.318,0.288,0.435,0.0
195.014,2.722,3.059,23.0
0.0,0.0,0.0,0.0
99.6,1.342,0.407,6.0
0.0,0.0,0.0,0.0
20.3,0.263,0.52,26.0
20.311,0.258,0.404,22.0
20.285,0.253,0.286,19.0
20.289,0.248,0.168,4.0
99.554,1.196,0.254,5.0
0.0,0.0,0.0,0.0
20.28,0.233,0.489,27.0
20.272,0.228,0.372,34.0
20.286,0.223,0.256,26.0
20.306,0.218,0.137,25.0
20.318,0.213,0.021,18.0
20.217,0.207,-0.095,1.0
20.274,0.202,0.458,35.0
20.274,0.197,0.341,29.0
20.3,0.192,0.225,28.0
20.301,0.187,0.106,30.0
20.318,0.182,-0.009,26.0
20.2,0.176,-0.125,23.0
20.233,0.17,0.427,27.0
20.197,0.165,0.31,22.0
20.206,0.16,0.194,22.0
20.22,0.155,0.076,27.0
20.201,0.149,-0.039,23.0
20.18,0.144,-0.155,30.0
20.175,0.139,0.396,26.0
20.161,0.133,0.28,26.0
20.164,0.128,0.165,26.0
20.187,0.123,0.047,34.0
20.195,0.118,-0.068,33.0
20.182,0.112,-0.183,25.0
20.159,0.107,0.367,29.0
20.159,0.101,0.252,27.0
20.164,0.096,0.136,24.0
20.181,0.091,0.019,28.0
20.19,0.085,-0.096,27.0
20.205,0.079,-0.212,12.0
20.148,0.074,0.339,27.0
20.144,0.068,0.223,28.0
20.151,0.063,0.108,26.0
20.208,0.057,-0.009,24.0
20.221,0.052,-0.124,24.0
55.043,0.127,-0.655,7.0
20.132,0.041,0.311,30.0
20.13,0.035,0.196,28.0
20.155,0.03,0.081,23.0
20.253,0.024,-0.036,151.0
20.255,0.019,-0.152,151.0
20.266,0.013,-0.268,150.0
20.126,0.007,0.284,28.0
20.13,0.002,0.169,27.0
20.143,-0.003,0.053,19.0
20.168,-0.009,-0.063,16.0
20.168,-0.014,-0.178,13.0
20.166,-0.02,-0.294,9.0
20.119,-0.026,0.257,29.0
20.122,-0.031,0.142,32.0
20.128,-0.037,0.027,35.0
20.14,-0.043,-0.089,33.0
20.128,-0.049,-0.204,14.0
20.157,-0.055,-0.32,25.0
20.121,-0.06,0.231,29.0
20.125,-0.066,0.116,40.0
20.123,-0.072,0.001,32.0
20.139,-0.078,-0.115,32.0
20.143,-0.084,-0.23,32.0
20.155,-0.09,-0.345,29.0
20.137,-0.095,0.206,26.0
20.128,-0.101,0.091,36.0
20.136,-0.107,-0.023,27.0
20.146,-0.113,-0.14,27.0
20.139,-0.119,-0.255,34.0
20.148,-0.125,-0.37,37.0
20.157,-0.131,0.181,18.0
20.151,-0.137,0.066,18.0
20.18,-0.143,-0.048,17.0
20.149,-0.149,-0.165,13.0
20.164,-0.155,-0.28,26.0
20.17,-0.161,-0.395,30.0
20.258,-0.168,0.158,0.0
53.341,-0.458,0.113,10.0
56.316,-0.5,-0.201,2.0
53.0,-0.487,-0.497,5.0
38.659,-0.367,-0.583,6.0
20.19,-0.198,-0.419,17.0
64.318,-0.649,0.427,13.0
56.278,-0.585,0.053,1.0
59.599,-0.637,-0.282,2.0
46.264,-0.509,-0.487,4.0
38.067,-0.431,-0.618,25.0
31.757,-0.369,-0.696,9.0
56.239,-0.669,0.31,1.0
59.575,-0.728,-0.01,17.0
56.6,-0.709,-0.332,13.0
45.025,-0.578,-0.524,19.0
37.892,-0.498,-0.657,23.0
30.846,-0.415,-0.71,27.0
59.537,-0.818,0.263,7.0
59.532,-0.836,-0.075,5.0
59.369,-0.852,-0.412,3.0
44.838,-0.657,-0.571,33.0
36.039,-0.54,-0.664,2.0
30.137,-0.461,-0.727,24.0
20.146,-0.314,0.067,50.0
20.119,-0.32,-0.046,10.0
52.94,-0.858,-0.423,26.0
44.844,-0.741,-0.618,6.0
31.598,-0.532,-0.615,5.0
0.0,0.0,0.0,0.0
20.149,-0.351,0.046,27.0
53.001,-0.941,-0.176,18.0
52.937,-0.956,-0.477,5.0
38.418,-0.706,-0.568,14.0
31.145,-0.583,-0.637,26.0
28.669,-0.546,-0.75,7.0
52.959,-1.023,0.071,63.0
45.635,-0.895,-0.197,16.0
45.378,-0.905,-0.453,16.0
38.079,-0.771,-0.6,19.0
30.72,-0.632,-0.658,31.0
27.81,-0.581,-0.754,1.0
38.383,-0.812,0.015,35.0
38.363,-0.825,-0.202,6.0
40.431,-0.883,-0.442,27.0
37.941,-0.841,-0.634,14.0
30.529,-0.686,-0.683,33.0
25.35,-0.578,-0.711,2.0
40.413,-0.933,-0.021,40.0
40.399,-0.946,-0.25,40.0
0.0,0.0,0.0,0.0
37.851,-0.911,-0.667,5.0
30.451,-0.743,-0.709,28.0
25.126,-0.621,-0.727,9.0
38.752,-0.968,-0.054,31.0
38.746,-0.981,-0.274,37.0
38.571,-0.989,-0.49,21.0
31.342,-0.814,-0.579,20.0
30.31,-0.797,-0.731,15.0
24.535,-0.654,-0.731,13.0
38.656,-1.04,-0.087,69.0
38.67,-1.053,-0.306,58.0
38.388,-1.059,-0.521,26.0
31.014,-0.866,-0.599,28.0
29.714,-0.84,-0.742,2.0
24.047,-0.688,-0.737,24.0
38.668,-1.116,-0.119,142.0
38.645,-1.128,-0.337,64.0
38.213,-1.129,-0.549,17.0
30.793,-0.92,-0.62,35.0
28.449,-0.859,-0.733,1.0
23.815,-0.728,-0.748,18.0
38.673,-1.191,-0.149,65.0
38.64,-1.203,-0.367,47.0
38.083,-1.199,-0.576,14.0
30.607,-0.974,-0.639,34.0
27.923,-0.898,-0.741,1.0
23.768,-0.773,-0.765,14.0
38.727,-1.269,-0.178,35.0
38.703,-1.281,-0.396,27.0
37.992,-1.27,-0.603,11.0
30.541,-1.032,-0.66,29.0
27.479,-0.938,-0.749,1.0
23.367,-0.806,-0.769,7.0
56.66,-1.968,-0.3,0.0
45.129,-1.583,-0.493,19.0
37.993,-1.346,-0.629,3.0
30.501,-1.091,-0.68,30.0
25.089,-0.906,-0.701,5.0
23.299,-0.85,-0.782,5.0
31.362,-1.151,-0.187,37.0
31.348,-1.161,-0.363,25.0
31.222,-1.167,-0.537,37.0
30.476,-1.15,-0.699,21.0
25.013,-0.952,-0.715,9.0
22.524,-0.865,-0.77,3.0
28.48,-1.1,-0.187,57.0
28.476,-1.11,-0.347,65.0
28.465,-1.12,-0.507,59.0
28.461,-1.13,-0.67,59.0
24.488,-0.98,-0.714,13.0
22.17,-0.896,-0.771,1.0
28.46,-1.156,-0.204,150.0
28.454,-1.165,-0.363,126.0
28.453,-1.175,-0.523,123.0
28.457,-1.185,-0.686,123.0
24.119,-1.013,-0.717,20.0
21.96,-0.93,-0.776,1.0
28.452,-1.211,-0.219,73.0
28.447,-1.221,-0.379,59.0
28.474,-1.232,-0.539,57.0
28.464,-1.242,-0.701,53.0
23.918,-1.052,-0.724,17.0
21.761,-0.965,-0.781,1.0
31.181,-1.389,-0.256,60.0
31.2,-1.401,-0.431,63.0
30.804,-1.394,-0.598,32.0
28.509,-1.3,-0.717,4.0
23.853,-1.097,-0.733,16.0
21.362,-0.99,-0.777,1.0
31.222,-1.452,-0.271,53.0
31.206,-1.463,-0.445,47.0
30.746,-1.452,-0.611,30.0
28.132,-1.338,-0.72,2.0
23.802,-1.141,-0.742,14.0
21.185,-1.023,-0.779,1.0
31.262,-1.515,-0.284,25.0
31.28,-1.528,-0.46,24.0
30.702,-1.51,-0.623,30.0
28.224,-1.399,-0.734,1.0
23.786,-1.187,-0.751,13.0
20.978,-1.055,-0.78,1.0
47.575,-2.4,-0.452,1.0
37.983,-1.93,-0.573,12.0
30.639,-1.568,-0.633,31.0
24.493,-1.262,-0.646,24.0
23.606,-1.225,-0.754,9.0
20.831,-1.088,-0.782,1.0
47.128,-2.47,-0.464,3.0
37.966,-2.003,-0.586,9.0
24.553,-1.304,-0.516,16.0
24.437,-1.307,-0.652,22.0
23.539,-1.268,-0.76,6.0
20.635,-1.118,-0.781,2.0
24.564,-1.335,-0.249,26.0
24.564,-1.343,-0.386,41.0
24.524,-1.35,-0.522,42.0
24.373,-1.351,-0.658,15.0
23.481,-1.31,-0.765,5.0
20.477,-1.15,-0.781,2.0
24.532,-1.381,-0.255,52.0
24.527,-1.389,-0.392,45.0
24.503,-1.397,-0.528,38.0
24.347,-1.397,-0.663,21.0
23.319,-1.346,-0.765,5.0
20.385,-1.185,-0.783,2.0
24.526,-1.428,-0.261,77.0
24.505,-1.436,-0.397,52.0
24.475,-1.443,-0.533,37.0
24.339,-1.444,-0.668,22.0
23.144,-1.381,-0.764,2.0
20.234,-1.215,-0.781,1.0
24.504,-1.474,-0.266,66.0
24.502,-1.483,-0.402,75.0
24.453,-1.489,-0.537,38.0
24.313,-1.489,-0.672,25.0
22.839,-1.407,-0.758,1.0
20.089,-1.245,-0.779,0.0
24.501,-1.521,-0.269,66.0
24.507,-1.53,-0.406,50.0
24.464,-1.536,-0.541,40.0
24.31,-1.535,-0.675,23.0
22.834,-1.45,-0.761,3.0
20.066,-1.282,-0.78,0.0
24.512,-1.569,-0.272,51.0
24.521,-1.577,-0.408,45.0
24.47,-1.583,-0.543,38.0
24.296,-1.581,-0.677,26.0
22.669,-1.483,-0.757,1.0
19.981,-1.314,-0.779,1.0
24.531,-1.616,-0.274,26.0
24.526,-1.625,-0.41,24.0
24.472,-1.63,-0.545,28.0
24.3,-1.627,-0.678,21.0
22.487,-1.514,-0.753,1.0
19.942,-1.35,-0.778,1.0
44.749,-3.033,-0.502,3.0
35.336,-2.408,-0.592,1.0
30.532,-2.091,-0.681,6.0
24.326,-1.675,-0.679,16.0
22.487,-1.556,-0.753,2.0
19.969,-1.389,-0.779,1.0
0.0,0.0,0.0,0.0
35.33,-2.474,-0.592,2.0
30.361,-2.137,-0.676,8.0
24.357,-1.723,-0.68,15.0
22.512,-1.601,-0.753,1.0
19.954,-1.426,-0.778,1.0
46.299,-3.312,-0.518,5.0
35.205,-2.531,-0.588,2.0
30.391,-2.195,-0.676,8.0
24.414,-1.772,-0.68,13.0
22.537,-1.644,-0.752,1.0
19.916,-1.46,-0.775,2.0
0.0,0.0,0.0,0.0
35.293,-2.603,-0.586,2.0
30.217,-2.239,-0.669,8.0
24.442,-1.82,-0.678,10.0
22.446,-1.679,-0.747,1.0
19.974,-1.501,-0.775,1.0
0.0,0.0,0.0,0.0
35.534,-2.685,-0.586,2.0
30.238,-2.295,-0.666,3.0
24.582,-1.875,-0.679,14.0
22.611,-1.733,-0.75,1.0
20.046,-1.543,-0.775,1.0
0.0,0.0,0.0,0.0
35.401,-2.74,-0.578,1.0
30.234,-2.35,-0.66,8.0
24.798,-1.936,-0.681,13.0
22.789,-1.787,-0.751,2.0
20.03,-1.578,-0.771,1.0
46.062,-3.632,-0.49,19.0
35.904,-2.843,-0.58,2.0
30.306,-2.41,-0.656,7.0
24.939,-1.992,-0.679,14.0
22.86,-1.834,-0.749,2.0
20.035,-1.614,-0.767,3.0
45.848,-3.696,-0.477,20.0
35.981,-2.913,-0.572,1.0
30.518,-2.481,-0.653,8.0
25.15,-2.053,-0.679,13.0
23.083,-1.893,-0.75,3.0
20.205,-1.664,-0.768,1.0
45.802,-3.773,-0.465,20.0
36.51,-3.02,-0.571,3.0
30.468,-2.53,-0.644,3.0
25.103,-2.093,-0.671,6.0
23.259,-1.947,-0.749,5.0
20.202,-1.698,-0.762,1.0
45.808,-3.853,-0.451,21.0
37.507,-3.167,-0.575,13.0
30.693,-2.602,-0.639,5.0
27.032,-2.301,-0.714,1.0
23.398,-1.999,-0.746,5.0
20.349,-1.746,-0.761,1.0
45.793,-3.93,-0.436,21.0
37.798,-3.256,-0.567,13.0
30.937,-2.675,-0.633,2.0
27.028,-2.346,-0.704,6.0
23.507,-2.049,-0.741,5.0
20.465,-1.79,-0.758,1.0
45.9,-4.016,-0.42,21.0
37.878,-3.326,-0.554,14.0
31.053,-2.737,-0.624,2.0
27.069,-2.395,-0.695,6.0
23.651,-2.1,-0.737,9.0
20.591,-1.835,-0.754,1.0
46.162,-4.115,-0.404,23.0
38.09,-3.407,-0.542,14.0
32.058,-2.878,-0.631,9.0
27.269,-2.457,-0.689,6.0
23.768,-2.15,-0.73,9.0
20.821,-1.89,-0.754,0.0
46.404,-4.213,-0.385,21.0
38.45,-3.503,-0.529,15.0
0.0,0.0,0.0,0.0
27.532,-2.526,-0.683,7.0
23.807,-2.192,-0.72,11.0
21.124,-1.952,-0.755,1.0
47.009,-4.344,-0.368,22.0
38.813,-3.598,-0.516,15.0
32.672,-3.039,-0.612,1.0
27.783,-2.593,-0.675,6.0
24.554,-2.3,-0.731,5.0
21.416,-2.013,-0.754,2.0
47.458,-4.46,-0.348,22.0
38.981,-3.675,-0.498,15.0
34.122,-3.227,-0.622,6.0
28.118,-2.668,-0.669,7.0
24.678,-2.35,-0.722,5.0
21.527,-2.057,-0.747,1.0
47.574,-4.544,-0.323,10.0
40.306,-3.862,-0.493,3.0
34.027,-3.271,-0.602,11.0
28.295,-2.729,-0.657,4.0
24.974,-2.416,-0.716,5.0
21.743,-2.111,-0.742,1.0
50.379,-4.89,-0.313,5.0
40.33,-3.926,-0.471,8.0
34.196,-3.339,-0.585,11.0
28.645,-2.806,-0.649,1.0
25.414,-2.497,-0.714,6.0
22.164,-2.185,-0.743,1.0
50.19,-4.946,-0.282,4.0
40.282,-3.982,-0.445,13.0
34.086,-3.379,-0.562,22.0
29.776,-2.961,-0.656,2.0
25.76,-2.569,-0.708,6.0
22.339,-2.235,-0.735,1.0
0.0,0.0,0.0,0.0
0.0,0.0,0.0,0.0
34.203,-3.44,-0.542,31.0
30.112,-3.038,-0.644,2.0
26.107,-2.641,-0.7,6.0
22.712,-2.305,-0.732,2.0
54.357,-5.515,-0.235,29.0
44.362,-4.513,-0.433,6.0
34.53,-3.523,-0.524,26.0
30.701,-3.141,-0.636,6.0
26.429,-2.711,-0.691,6.0
23.02,-2.368,-0.727,3.0
54.939,-5.651,-0.2,30.0
0.0,0.0,0.0,0.0
34.754,-3.593,-0.504,23.0
31.311,-3.246,-0.626,9.0
26.741,-2.78,-0.68,5.0
23.285,-2.427,-0.718,3.0
55.587,-5.793,-0.163,30.0
44.687,-4.669,-0.372,19.0
34.991,-3.665,-0.481,11.0
31.702,-3.33,-0.611,9.0
27.071,-2.851,-0.668,2.0
23.831,-2.516,-0.717,5.0
56.044,-5.915,-0.122,21.0
0.0,0.0,0.0,0.0
35.155,-3.729,-0.457,11.0
32.062,-3.409,-0.594,10.0
27.761,-2.959,-0.664,1.0
24.314,-2.598,-0.714,5.0
56.323,-6.017,-0.079,8.0
47.472,-5.083,-0.324,21.0
39.984,-4.292,-0.489,11.0
32.416,-3.488,-0.575,20.0
28.112,-3.032,-0.651,1.0
24.821,-2.684,-0.709,5.0
65.353,-7.064,-0.04,7.0
47.875,-5.186,-0.288,11.0
40.011,-4.344,-0.457,15.0
32.755,-3.565,-0.555,27.0
29.396,-3.207,-0.656,3.0
25.285,-2.765,-0.702,6.0
65.102,-7.115,0.012,2.0
0.0,0.0,0.0,0.0
40.109,-4.403,-0.425,15.0
33.264,-3.66,-0.536,28.0
29.955,-3.303,-0.644,8.0
25.632,-2.833,-0.689,6.0
65.031,-7.185,0.067,7.0
50.735,-5.617,-0.22,23.0
0.0,0.0,0.0,0.0
33.731,-3.75,-0.514,31.0
30.287,-3.375,-0.625,8.0
26.09,-2.913,-0.679,2.0
65.087,-7.266,0.124,0.0
51.268,-5.735,-0.178,6.0
0.0,0.0,0.0,0.0
34.122,-3.832,-0.49,31.0
30.598,-3.444,-0.604,15.0
26.899,-3.034,-0.676,2.0
65.118,-7.342,0.182,72.0
55.377,-6.256,-0.142,15.0
0.0,0.0,0.0,0.0
34.578,-3.921,-0.465,29.0
30.775,-3.497,-0.58,22.0
27.397,-3.119,-0.664,3.0
65.213,-7.422,0.241,175.0
55.963,-6.38,-0.094,9.0
46.622,-5.325,-0.329,21.0
35.067,-4.013,-0.439,12.0
31.402,-3.6,-0.563,21.0
27.881,-3.203,-0.65,2.0
65.239,-7.492,0.303,170.0
56.686,-6.521,-0.041,2.0
47.531,-5.477,-0.29,22.0
39.789,-4.593,-0.461,11.0
32.291,-3.734,-0.548,30.0
28.831,-3.34,-0.644,4.0
65.248,-7.558,0.365,15.0
65.43,-7.591,0.014,2.0
48.472,-5.633,-0.249,22.0
39.95,-4.65,-0.424,16.0
32.817,-3.827,-0.525,28.0
29.434,-3.438,-0.629,10.0
80.026,-9.346,0.526,29.0
80.591,-9.426,0.097,37.0
0.0,0.0,0.0,0.0
40.137,-4.709,-0.386,15.0
33.444,-3.931,-0.502,30.0
29.669,-3.493,-0.605,22.0
80.056,-9.422,0.606,32.0
80.261,-9.46,0.176,32.0
50.473,-5.958,-0.16,9.0
40.338,-4.768,-0.348,9.0
34.039,-4.03,-0.476,30.0
30.168,-3.578,-0.584,21.0
80.11,-9.498,0.688,28.0
80.221,-9.525,0.258,23.0
55.622,-6.613,-0.119,14.0
45.923,-5.468,-0.349,12.0
34.616,-4.127,-0.449,32.0
30.861,-3.685,-0.566,24.0
80.128,-9.566,0.77,31.0
80.424,-9.614,0.342,24.0
56.123,-6.718,-0.062,5.0
46.348,-5.555,-0.304,21.0
39.712,-4.766,-0.474,3.0
31.594,-3.797,-0.546,22.0
80.237,-9.642,0.856,22.0
80.376,-9.67,0.425,24.0
80.98,-9.755,-0.005,11.0
47.351,-5.711,-0.261,23.0
39.796,-4.806,-0.433,17.0
32.464,-3.926,-0.528,29.0
80.556,-9.739,0.944,9.0
80.341,-9.724,0.511,30.0
80.943,-9.809,0.081,16.0
48.168,-5.844,-0.215,22.0
39.996,-4.858,-0.393,23.0
33.064,-4.021,-0.502,26.0
153.639,-18.682,1.966,14.0
80.29,-9.773,0.597,30.0
80.594,-9.821,0.167,28.0
0.0,0.0,0.0,0.0
40.318,-4.924,-0.351,15.0
33.773,-4.129,-0.476,27.0
192.188,-23.496,2.669,29.0
80.299,-9.826,0.685,29.0
80.444,-9.853,0.254,35.0
55.576,-6.814,-0.127,16.0
40.475,-4.967,-0.309,4.0
34.402,-4.227,-0.447,28.0
192.053,-23.595,2.875,19.0
80.357,-9.88,0.773,31.0
80.438,-9.899,0.342,32.0
55.875,-6.882,-0.067,8.0
46.127,-5.687,-0.302,20.0
39.686,-4.898,-0.472,5.0
188.715,-23.29,3.033,19.0
80.424,-9.932,0.862,19.0
80.419,-9.94,0.431,23.0
80.904,-10.008,-0.007,7.0
46.952,-5.813,-0.256,21.0
39.8,-4.932,-0.429,19.0
192.17,-23.814,3.302,14.0
80.631,-9.999,0.954,4.0
80.439,-9.982,0.521,21.0
69.315,-8.608,0.07,9.0
48.139,-5.983,-0.208,22.0
40.008,-4.976,-0.387,20.0
192.056,-23.89,3.518,8.0
192.021,-23.9,2.487,28.0
80.457,-10.02,0.61,25.0
69.124,-8.615,0.148,23.0
49.418,-6.163,-0.158,15.0
40.317,-5.031,-0.345,15.0
0.0,0.0,0.0,0.0
192.005,-23.977,2.701,31.0
80.546,-10.063,0.703,27.0
68.808,-8.602,0.224,3.0
55.729,-6.971,-0.116,9.0
40.454,-5.064,-0.3,7.0
139.611,-17.478,2.871,10.0
192.046,-24.052,2.924,30.0
80.511,-10.088,0.795,27.0
68.718,-8.615,0.304,6.0
56.225,-7.052,-0.052,5.0
46.11,-5.787,-0.289,21.0
139.546,-17.516,3.032,24.0
192.017,-24.111,3.142,37.0
80.599,-10.124,0.887,10.0
68.649,-8.627,0.381,2.0
68.712,-8.639,0.013,5.0
47.039,-5.917,-0.242,21.0
139.482,-17.547,3.188,28.0
191.997,-24.16,3.359,28.0
191.981,-24.166,2.331,22.0
68.595,-8.637,0.46,2.0
68.626,-8.644,0.093,9.0
48.383,-6.097,-0.193,22.0
63.133,-7.957,1.515,5.0
192.061,-24.212,3.582,6.0
192.017,-24.212,2.552,28.0
68.55,-8.646,0.538,2.0
68.552,-8.648,0.171,2.0
50.151,-6.329,-0.143,11.0
63.109,-7.966,1.587,22.0
197.421,-24.923,3.909,10.0
191.961,-24.237,2.773,33.0
68.36,-8.633,0.614,2.0
68.37,-8.636,0.248,1.0
55.843,-7.055,-0.095,11.0
63.094,-7.973,1.659,32.0
197.409,-24.948,4.135,10.0
191.987,-24.265,2.994,27.0
68.236,-8.625,0.692,7.0
68.298,-8.634,0.327,1.0
60.974,-7.709,-0.033,3.0
63.101,-7.98,1.732,28.0
139.778,-17.677,3.088,14.0
191.955,-24.275,3.213,30.0
68.291,-8.636,0.77,5.0
68.331,-8.642,0.405,3.0
68.54,-8.669,0.039,2.0
63.1,-7.983,1.803,30.0
139.675,-17.669,3.244,19.0
191.946,-24.28,3.43,17.0
191.901,-24.272,2.385,23.0
68.395,-8.65,0.484,4.0
68.471,-8.66,0.117,2.0
63.097,-7.983,1.876,29.0
63.135,-7.986,1.539,10.0
197.334,-24.958,3.754,9.0
191.955,-24.274,2.605,29.0
68.372,-8.645,0.561,2.0
68.4,-8.648,0.196,1.0
63.11,-7.982,1.948,26.0
63.116,-7.98,1.61,30.0
197.329,-24.945,3.978,13.0
191.97,-24.261,2.825,30.0
68.328,-8.633,0.639,3.0
68.314,-8.63,0.273,2.0
63.219,-7.99,2.024,27.0
63.09,-7.971,1.682,36.0
139.622,-17.635,2.973,11.0
192.008,-24.243,3.04,33.0
68.306,-8.622,0.715,5.0
68.41,-8.633,0.35,2.0
63.452,-8.011,2.103,22.0
63.066,-7.959,1.752,34.0
139.522,-17.6,3.129,21.0
191.948,-24.203,3.257,30.0
192.018,-24.204,2.23,16.0
68.584,-8.642,0.428,2.0
63.564,-8.014,2.178,8.0
63.088,-7.949,1.824,29.0
139.509,-17.57,3.285,19.0
191.929,-24.16,3.471,17.0
191.973,-24.155,2.443,29.0
80.557,-10.132,0.593,4.0
84.506,-10.635,2.99,4.0
63.097,-7.935,1.894,33.0
63.099,-7.931,1.556,18.0
197.448,-24.804,3.788,6.0
192.003,-24.108,2.654,28.0
80.555,-10.109,0.681,23.0
84.481,-10.608,3.083,15.0
63.171,-7.927,1.965,27.0
63.063,-7.908,1.623,28.0
139.521,-17.485,2.83,10.0
192.025,-24.05,2.865,27.0
80.508,-10.077,0.769,25.0
84.533,-10.588,3.178,12.0
63.288,-7.92,2.039,5.0
63.084,-7.889,1.693,25.0
139.509,-17.435,2.981,26.0
192.034,-23.983,3.071,27.0
80.55,-10.053,0.857,14.0
137.542,-17.177,5.32,10.0
85.056,-10.613,2.832,7.0
63.133,-7.871,1.763,31.0
139.514,-17.38,3.133,30.0
192.076,-23.909,3.284,17.0
191.994,-23.882,2.25,18.0
137.631,-17.131,5.472,7.0
84.903,-10.558,2.919,11.0
63.189,-7.85,1.832,10.0
139.551,-17.322,3.285,16.0
189.126,-23.456,3.434,11.0
192.033,-23.798,2.456,31.0
137.383,-17.038,5.608,4.0
84.725,-10.497,3.001,24.0
139.128,-17.219,4.182,12.0
165.407,-20.453,4.064,8.0
188.669,-23.308,3.619,20.0
192.067,-23.707,2.652,22.0
137.289,-16.958,5.746,9.0
84.562,-10.434,3.084,24.0
139.146,-17.151,4.324,12.0
165.316,-20.355,4.231,18.0
188.431,-23.178,3.809,22.0
192.089,-23.605,2.85,13.0
137.182,-16.871,5.881,14.0
84.541,-10.384,3.169,14.0
84.854,-10.411,2.724,13.0
165.203,-20.246,4.398,29.0
188.124,-23.03,3.994,23.0
188.305,-23.029,2.985,16.0
137.117,-16.783,6.018,13.0
84.849,-10.372,3.266,10.0
84.372,-10.301,2.793,21.0
165.264,-20.153,4.564,12.0
189.186,-23.043,4.205,5.0
188.045,-22.878,3.166,14.0
137.131,-16.697,6.156,15.0
84.997,-10.335,3.357,11.0
84.421,-10.251,2.879,32.0
85.825,-10.409,2.455,11.0
189.076,-22.902,4.39,8.0
153.718,-18.597,2.741,14.0
137.016,-16.59,6.287,11.0
85.654,-10.356,3.466,16.0
84.5,-10.203,2.963,26.0
84.16,-10.148,2.489,21.0
139.226,-16.765,3.366,19.0
153.779,-18.493,2.889,18.0
137.074,-16.498,6.422,12.0
84.477,-10.152,3.5,20.0
84.516,-10.142,3.044,28.0
84.173,-10.086,2.569,35.0
138.932,-16.624,3.491,25.0
153.836,-18.382,3.036,13.0
137.318,-16.423,6.562,16.0
84.084,-10.04,3.563,23.0
84.644,-10.091,3.129,20.0
84.274,-10.032,2.65,38.0
139.26,-16.553,3.628,20.0
85.304,-10.125,1.761,11.0
118.829,-14.117,5.788,12.0
83.877,-9.947,3.631,28.0
84.321,-9.984,3.193,23.0
84.359,-9.972,2.73,37.0
84.344,-9.954,2.274,9.0
85.376,-10.06,1.84,14.0
118.789,-14.011,5.893,20.0
83.861,-9.874,3.705,36.0
83.992,-9.873,3.256,43.0
84.28,-9.889,2.802,30.0
84.175,-9.861,2.343,34.0
85.08,-9.951,1.908,9.0
118.885,-13.917,6.002,22.0
84.0,-9.815,3.785,28.0
83.75,-9.769,3.319,36.0
84.063,-9.788,2.867,25.0
84.213,-9.789,2.415,39.0
84.346,-9.787,1.963,9.0
83.88,-9.743,4.305,19.0
84.186,-9.76,3.863,14.0
83.838,-9.701,3.392,40.0
83.905,-9.691,2.93,39.0
83.314,-9.605,2.458,40.0
84.253,-9.696,2.03,17.0
84.191,-9.698,4.391,21.0
83.863,-9.641,3.917,35.0
83.868,-9.622,3.462,44.0
83.464,-9.557,2.983,36.0
83.022,-9.489,2.517,30.0
0.0,0.0,0.0,0.0
84.343,-9.631,4.466,24.0
83.836,-9.553,3.983,39.0
84.11,-9.565,3.538,24.0
82.778,-9.395,3.024,35.0
82.953,-9.396,2.579,33.0
82.055,-9.276,2.105,21.0
84.697,-9.584,4.55,36.0
83.731,-9.454,4.041,41.0
82.454,-9.29,3.531,15.0
82.452,-9.271,3.073,40.0
82.235,-9.227,2.619,28.0
82.059,-9.189,2.166,30.0
84.659,-9.489,4.61,34.0
83.78,-9.37,4.106,34.0
83.751,-9.345,3.648,43.0
82.491,-9.184,3.135,33.0
82.167,-9.129,2.676,35.0
82.063,-9.099,2.225,30.0
83.923,-9.313,4.631,19.0
83.887,-9.287,4.171,40.0
82.691,-9.134,3.66,24.0
82.564,-9.099,3.196,42.0
82.129,-9.032,2.731,40.0
81.756,-8.971,2.273,27.0
83.733,-9.196,4.678,24.0
83.729,-9.174,4.22,41.0
0.0,0.0,0.0,0.0
82.633,-9.011,3.254,39.0
82.174,-8.94,2.788,47.0
81.675,-8.866,2.325,42.0
0.0,0.0,0.0,0.0
83.781,-9.08,4.277,47.0
83.601,-9.039,3.811,40.0
82.564,-8.904,3.304,37.0
82.228,-8.847,2.842,49.0
81.647,-8.764,2.375,39.0
85.172,-9.15,4.868,28.0
83.999,-9.002,4.34,33.0
84.428,-9.025,3.9,22.0
82.954,-8.845,3.37,30.0
82.388,-8.763,2.896,41.0
81.749,-8.673,2.427,38.0
84.486,-8.972,4.879,32.0
84.635,-8.964,4.423,24.0
84.464,-8.922,3.952,26.0
82.532,-8.695,3.4,31.0
82.559,-8.676,2.95,45.0
81.881,-8.584,2.477,46.0
84.312,-8.846,4.916,24.0
84.074,-8.797,4.441,28.0
84.389,-8.806,3.994,21.0
81.99,-8.532,3.423,40.0
82.483,-8.561,2.991,37.0
81.75,-8.462,2.518,36.0
84.276,-8.731,4.959,40.0
83.802,-8.657,4.471,33.0
83.592,-8.611,4.0,37.0
82.013,-8.425,3.467,42.0
82.258,-8.427,3.026,41.0
82.224,-8.401,2.574,56.0
84.73,-8.664,5.028,40.0
82.129,-8.373,4.422,26.0
83.273,-8.465,4.026,47.0
81.927,-8.305,3.502,47.0
82.054,-8.294,3.058,46.0
82.406,-8.307,2.618,44.0
84.345,-8.509,5.044,33.0
82.2,-8.268,4.464,26.0
82.148,-8.237,4.009,28.0
82.039,-8.201,3.544,37.0
82.089,-8.183,3.095,42.0
82.069,-8.157,2.643,47.0
84.441,-8.399,5.088,41.0
83.388,-8.269,4.564,37.0
82.183,-8.125,4.045,37.0
81.848,-8.067,3.57,44.0
82.016,-8.059,3.126,41.0
82.038,-8.037,2.675,42.0
83.721,-8.207,5.077,22.0
83.35,-8.146,4.594,56.0
81.957,-7.985,4.065,41.0
81.904,-7.954,3.602,32.0
82.095,-7.948,3.159,42.0
81.994,-7.914,2.703,39.0
83.442,-8.06,5.09,17.0
0.0,0.0,0.0,0.0
81.932,-7.862,4.093,40.0
81.876,-7.831,3.63,36.0
82.409,-7.856,3.199,13.0
81.772,-7.772,2.724,44.0
83.458,-7.937,5.118,23.0
83.16,-7.882,4.639,38.0
81.868,-7.734,4.115,35.0
82.189,-7.738,3.669,19.0
81.866,-7.682,3.202,34.0
81.842,-7.656,2.749,35.0
0.0,0.0,0.0,0.0
83.26,-7.766,4.669,44.0
82.366,-7.656,4.162,38.0
81.852,-7.583,3.675,39.0
81.675,-7.541,3.215,42.0
81.872,-7.534,2.771,39.0
84.102,-7.743,5.203,41.0
83.283,-7.64,4.69,40.0
82.238,-7.517,4.175,34.0
81.753,-7.447,3.689,43.0
81.632,-7.41,3.232,38.0
82.25,-7.44,2.803,42.0
84.224,-7.622,5.228,38.0
83.476,-7.526,4.718,36.0
83.155,-7.47,4.238,48.0
81.992,-7.34,3.717,41.0
81.762,-7.294,3.253,44.0
82.227,-7.309,2.816,40.0
84.493,-7.514,5.26,36.0
83.447,-7.392,4.731,42.0
82.94,-7.321,4.241,36.0
82.104,-7.221,3.734,47.0
81.758,-7.165,3.264,42.0
82.245,-7.18,2.828,42.0
84.66,-7.393,5.282,13.0
83.414,-7.257,4.739,23.0
83.067,-7.2,4.258,39.0
81.668,-7.051,3.724,21.0
81.908,-7.046,3.28,38.0
82.189,-7.043,2.835,51.0
84.649,-7.256,5.29,24.0
83.981,-7.17,4.78,22.0
83.133,-7.07,4.268,39.0
82.903,-7.023,3.786,46.0
82.055,-6.925,3.292,34.0
82.044,-6.898,2.835,41.0
86.532,-7.277,5.412,19.0
83.764,-7.015,4.771,40.0
83.406,-6.957,4.286,43.0
83.372,-6.926,3.811,43.0
82.087,-6.793,3.296,34.0
82.181,-6.775,2.842,43.0
86.596,-7.139,5.418,19.0
83.646,-6.868,4.766,45.0
83.202,-6.804,4.275,36.0
83.645,-6.812,3.824,29.0
82.943,-6.727,3.33,35.0
82.536,-6.668,2.853,44.0
85.581,-6.914,5.352,22.0
83.549,-6.721,4.758,41.0
83.01,-6.65,4.263,39.0
83.549,-6.665,3.816,35.0
82.742,-6.573,3.318,28.0
82.46,-6.524,2.846,42.0
85.7,-6.779,5.355,24.0
83.568,-6.582,4.753,46.0
83.119,-6.518,4.263,41.0
84.742,-6.617,3.863,21.0
82.492,-6.414,3.301,28.0
82.501,-6.388,2.84,42.0
84.553,-6.545,5.275,9.0
83.593,-6.441,4.746,39.0
83.331,-6.392,4.264,38.0
86.191,-6.582,3.92,39.0
82.899,-6.304,3.306,39.0
82.674,-6.26,2.836,36.0
84.165,-6.37,5.238,30.0
83.935,-6.323,4.753,48.0
83.351,-6.25,4.252,42.0
83.307,-6.218,3.775,27.0
82.807,-6.154,3.289,38.0
82.852,-6.13,2.827,40.0
84.153,-6.223,5.222,36.0
84.356,-6.209,4.761,47.0
83.54,-6.121,4.245,46.0
83.463,-6.087,3.766,42.0
82.866,-6.015,3.274,48.0
82.914,-5.991,2.812,50.0
84.392,-6.093,5.218,30.0
84.591,-6.079,4.755,32.0
83.61,-5.98,4.23,22.0
83.627,-5.952,3.752,50.0
82.883,-5.871,3.254,33.0
83.016,-5.853,2.795,39.0
24.543,-1.729,1.511,13.0
24.507,-1.717,1.37,10.0
85.575,-5.97,4.306,23.0
24.542,-1.704,1.094,3.0
24.569,-1.697,0.957,34.0
24.564,-1.689,0.819,14.0
24.464,-1.68,1.498,61.0
24.489,-1.673,1.362,48.0
24.546,-1.669,1.227,32.0
24.479,-1.656,1.083,25.0
24.487,-1.648,0.946,33.0
24.478,-1.639,0.808,26.0
24.449,-1.635,1.489,72.0
24.46,-1.628,1.352,71.0
24.476,-1.621,1.215,58.0
24.475,-1.612,1.074,37.0
24.463,-1.603,0.936,71.0
24.484,-1.597,0.799,63.0
24.411,-1.589,1.477,50.0
24.456,-1.584,1.342,80.0
24.478,-1.577,1.205,91.0
24.468,-1.568,1.064,52.0
24.459,-1.559,0.926,73.0
24.496,-1.554,0.789,70.0
24.382,-1.544,1.465,28.0
24.436,-1.539,1.33,57.0
24.457,-1.532,1.193,78.0
24.455,-1.524,1.053,48.0
24.455,-1.516,0.915,73.0
24.503,-1.511,0.778,60.0
24.4,-1.502,1.455,40.0
24.446,-1.496,1.319,82.0
24.464,-1.489,1.182,57.0
24.501,-1.483,1.043,37.0
24.494,-1.475,0.904,45.0
24.535,-1.469,0.767,63.0
24.411,-1.459,1.443,45.0
24.456,-1.453,1.307,66.0
24.496,-1.448,1.17,61.0
24.504,-1.44,1.03,54.0
24.534,-1.433,0.893,48.0
24.577,-1.428,0.755,46.0
24.44,-1.417,1.431,71.0
24.508,-1.413,1.296,48.0
24.539,-1.406,1.159,29.0
24.566,-1.4,1.019,13.0
24.603,-1.394,0.881,4.0
24.635,-1.388,0.743,3.0
28.411,-1.597,1.647,22.0
28.422,-1.588,1.486,65.0
83.744,-4.652,3.905,40.0
83.594,-4.615,3.417,40.0
83.675,-4.593,2.946,49.0
84.106,-4.59,2.486,37.0
28.423,-1.546,1.63,72.0
28.427,-1.537,1.469,67.0
83.537,-4.49,3.842,34.0
83.653,-4.468,3.364,43.0
84.858,-4.506,2.933,57.0
84.165,-4.442,2.432,38.0
28.417,-1.495,1.61,73.0
28.415,-1.486,1.449,66.0
84.696,-4.401,3.838,48.0
83.62,-4.318,3.306,22.0
84.986,-4.36,2.878,38.0
84.617,-4.315,2.386,41.0
28.417,-1.444,1.59,74.0
28.405,-1.434,1.427,58.0
85.562,-4.293,3.815,33.0
86.204,-4.297,3.345,34.0
85.836,-4.251,2.844,39.0
84.819,-4.173,2.329,36.0
28.412,-1.393,1.568,81.0
28.388,-1.383,1.405,37.0
85.658,-4.145,3.754,20.0
159.948,-7.687,6.084,14.0
85.664,-4.09,2.771,24.0
84.959,-4.029,2.267,32.0
28.399,-1.342,1.545,27.0
28.407,-1.333,1.384,4.0
86.32,-4.024,3.714,9.0
165.618,-7.667,6.167,20.0
86.37,-3.97,2.724,17.0
85.078,-3.883,2.2,29.0
161.236,-7.333,8.64,21.0
163.298,-7.375,7.819,14.0
165.359,-7.413,6.974,13.0
165.727,-7.377,6.03,17.0
31.362,-1.386,0.962,6.0
28.456,-1.248,0.711,48.0
31.287,-1.367,1.649,28.0
28.442,-1.234,1.337,39.0
28.45,-1.225,1.175,58.0
28.432,-1.215,1.009,58.0
28.414,-1.205,0.846,85.0
28.439,-1.198,0.685,107.0
28.42,-1.191,1.472,80.0
28.426,-1.183,1.31,105.0
28.417,-1.174,1.147,105.0
28.431,-1.165,0.983,117.0
28.437,-1.156,0.82,150.0
28.441,-1.148,0.659,108.0
28.411,-1.141,1.444,68.0
28.429,-1.132,1.282,70.0
28.432,-1.124,1.12,63.0
28.448,-1.116,0.956,65.0
28.44,-1.106,0.793,23.0
31.251,-1.206,0.693,37.0
31.223,-1.199,1.556,42.0
31.262,-1.191,1.379,71.0
31.228,-1.18,1.199,40.0
31.272,-1.172,1.019,64.0
31.298,-1.163,0.841,50.0
31.322,-1.155,0.663,50.0
31.242,-1.145,1.525,45.0
31.279,-1.137,1.348,56.0
31.251,-1.126,1.168,40.0
31.284,-1.118,0.987,38.0
31.334,-1.11,0.809,41.0
31.324,-1.101,0.63,0.0
31.304,-1.093,1.495,54.0
31.329,-1.085,1.316,26.0
38.698,-1.328,1.405,7.0
38.705,-1.317,1.179,10.0
38.677,-1.305,0.958,37.0
38.689,-1.293,0.737,33.0
38.59,-1.282,1.8,45.0
38.65,-1.272,1.581,77.0
38.631,-1.26,1.359,63.0
38.601,-1.247,1.133,63.0
38.623,-1.236,0.913,65.0
38.633,-1.226,0.692,68.0
38.568,-1.214,1.755,72.0
38.645,-1.205,1.537,88.0
38.59,-1.192,1.313,60.0
38.572,-1.18,1.087,70.0
38.632,-1.171,0.868,99.0
38.636,-1.16,0.647,88.0
38.632,-1.151,1.712,93.0
38.656,-1.14,1.492,90.0
38.559,-1.126,1.267,66.0
38.587,-1.116,1.042,68.0
38.648,-1.107,0.823,83.0
38.635,-1.095,0.601,65.0
38.651,-1.087,1.666,87.0
38.65,-1.075,1.444,42.0
38.576,-1.062,1.22,61.0
38.638,-1.053,0.996,83.0
38.66,-1.043,0.776,59.0
38.673,-1.033,0.554,53.0
38.678,-1.024,1.62,9.0
45.721,-1.197,1.652,6.0
38.663,-1.001,1.175,43.0
38.681,-0.991,0.949,50.0
0.0,0.0,0.0,0.0
40.433,-1.013,0.528,26.0
40.433,-1.004,1.641,18.0
40.43,-0.992,1.409,28.0
38.701,-0.939,1.126,47.0
0.0,0.0,0.0,0.0
40.402,-0.957,0.707,37.0
40.407,-0.946,0.475,39.0
40.404,-0.937,1.587,39.0
40.4,-0.925,1.354,41.0
40.408,-0.914,1.122,38.0
40.411,-0.903,0.885,3.0
38.396,-0.847,0.62,21.0
38.379,-0.837,0.4,44.0
40.435,-0.872,1.533,26.0
45.724,-0.973,1.47,13.0
45.704,-0.961,1.207,18.0
38.437,-0.798,0.79,4.0
52.947,-1.084,0.783,19.0
52.944,-1.07,0.479,63.0
45.686,-0.912,1.669,56.0
64.325,-1.268,1.98,63.0
191.112,-3.718,4.784,16.0
191.778,-3.681,3.677,12.0
192.923,-3.653,2.591,28.0
81.733,-1.526,0.627,2.0
64.295,-1.185,2.259,71.0
64.318,-1.168,1.889,83.0
190.761,-3.414,4.505,30.0
176.619,-3.114,3.135,14.0
176.655,-3.068,2.117,35.0
20.132,-0.344,0.125,9.0
64.296,-1.085,2.166,89.0
64.309,-1.069,1.796,66.0
59.513,-0.973,1.318,6.0
20.153,-0.324,0.328,2.0
20.128,-0.318,0.212,10.0
20.136,-0.314,0.096,21.0
53.505,-0.821,1.724,71.0
59.422,-0.897,1.571,64.0
20.153,-0.298,0.416,6.0
20.129,-0.293,0.297,10.0
20.111,-0.288,0.181,12.0
59.531,-0.838,0.195,23.0
53.492,-0.74,1.642,113.0
53.503,-0.727,1.334,9.0
20.123,-0.268,0.385,13.0
20.123,-0.263,0.267,10.0
20.153,-0.259,0.151,6.0
59.583,-0.751,0.105,23.0
53.494,-0.662,1.561,108.0
20.133,-0.244,0.471,12.0
20.128,-0.239,0.355,10.0
20.153,-0.234,0.237,9.0
56.157,-0.64,0.337,8.0
56.231,-0.627,0.012,0.0
20.164,-0.22,0.557,8.0
20.149,-0.215,0.44,18.0
20.17,-0.21,0.324,9.0
64.314,-0.656,0.656,23.0
56.219,-0.56,0.249,4.0
56.217,-0.547,-0.075,11.0
20.147,-0.191,0.524,11.0
20.181,-0.187,0.408,16.0
64.351,-0.581,0.931,26.0
66.503,-0.584,0.571,33.0
56.266,-0.481,0.158,4.0
20.195,-0.168,-0.059,8.0
20.177,-0.163,0.492,17.0
20.237,-0.159,0.376,26.0
20.187,-0.154,0.259,16.0
20.168,-0.149,0.14,15.0
20.168,-0.144,0.023,23.0
20.157,-0.139,-0.092,22.0
20.147,-0.135,0.458,17.0
20.117,-0.13,0.341,18.0
20.121,-0.125,0.225,19.0
20.131,-0.121,0.106,27.0
20.125,-0.116,-0.009,30.0
20.149,-0.112,-0.126,30.0
20.126,-0.107,0.424,28.0
20.125,-0.103,0.307,27.0
20.112,-0.098,0.191,26.0
20.125,-0.094,0.072,39.0
20.138,-0.09,-0.043,28.0
20.142,-0.085,-0.16,38.0
20.119,-0.081,0.39,34.0
20.122,-0.076,0.273,27.0
20.107,-0.072,0.157,28.0
20.125,-0.068,0.038,36.0
20.14,-0.063,-0.078,34.0
20.156,-0.059,-0.195,23.0
20.123,-0.054,0.355,33.0
20.114,-0.05,0.238,31.0
20.117,-0.046,0.121,34.0
20.125,-0.042,0.003,33.0
20.155,-0.038,-0.113,29.0
20.16,-0.033,-0.23,9.0
20.124,-0.029,0.319,32.0
20.116,-0.025,0.203,30.0
20.128,-0.021,0.086,30.0
20.18,-0.017,-0.031,13.0
20.206,-0.012,-0.149,15.0
20.24,-0.008,-0.266,10.0
20.121,-0.004,0.284,28.0
20.124,0.0,0.167,27.0
20.248,0.003,0.051,79.0
20.256,0.007,-0.067,151.0
20.257,0.011,-0.185,151.0
20.266,0.015,-0.303,150.0
20.132,0.019,0.248,28.0
20.149,0.023,0.131,27.0
20.261,0.027,0.015,54.0
20.255,0.031,-0.104,66.0
20.242,0.035,-0.221,150.0
20.242,0.039,-0.339,2.0
20.149,0.043,0.212,29.0
20.161,0.047,0.095,23.0
20.205,0.05,-0.021,28.0
20.214,0.054,-0.14,26.0
20.285,0.058,-0.259,0.0
40.705,0.126,-0.756,1.0
20.152,0.066,0.174,29.0
20.205,0.069,0.058,35.0
20.19,0.073,-0.058,29.0
20.193,0.077,-0.177,25.0
20.204,0.081,-0.295,8.0
0.0,0.0,0.0,0.0
20.162,0.088,0.138,26.0
20.2,0.091,0.021,29.0
20.187,0.095,-0.095,31.0
20.19,0.099,-0.214,25.0
20.208,0.102,-0.332,20.0
0.0,0.0,0.0,0.0
20.2,0.109,0.101,36.0
20.178,0.113,-0.015,28.0
20.17,0.116,-0.133,39.0
20.164,0.12,-0.252,29.0
20.199,0.124,-0.37,26.0
20.207,0.127,-0.487,2.0
20.199,0.13,0.063,26.0
20.19,0.134,-0.053,24.0
20.17,0.137,-0.171,20.0
20.176,0.141,-0.29,32.0
20.192,0.144,-0.408,24.0
20.191,0.147,-0.525,17.0
20.244,0.151,0.025,28.0
20.202,0.154,-0.092,22.0
20.17,0.157,-0.209,28.0
20.18,0.16,-0.328,32.0
20.181,0.164,-0.446,27.0
20.194,0.167,-0.564,23.0
20.308,0.171,-0.013,25.0
20.204,0.173,-0.131,22.0
20.183,0.176,-0.248,28.0
20.173,0.18,-0.367,32.0
20.183,0.183,-0.484,28.0
20.203,0.186,-0.602,28.0
20.295,0.19,-0.052,2.0
20.18,0.192,-0.169,9.0
20.18,0.195,-0.287,27.0
20.172,0.198,-0.406,31.0
20.194,0.201,-0.524,32.0
20.207,0.205,-0.641,33.0
0.0,0.0,0.0,0.0
20.178,0.21,-0.208,18.0
20.184,0.213,-0.326,27.0
20.185,0.216,-0.445,24.0
20.194,0.219,-0.563,32.0
20.201,0.222,-0.68,32.0
0.0,0.0,0.0,0.0
20.191,0.227,-0.247,20.0
20.189,0.23,-0.365,25.0
20.162,0.232,-0.483,19.0
20.199,0.236,-0.602,28.0
20.222,0.239,-0.721,29.0
20.198,0.241,-0.17,0.0
20.189,0.244,-0.287,11.0
20.197,0.246,-0.404,19.0
20.198,0.249,-0.524,25.0
20.207,0.252,-0.642,23.0
20.227,0.255,-0.76,26.0
0.0,0.0,0.0,0.0
20.199,0.259,-0.327,4.0
20.2,0.262,-0.444,8.0
20.195,0.265,-0.564,20.0
20.211,0.268,-0.682,19.0
20.23,0.271,-0.801,20.0
0.0,0.0,0.0,0.0
20.183,0.274,-0.367,0.0
20.211,0.277,-0.485,2.0
20.202,0.28,-0.604,7.0
20.221,0.283,-0.723,3.0
20.169,0.285,-0.839,9.0
0.0,0.0,0.0,0.0
0.0,0.0,0.0,0.0
32.376,0.467,-0.841,1.0
27.578,0.401,-0.88,0.0
23.743,0.348,-0.896,0.0
20.192,0.299,-0.879,9.0
42.916,0.638,-0.7,0.0
37.003,0.554,-0.819,0.0
31.043,0.468,-0.868,1.0
26.076,0.396,-0.883,0.0
20.188,0.309,-0.802,0.0
20.284,0.313,-0.924,6.0
0.0,0.0,0.0,0.0
33.975,0.53,-0.82,0.0
28.992,0.456,-0.868,0.0
24.778,0.392,-0.889,0.0
20.115,0.321,-0.839,7.0
19.956,0.32,-0.949,0.0
38.12,0.614,-0.774,0.0
32.194,0.521,-0.841,1.0
27.202,0.443,-0.869,0.0
23.627,0.388,-0.895,0.0
20.24,0.334,-0.885,10.0
18.598,0.309,-0.921,0.0
0.0,0.0,0.0,0.0
30.557,0.512,-0.859,1.0
26.185,0.441,-0.889,0.0
22.649,0.384,-0.903,0.0
20.247,0.345,-0.926,1.0
18.007,0.309,-0.928,0.0
34.11,0.586,-0.829,5.0
28.762,0.496,-0.866,0.0
24.765,0.43,-0.89,0.0
20.109,0.351,-0.842,3.0
19.403,0.341,-0.926,0.0
17.307,0.305,-0.927,0.0
31.96,0.564,-0.84,1.0
26.955,0.478,-0.865,0.0
23.411,0.417,-0.888,0.0
20.453,0.366,-0.897,0.0
18.535,0.334,-0.921,0.0
16.762,0.303,-0.931,0.0
30.52,0.552,-0.863,1.0
25.963,0.472,-0.885,0.0
22.62,0.413,-0.903,0.0
19.886,0.365,-0.912,0.0
17.961,0.331,-0.929,0.0
16.287,0.301,-0.937,0.0
28.738,0.531,-0.87,0.0
24.65,0.458,-0.889,0.0
21.576,0.402,-0.904,0.0
19.05,0.357,-0.912,0.0
17.166,0.323,-0.922,0.0
15.74,0.297,-0.937,0.0
26.692,0.503,-0.861,0.0
23.268,0.44,-0.886,0.0
20.778,0.395,-0.913,0.0
18.399,0.351,-0.917,0.0
16.68,0.319,-0.929,0.0
15.256,0.293,-0.939,0.0
25.799,0.495,-0.884,0.0
22.496,0.433,-0.901,0.0
19.846,0.383,-0.911,0.0
17.933,0.348,-0.93,0.0
16.207,0.315,-0.935,0.0
14.816,0.289,-0.941,0.0
24.543,0.478,-0.89,0.0
21.553,0.421,-0.907,0.0
18.924,0.371,-0.906,0.0
17.113,0.336,-0.921,0.0
15.68,0.309,-0.935,0.0
14.472,0.286,-0.948,0.0
23.16,0.457,-0.885,0.0
20.62,0.408,-0.908,0.0
18.441,0.366,-0.92,0.0
16.617,0.33,-0.928,0.0
15.206,0.303,-0.937,0.0
13.849,0.277,-0.935,0.0
22.417,0.447,-0.901,0.0
19.777,0.395,-0.91,0.0
17.879,0.358,-0.927,0.0
16.144,0.324,-0.933,0.0
14.787,0.298,-0.941,0.0
13.536,0.273,-0.941,0.0
21.284,0.428,-0.898,0.0
18.978,0.382,-0.911,0.0
17.099,0.345,-0.92,0.0
15.624,0.316,-0.934,0.0
14.423,0.293,-0.947,0.0
13.222,0.269,-0.945,0.0
20.541,0.416,-0.907,0.0
18.396,0.373,-0.919,0.0
16.632,0.338,-0.928,0.0
15.159,0.308,-0.936,0.0
13.988,0.285,-0.945,0.0
12.92,0.264,-0.949,0.0
19.762,0.402,-0.911,0.0
17.711,0.361,-0.92,0.0
16.168,0.33,-0.934,0.0
14.712,0.301,-0.937,0.0
13.517,0.277,-0.94,0.0
12.592,0.258,-0.949,0.0
18.885,0.385,-0.907,0.0
17.085,0.349,-0.92,0.0
15.599,0.319,-0.931,0.0
14.43,0.295,-0.947,0.0
13.225,0.271,-0.945,0.0
12.242,0.251,-0.947,0.0
18.41,0.375,-0.92,0.0
16.591,0.339,-0.926,0.0
15.154,0.31,-0.934,0.0
14.07,0.288,-0.951,0.0
12.901,0.264,-0.947,0.0
11.915,0.244,-0.945,0.0
17.709,0.361,-0.919,0.0
16.178,0.33,-0.933,0.0
14.727,0.301,-0.936,0.0
13.528,0.276,-0.94,0.0
12.593,0.257,-0.949,0.0
11.611,0.238,-0.943,0.0
17.063,0.347,-0.918,0.0
15.638,0.318,-0.932,0.0
14.414,0.293,-0.943,0.0
13.255,0.27,-0.946,0.0
12.264,0.25,-0.947,0.0
11.354,0.231,-0.944,0.0
16.618,0.336,-0.925,0.0
15.182,0.307,-0.934,0.0
0.0,0.0,0.0,0.0
12.928,0.262,-0.947,0.0
11.912,0.241,-0.942,0.0
11.108,0.225,-0.944,0.0
16.202,0.325,-0.932,0.0
14.765,0.296,-0.935,0.0
13.546,0.272,-0.937,0.0
12.541,0.252,-0.942,0.0
11.662,0.234,-0.944,0.0
10.855,0.218,-0.943,0.0
15.644,0.311,-0.929,0.0
14.429,0.287,-0.941,0.0
13.235,0.263,-0.94,0.0
12.287,0.244,-0.946,0.0
11.391,0.227,-0.944,0.0
10.611,0.211,-0.941,0.0
15.221,0.3,-0.932,0.0
13.959,0.275,-0.936,0.0
12.951,0.255,-0.944,0.0
12.004,0.236,-0.946,0.0
11.152,0.219,-0.944,0.0
10.425,0.205,-0.944,0.0
14.818,0.288,-0.934,0.0
13.674,0.266,-0.941,0.0
12.653,0.246,-0.945,0.0
11.644,0.226,-0.939,0.0
10.918,0.212,-0.944,0.0
10.275,0.199,-0.949,0.0
14.521,0.278,-0.941,0.0
13.375,0.256,-0.945,0.0
12.358,0.236,-0.945,0.0
11.401,0.218,-0.939,0.0
10.691,0.204,-0.943,0.0
10.049,0.192,-0.946,0.0
14.207,0.268,-0.946,0.0
13.018,0.245,-0.942,0.0
12.031,0.226,-0.941,0.0
11.179,0.21,-0.941,0.0
10.498,0.197,-0.945,0.0
9.882,0.185,-0.948,0.0
0.0,0.0,0.0,0.0
12.708,0.235,-0.942,0.0
11.785,0.217,-0.942,0.0
10.992,0.202,-0.944,0.0
10.323,0.19,-0.947,0.0
9.685,0.178,-0.945,0.0
13.405,0.243,-0.939,0.0
12.439,0.225,-0.944,0.0
11.469,0.207,-0.937,0.0
10.737,0.193,-0.941,0.0
10.108,0.182,-0.945,0.0
9.53,0.171,-0.947,0.0
13.122,0.232,-0.942,0.0
12.154,0.214,-0.943,0.0
11.292,0.199,-0.942,0.0
10.568,0.186,-0.944,0.0
9.93,0.174,-0.945,0.0
9.365,0.164,-0.946,0.0
12.863,0.222,-0.945,0.0
11.864,0.204,-0.94,0.0
11.09,0.19,-0.944,0.0
10.36,0.177,-0.943,0.0
9.764,0.166,-0.946,0.0
9.193,0.156,-0.944,0.0
12.566,0.21,-0.944,0.0
11.584,0.193,-0.937,0.0
11.0,0.183,-0.954,0.0
10.2,0.169,-0.945,0.0
9.573,0.158,-0.943,0.0
9.031,0.149,-0.943,0.0
12.292,0.199,-0.943,0.0
11.374,0.184,-0.938,0.0
10.652,0.172,-0.941,0.0
10.007,0.161,-0.943,0.0
9.442,0.151,-0.945,0.0
8.866,0.141,-0.94,0.0
12.016,0.188,-0.941,0.0
11.222,0.175,-0.944,0.0
10.499,0.163,-0.944,0.0
9.862,0.153,-0.945,0.0
9.315,0.144,-0.947,0.0
8.73,0.134,-0.939,0.0
11.757,0.177,-0.939,0.0
11.032,0.166,-0.945,0.0
10.311,0.154,-0.943,0.0
9.681,0.144,-0.943,0.0
9.104,0.135,-0.94,0.0
8.638,0.127,-0.943,0.0
11.527,0.167,-0.938,0.0
10.767,0.155,-0.939,0.0
10.151,0.145,-0.944,0.0
9.566,0.136,-0.947,0.0
8.973,0.127,-0.94,0.0
8.504,0.12,-0.941,0.0
11.329,0.157,-0.939,0.0
10.654,0.146,-0.945,0.0
9.978,0.136,-0.943,0.0
9.385,0.128,-0.943,0.0
8.847,0.12,-0.94,0.0
8.388,0.113,-0.941,0.0
11.178,0.147,-0.943,0.0
10.45,0.137,-0.942,0.0
9.829,0.128,-0.943,0.0
9.242,0.119,-0.942,0.0
8.725,0.112,-0.94,0.0
8.275,0.105,-0.94,0.0
11.003,0.137,-0.944,0.0
10.286,0.127,-0.942,0.0
9.675,0.119,-0.942,0.0
9.114,0.111,-0.942,0.0
8.615,0.104,-0.941,0.0
8.208,0.099,-0.944,0.0
10.831,0.127,-0.944,0.0
10.097,0.117,-0.939,0.0
9.535,0.11,-0.942,0.0
8.95,0.102,-0.937,0.0
8.521,0.097,-0.942,0.0
8.101,0.091,-0.943,0.0
10.615,0.116,-0.94,0.0
9.977,0.108,-0.942,0.0
9.416,0.101,-0.943,0.0
8.832,0.094,-0.937,0.0
8.412,0.089,-0.942,0.0
8.006,0.084,-0.943,0.0
10.452,0.106,-0.94,0.0
9.868,0.099,-0.944,0.0
9.29,0.093,-0.943,0.0
8.745,0.086,-0.939,0.0
8.302,0.081,-0.94,0.0
7.901,0.076,-0.941,0.0
10.337,0.097,-0.943,0.0
9.711,0.09,-0.942,0.0
9.138,0.084,-0.939,0.0
8.642,0.078,-0.94,0.0
8.208,0.073,-0.94,0.0
7.832,0.069,-0.943,0.0
10.222,0.087,-0.945,0.0
9.605,0.081,-0.944,0.0
9.009,0.075,-0.937,0.0
8.561,0.07,-0.941,0.0
8.115,0.066,-0.94,0.0
7.767,0.062,-0.945,0.0
10.054,0.077,-0.942,0.0
9.458,0.071,-0.941,0.0
8.895,0.066,-0.936,0.0
8.456,0.062,-0.94,0.0
8.02,0.058,-0.939,0.0
7.664,0.054,-0.941,0.0
9.925,0.067,-0.942,0.0
9.33,0.062,-0.939,0.0
8.789,0.057,-0.936,0.0
8.338,0.054,-0.937,0.0
7.975,0.05,-0.942,0.0
7.61,0.047,-0.944,0.0
9.817,0.058,-0.943,0.0
9.236,0.053,-0.94,0.0
8.72,0.049,-0.938,0.0
8.302,0.046,-0.942,0.0
7.863,0.042,-0.938,0.0
7.548,0.04,-0.945,0.0
9.689,0.048,-0.941,0.0
9.137,0.044,-0.94,0.0
8.614,0.041,-0.936,0.0
8.183,0.037,-0.938,0.0
7.802,0.035,-0.939,0.0
7.46,0.032,-0.942,0.0
9.57,0.039,-0.94,0.0
9.045,0.035,-0.94,0.0
8.59,0.032,-0.943,0.0
8.14,0.029,-0.941,0.0
7.757,0.027,-0.942,0.0
7.431,0.025,-0.946,0.0
9.501,0.029,-0.943,0.0
8.962,0.026,-0.941,0.0
8.474,0.024,-0.939,0.0
8.042,0.021,-0.938,0.0
7.732,0.019,-0.947,0.0
7.345,0.017,-0.942,0.0
9.366,0.019,-0.939,0.0
8.833,0.017,-0.936,0.0
8.384,0.015,-0.937,0.0
7.969,0.013,-0.938,0.0
7.645,0.011,-0.944,0.0
7.341,0.01,-0.949,0.0
9.295,0.01,-0.94,0.0
8.756,0.008,-0.936,0.0
8.302,0.007,-0.936,0.0
7.921,0.005,-0.939,0.0
7.561,0.004,-0.94,0.0
7.284,0.002,-0.948,0.0
9.209,0.001,-0.94,0.0
8.707,0.0,-0.939,0.0
8.254,-0.001,-0.938,0.0
7.891,-0.002,-0.943,0.0
7.516,-0.003,-0.942,0.0
7.21,-0.004,-0.945,0.0
9.118,-0.008,-0.939,0.0
8.609,-0.009,-0.936,0.0
8.193,-0.01,-0.938,0.0
7.802,-0.01,-0.939,0.0
7.509,-0.011,-0.947,0.0
7.167,-0.012,-0.946,0.0
9.066,-0.017,-0.941,0.0
8.551,-0.018,-0.937,0.0
8.135,-0.018,-0.938,0.0
7.763,-0.019,-0.941,0.0
7.422,-0.019,-0.942,0.0
7.128,-0.019,-0.946,0.0
8.969,-0.027,-0.938,0.0
8.496,-0.027,-0.937,0.0
8.087,-0.027,-0.939,0.0
7.745,-0.027,-0.944,0.0
7.379,-0.027,-0.942,0.0
7.102,-0.027,-0.948,0.0
8.879,-0.036,-0.935,0.0
8.425,-0.036,-0.935,0.0
8.014,-0.035,-0.936,0.0
7.689,-0.035,-0.943,0.0
7.294,-0.034,-0.937,0.0
7.043,-0.034,-0.945,0.0
8.82,-0.045,-0.935,0.0
8.402,-0.045,-0.939,0.0
7.977,-0.044,-0.937,0.0
7.608,-0.043,-0.938,0.0
7.338,-0.043,-0.947,0.0
7.005,-0.042,-0.945,0.0
8.773,-0.055,-0.936,0.0
8.315,-0.054,-0.934,0.0
7.978,-0.053,-0.942,0.0
7.613,-0.052,-0.944,0.0
7.253,-0.05,-0.941,0.0
7.035,-0.05,-0.953,0.0
8.729,-0.064,-0.936,0.0
8.271,-0.062,-0.934,0.0
7.899,-0.061,-0.938,0.0
7.582,-0.06,-0.944,0.0
7.196,-0.058,-0.938,0.0
6.995,-0.058,-0.952,0.0
8.698,-0.074,-0.938,0.0
8.272,-0.072,-0.939,0.0
7.893,-0.07,-0.941,0.0
7.577,-0.068,-0.948,0.0
7.241,-0.067,-0.947,0.0
6.959,-0.065,-0.951,0.0
8.651,-0.083,-0.937,0.0
8.209,-0.08,-0.936,0.0
7.874,-0.079,-0.943,0.0
7.489,-0.076,-0.941,0.0
7.222,-0.075,-0.948,0.0
6.928,-0.073,-0.95,0.0
8.594,-0.092,-0.935,0.0
8.159,-0.089,-0.934,0.0
7.815,-0.087,-0.939,0.0
7.515,-0.085,-0.947,0.0
7.14,-0.082,-0.941,0.0
6.933,-0.081,-0.953,0.0
8.567,-0.102,-0.936,0.0
8.17,-0.099,-0.939,0.0
7.772,-0.095,-0.937,0.0
7.429,-0.093,-0.939,0.0
7.155,-0.09,-0.946,0.0
6.888,-0.088,-0.95,0.0
8.518,-0.111,-0.933,0.0
8.151,-0.108,-0.94,0.0
7.734,-0.104,-0.936,0.0
7.455,-0.101,-0.945,0.0
7.124,-0.098,-0.944,0.0
6.851,-0.096,-0.947,0.0
8.552,-0.121,-0.94,0.0
8.136,-0.117,-0.941,0.0
7.732,-0.113,-0.938,0.0
7.383,-0.109,-0.939,0.0
7.119,-0.107,-0.946,0.0
6.848,-0.104,-0.949,0.0
8.485,-0.13,-0.935,0.0
8.109,-0.126,-0.94,0.0
7.73,-0.122,-0.94,0.0
7.39,-0.118,-0.941,0.0
7.094,-0.114,-0.944,0.0
6.856,-0.112,-0.952,0.0
8.486,-0.14,-0.937,0.0
8.052,-0.134,-0.935,0.0
7.724,-0.13,-0.941,0.0
7.403,-0.127,-0.945,0.0
7.107,-0.123,-0.947,0.0
6.807,-0.119,-0.946,0.0
8.456,-0.149,-0.936,0.0
8.026,-0.143,-0.934,0.0
7.685,-0.139,-0.937,0.0
7.381,-0.135,-0.943,0.0
7.065,-0.13,-0.943,0.0
6.833,-0.127,-0.951,0.0
8.463,-0.159,-0.938,0.0
8.027,-0.153,-0.935,0.0
7.687,-0.148,-0.939,0.0
7.343,-0.142,-0.939,0.0
7.111,-0.139,-0.95,0.0
6.82,-0.135,-0.95,0.0
8.451,-0.169,-0.937,0.0
8.056,-0.162,-0.939,0.0
7.678,-0.156,-0.938,0.0
7.371,-0.151,-0.943,0.0
7.076,-0.147,-0.946,0.0
6.82,-0.143,-0.95,0.0
8.413,-0.178,-0.933,0.0
8.033,-0.171,-0.937,0.0
7.697,-0.166,-0.941,0.0
7.353,-0.16,-0.941,0.0
7.12,-0.156,-0.952,0.0
6.802,-0.151,-0.948,0.0
8.44,-0.188,-0.937,0.0
8.039,-0.181,-0.937,0.0
7.69,-0.174,-0.94,0.0
7.385,-0.169,-0.945,0.0
7.061,-0.163,-0.944,0.0
6.813,-0.159,-0.949,0.0
8.418,-0.197,-0.934,0.0
8.055,-0.19,-0.939,0.0
7.681,-0.183,-0.939,0.0
7.379,-0.177,-0.944,0.0
7.082,-0.172,-0.946,0.0
6.813,-0.166,-0.949,0.0
8.468,-0.208,-0.939,0.0
8.045,-0.199,-0.937,0.0
7.715,-0.192,-0.942,0.0
7.375,-0.185,-0.943,0.0
7.082,-0.18,-0.945,0.0
6.828,-0.175,-0.95,0.0
8.45,-0.217,-0.936,0.0
8.043,-0.208,-0.936,0.0
7.693,-0.201,-0.938,0.0
7.368,-0.194,-0.941,0.0
7.096,-0.188,-0.946,0.0
6.817,-0.182,-0.947,0.0
8.464,-0.227,-0.936,0.0
8.08,-0.218,-0.938,0.0
7.703,-0.209,-0.938,0.0
7.385,-0.202,-0.941,0.0
7.121,-0.197,-0.948,0.0
6.86,-0.191,-0.952,0.0
8.492,-0.237,-0.937,0.0
8.076,-0.227,-0.936,0.0
7.728,-0.219,-0.939,0.0
7.424,-0.212,-0.945,0.0
7.124,-0.204,-0.947,0.0
6.852,-0.198,-0.949,0.0
8.513,-0.247,-0.937,0.0
8.106,-0.237,-0.937,0.0
7.737,-0.227,-0.938,0.0
7.418,-0.22,-0.942,0.0
7.171,-0.214,-0.951,0.0
6.865,-0.206,-0.949,0.0
8.546,-0.257,-0.938,0.0
8.126,-0.246,-0.937,0.0
7.766,-0.237,-0.939,0.0
7.469,-0.229,-0.946,0.0
7.147,-0.221,-0.945,0.0
6.883,-0.214,-0.949,0.0
8.588,-0.267,-0.94,0.0
8.166,-0.256,-0.939,0.0
7.796,-0.246,-0.94,0.0
7.474,-0.237,-0.944,0.0
7.172,-0.229,-0.945,0.0
6.921,-0.223,-0.951,0.0
8.606,-0.277,-0.938,0.0
8.193,-0.266,-0.939,0.0
7.814,-0.255,-0.939,0.0
7.477,-0.245,-0.941,0.0
7.203,-0.238,-0.947,0.0
6.893,-0.229,-0.944,0.0
8.653,-0.288,-0.939,0.0
8.202,-0.274,-0.936,0.0
7.836,-0.264,-0.938,0.0
7.471,-0.253,-0.936,0.0
7.225,-0.246,-0.946,0.0
6.956,-0.239,-0.95,0.0
8.704,-0.298,-0.941,0.0
8.235,-0.284,-0.936,0.0
7.893,-0.274,-0.941,0.0
7.531,-0.263,-0.94,0.0
7.227,-0.254,-0.942,0.0
6.977,-0.246,-0.949,0.0
8.752,-0.309,-0.941,0.0
8.294,-0.294,-0.938,0.0
7.895,-0.282,-0.937,0.0
7.574,-0.272,-0.941,0.0
7.265,-0.262,-0.943,0.0
7.037,-0.256,-0.953,0.0
8.778,-0.319,-0.939,0.0
8.35,-0.305,-0.939,0.0
7.964,-0.292,-0.94,0.0
7.637,-0.282,-0.944,0.0
7.312,-0.271,-0.945,0.0
7.028,-0.262,-0.947,0.0
8.854,-0.33,-0.942,0.0
8.384,-0.314,-0.938,0.0
7.989,-0.301,-0.938,0.0
7.677,-0.291,-0.944,0.0
7.373,-0.281,-0.948,0.0
7.097,-0.272,-0.952,0.0
8.919,-0.341,-0.943,0.0
8.47,-0.326,-0.942,0.0
8.031,-0.311,-0.937,0.0
7.668,-0.298,-0.938,0.0
7.393,-0.289,-0.945,0.0
7.091,-0.278,-0.946,0.0
8.993,-0.353,-0.944,0.0
8.502,-0.335,-0.939,0.0
8.104,-0.321,-0.94,0.0
7.732,-0.308,-0.94,0.0
7.449,-0.298,-0.947,0.0
7.154,-0.288,-0.949,0.0
9.047,-0.363,-0.943,0.0
8.591,-0.346,-0.943,0.0
8.137,-0.33,-0.938,0.0
7.771,-0.316,-0.939,0.0
7.475,-0.306,-0.945,0.0
7.175,-0.295,-0.946,0.0
9.145,-0.375,-0.946,0.0
8.663,-0.357,-0.944,0.0
8.195,-0.34,-0.938,0.0
7.85,-0.327,-0.942,0.0
7.523,-0.315,-0.944,0.0
7.22,-0.303,-0.946,0.0
9.229,-0.387,-0.947,0.0
8.714,-0.367,-0.942,0.0
8.283,-0.35,-0.941,0.0
7.901,-0.336,-0.942,0.0
7.557,-0.323,-0.942,0.0
7.275,-0.312,-0.947,0.0
9.329,-0.399,-0.95,0.0
8.791,-0.378,-0.943,0.0
8.331,-0.359,-0.939,0.0
7.958,-0.345,-0.942,0.0
7.629,-0.332,-0.944,0.0
7.333,-0.321,-0.948,0.0
9.409,-0.41,-0.949,0.0
8.908,-0.39,-0.947,0.0
8.393,-0.369,-0.938,0.0
8.016,-0.354,-0.941,0.0
7.692,-0.341,-0.945,0.0
7.379,-0.329,-0.947,0.0
9.507,-0.422,-0.95,0.0
8.964,-0.4,-0.945,0.0
8.497,-0.38,-0.942,0.0
8.067,-0.363,-0.939,0.0
7.762,-0.35,-0.946,0.0
7.433,-0.337,-0.947,0.0
9.643,-0.436,-0.955,0.0
9.081,-0.412,-0.948,0.0
8.592,-0.391,-0.944,0.0
8.144,-0.372,-0.94,0.0
7.791,-0.358,-0.942,0.0
7.503,-0.346,-0.948,0.0
9.707,-0.446,-0.951,0.0
9.182,-0.424,-0.949,0.0
8.675,-0.402,-0.944,0.0
8.223,-0.382,-0.941,0.0
7.855,-0.366,-0.941,0.0
7.536,-0.353,-0.944,0.0
9.826,-0.459,-0.953,0.0
9.278,-0.435,-0.95,0.0
8.77,-0.412,-0.945,0.0
8.317,-0.392,-0.942,0.0
7.946,-0.376,-0.944,0.0
7.616,-0.362,-0.946,0.0
9.943,-0.471,-0.953,0.0
9.388,-0.446,-0.951,0.0
8.865,-0.423,-0.946,0.0
8.411,-0.402,-0.944,0.0
8.018,-0.385,-0.943,0.0
7.693,-0.37,-0.947,0.0
10.022,-0.481,-0.95,0.0
9.493,-0.457,-0.951,0.0
8.971,-0.434,-0.947,0.0
8.5,-0.412,-0.944,0.0
8.085,-0.393,-0.942,0.0
7.747,-0.378,-0.944,0.0
10.211,-0.497,-0.956,0.0
9.664,-0.472,-0.957,0.0
9.099,-0.446,-0.95,0.0
8.59,-0.422,-0.944,0.0
8.173,-0.403,-0.942,0.0
7.819,-0.386,-0.944,0.0
10.343,-0.51,-0.956,0.0
9.78,-0.483,-0.956,0.0
9.208,-0.456,-0.95,0.0
8.734,-0.434,-0.949,0.0
8.267,-0.412,-0.943,0.0
7.896,-0.395,-0.944,0.0
10.483,-0.523,-0.956,0.0
9.867,-0.493,-0.953,0.0
9.332,-0.468,-0.951,0.0
8.838,-0.444,-0.95,0.0
8.368,-0.422,-0.944,0.0
7.989,-0.404,-0.945,0.0
10.63,-0.536,-0.956,0.0
10.0,-0.505,-0.953,0.0
9.466,-0.479,-0.953,0.0
8.928,-0.453,-0.948,0.0
8.467,-0.431,-0.944,0.0
8.066,-0.412,-0.943,0.0
10.784,-0.549,-0.956,0.0
10.171,-0.519,-0.957,0.0
9.625,-0.492,-0.957,0.0
9.068,-0.465,-0.951,0.0
8.579,-0.441,-0.946,0.0
8.162,-0.421,-0.944,0.0
10.931,-0.562,-0.955,0.0
10.296,-0.53,-0.955,0.0
9.74,-0.503,-0.955,0.0
9.212,-0.476,-0.954,0.0
8.732,-0.453,-0.951,0.0
8.256,-0.429,-0.944,0.0
11.12,-0.576,-0.957,0.0
10.462,-0.543,-0.956,0.0
9.874,-0.514,-0.955,0.0
9.335,-0.487,-0.954,0.0
8.843,-0.462,-0.951,0.0
8.384,-0.439,-0.946,0.0
11.299,-0.59,-0.957,0.0
10.598,-0.554,-0.954,0.0
10.008,-0.525,-0.954,0.0
9.464,-0.497,-0.954,0.0
8.958,-0.472,-0.951,0.0
8.486,-0.448,-0.946,0.0
11.505,-0.605,-0.958,0.0
10.81,-0.57,-0.958,0.0
10.209,-0.539,-0.959,0.0
9.594,-0.507,-0.953,0.0
9.107,-0.483,-0.954,0.0
8.632,-0.458,-0.95,0.0
11.727,-0.621,-0.96,0.0
11.017,-0.584,-0.96,0.0
10.361,-0.55,-0.958,0.0
9.761,-0.519,-0.956,0.0
9.268,-0.494,-0.957,0.0
8.767,-0.468,-0.952,0.0
11.975,-0.637,-0.963,0.0
11.162,-0.595,-0.957,0.0
10.483,-0.56,-0.954,0.0
9.901,-0.529,-0.955,0.0
9.416,-0.504,-0.958,0.0
8.888,-0.477,-0.952,0.0
12.2,-0.653,-0.963,0.0
11.415,-0.611,-0.962,0.0
10.731,-0.575,-0.961,0.0
10.068,-0.541,-0.956,0.0
9.543,-0.513,-0.957,0.0
9.041,-0.487,-0.955,0.0
12.459,-0.669,-0.965,0.0
11.622,-0.625,-0.962,0.0
10.887,-0.586,-0.958,0.0
10.296,-0.555,-0.962,0.0
9.715,-0.525,-0.959,0.0
9.184,-0.497,-0.956,0.0
12.693,-0.684,-0.964,0.0
11.837,-0.639,-0.961,0.0
11.105,-0.6,-0.961,0.0
10.425,-0.564,-0.958,0.0
9.888,-0.535,-0.961,0.0
9.344,-0.507,-0.958,0.0
12.954,-0.7,-0.964,0.0
12.125,-0.656,-0.966,0.0
11.321,-0.613,-0.962,0.0
10.571,-0.573,-0.955,0.0
10.014,-0.543,-0.958,0.0
9.515,-0.517,-0.961,0.0
13.226,-0.716,-0.963,0.0
12.39,-0.671,-0.968,0.0
11.52,-0.625,-0.961,0.0
10.832,-0.588,-0.962,0.0
10.212,-0.555,-0.961,0.0
9.686,-0.527,-0.963,0.0
13.587,-0.736,-0.968,0.0
12.619,-0.684,-0.966,0.0
11.734,-0.637,-0.96,0.0
11.012,-0.598,-0.96,0.0
10.37,-0.564,-0.959,0.0
9.829,-0.535,-0.961,0.0
13.894,-0.754,-0.968,0.0
12.937,-0.702,-0.969,0.0
12.065,-0.655,-0.968,0.0
11.158,-0.606,-0.955,0.0
10.549,-0.574,-0.958,0.0
9.989,-0.544,-0.96,0.0
14.354,-0.778,-0.977,0.0
13.178,-0.715,-0.966,0.0
12.309,-0.668,-0.967,0.0
11.461,-0.622,-0.962,0.0
10.756,-0.584,-0.96,0.0
10.187,-0.554,-0.963,0.0
14.756,-0.799,-0.98,0.0
13.524,-0.733,-0.969,0.0
12.562,-0.681,-0.967,0.0
11.684,-0.634,-0.962,0.0
10.991,-0.596,-0.963,0.0
10.36,-0.562,-0.962,0.0
14.912,-0.806,-0.966,3.0
13.73,-0.743,-0.962,0.0
12.825,-0.694,-0.966,0.0
12.032,-0.651,-0.97,0.0
11.185,-0.605,-0.961,0.0
10.543,-0.571,-0.961,0.0
15.048,-0.812,-0.95,1.0
14.242,-0.768,-0.974,0.0
13.162,-0.71,-0.969,0.0
12.251,-0.661,-0.967,0.0
11.46,-0.618,-0.965,0.0
10.758,-0.58,-0.963,0.0
15.122,-0.813,-0.93,1.0
14.665,-0.789,-0.978,0.0
13.512,-0.726,-0.972,0.0
12.522,-0.673,-0.968,0.0
11.645,-0.626,-0.961,0.0
10.998,-0.591,-0.966,0.0
15.119,-0.81,-0.904,1.0
14.907,-0.798,-0.969,2.0
13.746,-0.736,-0.966,0.0
12.819,-0.686,-0.969,0.0
12.017,-0.643,-0.971,0.0
11.206,-0.599,-0.965,0.0
15.141,-0.807,-0.879,0.0
15.074,-0.803,-0.954,1.0
14.289,-0.761,-0.979,0.0
13.024,-0.693,-0.962,0.0
12.277,-0.653,-0.971,0.0
11.438,-0.608,-0.965,0.0
15.247,-0.808,-0.859,0.0
15.134,-0.802,-0.932,0.0
14.568,-0.771,-0.974,0.0
13.42,-0.71,-0.968,0.0
12.546,-0.664,-0.971,0.0
11.676,-0.617,-0.965,0.0
15.448,-0.814,-0.845,0.0
15.159,-0.798,-0.908,1.0
14.898,-0.783,-0.97,1.0
13.768,-0.723,-0.97,0.0
12.795,-0.672,-0.968,0.0
11.984,-0.629,-0.97,0.0
15.802,-0.826,-0.837,0.0
15.198,-0.794,-0.884,1.0
15.154,-0.791,-0.961,0.0
0.0,0.0,0.0,0.0
13.125,-0.684,-0.971,0.0
12.255,-0.638,-0.97,0.0
16.096,-0.835,-0.825,0.0
15.251,-0.79,-0.861,1.0
15.194,-0.786,-0.937,0.0
14.504,-0.75,-0.972,0.0
13.454,-0.695,-0.972,0.0
12.528,-0.646,-0.97,0.0
16.477,-0.847,-0.816,1.0
15.407,-0.791,-0.843,0.0
15.249,-0.782,-0.914,1.0
15.026,-0.77,-0.98,0.0
13.635,-0.697,-0.961,0.0
12.827,-0.655,-0.971,0.0
16.808,-0.856,-0.803,0.0
15.794,-0.803,-0.837,0.0
15.257,-0.774,-0.888,1.0
15.246,-0.773,-0.968,0.0
14.314,-0.725,-0.984,0.0
13.104,-0.662,-0.969,0.0
17.445,-0.878,-0.803,0.0
16.101,-0.809,-0.825,0.0
15.312,-0.768,-0.864,1.0
15.295,-0.767,-0.945,1.0
14.486,-0.725,-0.97,0.0
13.548,-0.677,-0.978,0.0
18.203,-0.906,-0.806,1.0
16.512,-0.82,-0.817,2.0
15.463,-0.767,-0.846,0.0
15.317,-0.758,-0.919,1.0
15.132,-0.748,-0.987,0.0
13.611,-0.671,-0.959,0.0
18.717,-0.92,-0.796,0.0
16.936,-0.83,-0.809,0.0
15.904,-0.778,-0.842,0.0
15.346,-0.75,-0.894,1.0
15.342,-0.748,-0.974,0.0
14.176,-0.69,-0.974,0.0
19.532,-0.947,-0.796,0.0
17.537,-0.848,-0.806,0.0
16.203,-0.782,-0.829,1.0
15.403,-0.742,-0.87,1.0
15.401,-0.74,-0.95,0.0
14.482,-0.694,-0.969,0.0
20.301,-0.969,-0.792,0.0
18.263,-0.87,-0.808,0.0
16.471,-0.783,-0.814,0.0
15.546,-0.737,-0.851,0.0
15.421,-0.729,-0.924,1.0
14.974,-0.707,-0.976,0.0
21.078,-0.991,-0.786,1.0
18.893,-0.886,-0.803,0.0
17.028,-0.796,-0.812,0.0
15.993,-0.746,-0.848,0.0
15.475,-0.72,-0.901,1.0
15.453,-0.717,-0.98,0.0
21.938,-1.014,-0.78,1.0
19.513,-0.899,-0.795,0.0
17.607,-0.809,-0.809,0.0
16.206,-0.742,-0.831,1.0
15.546,-0.71,-0.878,1.0
15.526,-0.707,-0.958,0.0
23.084,-1.047,-0.781,2.0
20.31,-0.919,-0.792,0.0
18.244,-0.823,-0.807,0.0
16.524,-0.743,-0.818,1.0
15.614,-0.7,-0.855,1.0
15.582,-0.696,-0.934,0.0
23.789,-1.059,-0.763,13.0
21.187,-0.94,-0.79,0.0
18.903,-0.836,-0.803,0.0
17.054,-0.752,-0.815,0.0
15.982,-0.702,-0.847,0.0
15.645,-0.685,-0.911,1.0
23.991,-1.046,-0.729,19.0
21.952,-0.954,-0.781,3.0
19.706,-0.853,-0.803,0.0
17.657,-0.762,-0.814,0.0
16.297,-0.701,-0.836,2.0
15.698,-0.672,-0.887,1.0
24.788,-1.057,-0.711,8.0
23.367,-0.993,-0.791,2.0
20.474,-0.866,-0.8,0.0
18.288,-0.771,-0.811,0.0
16.736,-0.703,-0.83,2.0
15.767,-0.66,-0.864,1.0
28.233,-1.176,-0.761,12.0
23.793,-0.987,-0.765,17.0
21.025,-0.869,-0.786,0.0
18.913,-0.778,-0.807,0.0
17.017,-0.697,-0.815,1.0
15.938,-0.651,-0.846,1.0
28.444,-1.156,-0.718,84.0
24.104,-0.975,-0.734,18.0
21.984,-0.885,-0.784,1.0
19.627,-0.787,-0.804,0.0
17.61,-0.703,-0.813,1.0
16.206,-0.644,-0.833,0.0
28.473,-1.126,-0.671,64.0
25.058,-0.987,-0.721,6.0
23.351,-0.915,-0.793,3.0
20.463,-0.798,-0.804,2.0
18.275,-0.71,-0.813,1.0
31.277,-1.209,-1.555,1.0
30.544,-1.174,-0.668,32.0
28.278,-1.082,-0.766,2.0
23.785,-0.905,-0.768,15.0
21.09,-0.799,-0.793,1.0
18.874,-0.711,-0.808,0.0
17.205,-0.645,-0.827,0.0
30.752,-1.147,-0.622,31.0
29.256,-1.086,-0.744,1.0
24.261,-0.896,-0.743,21.0
22.027,-0.809,-0.792,1.0
19.664,-0.718,-0.81,0.0
17.957,-0.652,-0.833,0.0
31.142,-1.125,-0.578,28.0
30.464,-1.094,-0.725,19.0
25.223,-0.901,-0.732,6.0
23.211,-0.824,-0.796,5.0
20.375,-0.719,-0.805,0.0
18.509,-0.65,-0.828,2.0
37.972,-1.326,-0.643,6.0
30.545,-1.06,-0.677,32.0
27.732,-0.956,-0.759,1.0
23.734,-0.814,-0.776,13.0
21.103,-0.719,-0.8,0.0
18.885,-0.639,-0.814,3.0
38.175,-1.285,-0.585,14.0
30.796,-1.03,-0.632,28.0
28.785,-0.957,-0.741,1.0
24.172,-0.798,-0.751,22.0
22.021,-0.722,-0.799,3.0
19.607,-0.639,-0.814,8.0
38.483,-1.246,-0.528,16.0
31.228,-1.004,-0.592,25.0
30.416,-0.972,-0.735,23.0
25.1,-0.796,-0.74,8.0
23.059,-0.726,-0.801,2.0
20.036,-0.626,-0.8,3.0
38.617,-1.2,-0.469,33.0
37.88,-1.168,-0.658,13.0
30.551,-0.935,-0.69,34.0
27.604,-0.838,-0.77,0.0
23.76,-0.716,-0.787,12.0
20.858,-0.624,-0.8,2.0
38.641,-1.148,-0.409,57.0
38.06,-1.122,-0.602,25.0
30.801,-0.901,-0.648,30.0
28.615,-0.83,-0.754,1.0
23.857,-0.686,-0.753,20.0
21.88,-0.624,-0.805,0.0
38.673,-1.095,-0.349,58.0
38.393,-1.078,-0.547,25.0
31.189,-0.868,-0.607,24.0
30.278,-0.835,-0.751,10.0
24.747,-0.677,-0.743,10.0
22.594,-0.612,-0.797,3.0
38.69,-1.041,-0.29,58.0
38.617,-1.029,-0.491,24.0
37.864,-1.0,-0.68,9.0
30.454,-0.797,-0.709,32.0
27.232,-0.706,-0.777,0.0
23.754,-0.61,-0.802,11.0
38.756,-0.986,-0.232,33.0
38.752,-0.976,-0.435,31.0
38.05,-0.949,-0.626,15.0
30.695,-0.757,-0.668,32.0
28.333,-0.692,-0.766,1.0
23.823,-0.576,-0.769,14.0
40.419,-0.968,-0.182,39.0
40.417,-0.957,-0.393,47.0
38.391,-0.9,-0.575,24.0
31.179,-0.723,-0.633,26.0
30.139,-0.691,-0.77,8.0
23.871,-0.541,-0.735,2.0
40.426,-0.907,-0.122,34.0
40.432,-0.896,-0.334,23.0
40.401,-0.885,-0.546,6.0
31.601,-0.683,-0.595,2.0
30.461,-0.651,-0.734,27.0
0.0,0.0,0.0,0.0
38.378,-0.801,-0.06,33.0
38.381,-0.791,-0.262,12.0
45.054,-0.917,-0.544,9.0
37.966,-0.762,-0.662,21.0
30.644,-0.607,-0.695,32.0
27.913,-0.545,-0.78,3.0
52.966,-1.023,-0.008,51.0
52.939,-1.007,-0.286,47.0
45.429,-0.851,-0.484,18.0
38.304,-0.708,-0.613,14.0
31.201,-0.568,-0.663,20.0
28.83,-0.517,-0.765,11.0
20.138,-0.356,0.025,29.0
20.138,-0.35,-0.08,3.0
52.912,-0.906,-0.49,25.0
44.823,-0.755,-0.656,6.0
35.902,-0.595,-0.714,2.0
30.025,-0.489,-0.755,22.0
20.151,-0.323,0.052,51.0
20.116,-0.317,-0.053,11.0
59.277,-0.919,-0.469,7.0
44.922,-0.683,-0.596,34.0
37.737,-0.564,-0.7,13.0
30.69,-0.45,-0.731,28.0
20.143,-0.29,0.079,16.0
59.514,-0.84,-0.078,59.0
56.581,-0.782,-0.372,7.0
45.128,-0.611,-0.54,16.0
38.059,-0.504,-0.656,28.0
31.706,-0.411,-0.713,26.0
20.168,-0.256,0.106,2.0
59.572,-0.74,0.0,25.0
56.248,-0.682,-0.297,0.0
52.812,-0.626,-0.563,6.0
38.492,-0.444,-0.613,13.0
35.861,-0.404,-0.761,1.0
56.147,-0.618,0.367,6.0
56.225,-0.602,0.071,1.0
56.223,-0.585,-0.225,11.0
52.956,-0.536,-0.497,4.0
44.87,-0.441,-0.658,13.0
20.192,-0.192,-0.403,23.0
53.384,-0.494,0.417,13.0
53.351,-0.477,0.135,9.0
53.355,-0.462,-0.147,11.0
20.176,-0.168,-0.164,9.0
20.171,-0.162,-0.271,26.0
20.168,-0.156,-0.377,30.0
20.199,-0.15,0.183,18.0
20.151,-0.144,0.075,15.0
20.166,-0.138,-0.03,24.0
20.157,-0.132,-0.139,22.0
20.139,-0.126,-0.246,28.0
20.148,-0.12,-0.353,39.0
20.132,-0.114,0.206,21.0
20.132,-0.108,0.099,30.0
20.131,-0.102,-0.007,31.0
20.129,-0.096,-0.115,28.0
20.155,-0.09,-0.222,25.0
20.147,-0.084,-0.329,33.0
20.119,-0.078,0.229,28.0
20.119,-0.072,0.123,34.0
20.13,-0.066,0.016,35.0
20.144,-0.059,-0.092,34.0
20.141,-0.053,-0.199,26.0
20.168,-0.047,-0.307,25.0
20.117,-0.041,0.252,29.0
20.114,-0.035,0.145,31.0
20.141,-0.029,0.038,34.0
20.132,-0.023,-0.07,20.0
20.163,-0.016,-0.177,14.0
20.22,-0.01,-0.285,4.0
20.133,-0.003,0.275,28.0
20.129,0.002,0.168,28.0
20.17,0.008,0.061,34.0
20.244,0.014,-0.048,152.0
20.261,0.021,-0.156,151.0
20.267,0.027,-0.264,150.0
20.14,0.033,0.297,31.0
20.152,0.04,0.19,28.0
20.159,0.046,0.082,26.0
20.209,0.052,-0.026,27.0
20.216,0.059,-0.134,25.0
20.227,0.065,-0.242,2.0
20.156,0.071,0.318,27.0
20.152,0.078,0.21,28.0
20.177,0.084,0.103,26.0
20.188,0.09,-0.006,28.0
20.189,0.097,-0.113,32.0
20.184,0.103,-0.221,24.0
20.156,0.11,0.338,29.0
20.161,0.116,0.231,26.0
20.171,0.122,0.123,25.0
20.189,0.129,0.013,28.0
20.189,0.136,-0.094,28.0
20.166,0.142,-0.201,23.0
20.178,0.149,0.358,27.0
20.178,0.155,0.25,20.0
20.227,0.162,0.143,22.0
20.293,0.169,0.033,27.0
20.229,0.175,-0.075,16.0
20.195,0.181,-0.183,16.0
20.276,0.189,0.379,31.0
20.281,0.195,0.27,28.0
20.303,0.202,0.162,28.0
20.323,0.208,0.051,27.0
20.437,0.216,-0.057,0.0
20.209,0.22,-0.165,0.0
20.272,0.228,0.397,29.0
20.288,0.235,0.289,23.0
20.299,0.241,0.18,9.0
99.579,1.219,0.342,6.0
99.624,1.25,-0.192,1.0
0.0,0.0,0.0,0.0
20.296,0.268,0.415,9.0
20.285,0.275,0.306,0.0
0.0,0.0,0.0,0.0
99.637,1.415,0.426,6.0
99.797,1.45,-0.108,3.0
0.0,0.0,0.0,0.0
196.236,2.985,4.183,26.0
194.72,3.025,3.104,32.0
0.0,0.0,0.0,0.0
99.772,1.612,0.507,5.0
99.812,1.645,-0.029,4.0
0.0,0.0,0.0,0.0
194.599,3.343,4.302,16.0
194.674,3.404,3.254,24.0
0.0,0.0,0.0,0.0
99.817,1.81,0.584,4.0
99.89,1.843,0.046,2.0
0.0,0.0,0.0,0.0
194.597,3.728,4.448,11.0
195.606,3.807,3.416,6.0
103.17,2.042,1.246,7.0
102.868,2.07,0.677,2.0
100.069,2.046,0.12,3.0
0.0,0.0,0.0,0.0
194.587,4.119,4.589,16.0
0.0,0.0,0.0,0.0
195.393,4.262,2.499,9.0
103.137,2.281,0.751,2.0
100.12,2.246,0.189,4.0
0.0,0.0,0.0,0.0
194.516,4.508,4.72,21.0
193.965,4.558,3.659,29.0
195.102,4.647,2.626,26.0
0.0,0.0,0.0,0.0
100.179,2.45,0.255,3.0
0.0,0.0,0.0,0.0
194.191,4.891,4.838,30.0
193.643,4.938,3.776,27.0
195.374,5.044,2.753,26.0
103.14,2.696,0.884,2.0
0.0,0.0,0.0,0.0
0.0,0.0,0.0,0.0
194.43,5.288,4.962,30.0
193.47,5.325,3.889,33.0
195.484,5.442,2.871,9.0
0.0,0.0,0.0,0.0
0.0,0.0,0.0,0.0
0.0,0.0,0.0,0.0
194.03,5.674,5.064,24.0
193.55,5.718,4.0,31.0
195.054,5.824,2.973,22.0
201.631,6.086,1.959,17.0
196.192,5.983,0.84,36.0
0.0,0.0,0.0,0.0
194.155,6.071,5.171,17.0
193.929,6.123,4.11,22.0
195.115,6.223,3.075,13.0
0.0,0.0,0.0,0.0
196.269,6.382,0.94,28.0
0.0,0.0,0.0,0.0
194.735,6.485,5.283,5.0
195.134,6.558,4.232,6.0
194.842,6.61,3.165,28.0
0.0,0.0,0.0,0.0
196.334,6.786,1.033,32.0
0.0,0.0,0.0,0.0
194.842,6.884,5.375,14.0
195.383,6.966,4.326,19.0
202.786,7.295,3.385,23.0
0.0,0.0,0.0,0.0
196.395,7.19,1.118,25.0
0.0,0.0,0.0,0.0
198.213,7.41,5.553,5.0
195.191,7.355,4.402,9.0
195.145,7.416,3.336,21.0
195.216,7.481,2.253,5.0
196.565,7.596,1.196,33.0
0.0,0.0,0.0,0.0
193.537,7.631,5.495,4.0
196.563,7.81,4.507,16.0
203.894,8.164,3.56,10.0
199.184,8.039,2.37,9.0
196.657,7.998,1.266,33.0
0.0,0.0,0.0,0.0
193.78,8.034,5.568,5.0
0.0,0.0,0.0,0.0
196.801,8.283,3.502,15.0
0.0,0.0,0.0,0.0
196.674,8.399,1.327,25.0
0.0,0.0,0.0,0.0
195.408,8.498,5.674,23.0
195.494,8.562,4.606,47.0
195.521,8.625,3.536,25.0
204.977,9.102,2.562,50.0
196.819,8.802,1.382,33.0
0.0,0.0,0.0,0.0
193.556,8.813,5.673,26.0
0.0,0.0,0.0,0.0
205.071,9.462,3.759,8.0
204.804,9.514,2.611,15.0
196.947,9.211,1.43,30.0
0.0,0.0,0.0,0.0
194.382,9.247,5.74,6.0
196.729,9.417,4.729,6.0
197.299,9.503,3.66,6.0
0.0,0.0,0.0,0.0
197.052,9.61,1.47,26.0
0.0,0.0,0.0,0.0
194.13,9.623,5.769,22.0
0.0,0.0,0.0,0.0
197.695,9.919,3.701,6.0
0.0,0.0,0.0,0.0
197.054,10.002,1.501,24.0
0.0,0.0,0.0,0.0
193.895,10.002,5.792,12.0
197.618,10.252,4.814,6.0
197.876,10.325,3.731,9.0
0.0,0.0,0.0,0.0
197.222,10.408,1.525,22.0
0.0,0.0,0.0,0.0
193.792,10.386,5.81,12.0
196.099,10.568,4.798,38.0
196.093,10.623,3.716,53.0
196.051,10.68,2.614,45.0
196.079,10.741,1.534,74.0
196.056,10.797,0.453,27.0
0.0,0.0,0.0,0.0
0.0,0.0,0.0,0.0
0.0,0.0,0.0,0.0
0.0,0.0,0.0,0.0
197.514,11.212,1.553,16.0
197.413,11.264,0.463,10.0
194.664,11.21,5.857,6.0
0.0,0.0,0.0,0.0
0.0,0.0,0.0,0.0
0.0,0.0,0.0,0.0
197.501,11.599,1.554,20.0
197.612,11.663,0.463,15.0
0.0,0.0,0.0,0.0
195.908,11.721,4.809,6.0
0.0,0.0,0.0,0.0
202.752,12.247,2.711,6.0
156.385,9.492,1.226,3.0
0.0,0.0,0.0,0.0
0.0,0.0,0.0,0.0
195.751,12.098,4.794,15.0
198.337,12.314,3.759,8.0
0.0,0.0,0.0,0.0
0.0,0.0,0.0,0.0
155.232,9.771,0.345,4.0
0.0,0.0,0.0,0.0
195.807,12.484,4.779,8.0
198.275,12.697,3.739,6.0
200.086,12.868,2.642,6.0
0.0,0.0,0.0,0.0
154.948,10.055,0.327,90.0
162.704,10.645,4.855,18.0
179.146,11.767,4.349,11.0
0.0,0.0,0.0,0.0
0.0,0.0,0.0,0.0
0.0,0.0,0.0,0.0
154.93,10.347,0.304,152.0
177.682,11.964,5.274,4.0
178.547,12.068,4.306,8.0
210.339,14.275,3.902,14.0
0.0,0.0,0.0,0.0
0.0,0.0,0.0,0.0
154.953,10.643,0.274,15.0
161.571,11.187,4.764,25.0
167.939,11.671,4.017,10.0
173.702,12.118,3.187,17.0
199.744,13.986,2.532,5.0
0.0,0.0,0.0,0.0
0.0,0.0,0.0,0.0
155.962,11.089,4.563,27.0
178.402,12.731,4.225,5.0
173.754,12.444,3.147,21.0
179.194,12.879,2.228,12.0
140.787,10.157,0.966,3.0
141.301,10.233,0.182,4.0
161.035,11.748,4.669,18.0
168.551,12.34,3.946,17.0
177.776,13.06,3.17,12.0
173.375,12.78,2.106,19.0
0.0,0.0,0.0,0.0
122.052,9.06,0.12,2.0
0.0,0.0,0.0,0.0
156.157,11.717,3.608,36.0
168.086,12.655,2.945,46.0
168.199,12.706,1.989,16.0
0.0,0.0,0.0,0.0
114.136,8.682,0.075,6.0
178.251,13.655,5.055,17.0
155.704,11.966,3.543,15.0
162.105,12.497,2.783,39.0
162.1,12.539,1.86,24.0
114.196,8.861,0.671,13.0
114.136,8.886,0.033,5.0
155.165,12.165,4.343,16.0
195.007,15.336,4.366,6.0
155.956,12.303,2.617,37.0
155.9,12.336,1.728,17.0
114.033,9.05,0.625,23.0
110.128,8.769,-0.012,1.0
161.488,12.946,4.454,8.0
156.047,12.545,3.429,33.0
181.717,14.653,2.974,5.0
0.0,0.0,0.0,0.0
110.456,8.962,0.558,19.0
109.186,8.885,-0.059,2.0
197.598,16.185,5.363,5.0
202.23,16.613,4.354,7.0
213.543,17.59,3.398,11.0
0.0,0.0,0.0,0.0
108.537,8.992,0.499,2.0
108.207,8.991,-0.109,3.0
197.038,16.48,5.253,17.0
201.955,16.938,4.25,7.0
214.075,18.003,3.304,9.0
128.999,10.877,1.253,2.0
107.776,9.113,0.442,7.0
107.871,9.145,-0.163,8.0
144.386,12.319,3.777,4.0
199.64,17.079,4.1,8.0
153.547,13.169,2.289,17.0
108.734,9.35,1.0,3.0
107.672,9.283,0.385,24.0
107.737,9.313,-0.219,6.0
144.454,12.565,3.702,3.0
152.629,13.308,3.053,18.0
153.133,13.384,2.201,21.0
0.0,0.0,0.0,0.0
107.662,9.458,0.325,16.0
101.082,8.904,-0.263,1.0
152.532,13.516,3.822,20.0
152.645,13.559,2.965,21.0
152.661,13.593,2.104,27.0
108.407,9.676,0.873,3.0
0.0,0.0,0.0,0.0
0.0,0.0,0.0,0.0
152.14,13.726,3.721,27.0
151.975,13.743,2.86,19.0
152.293,13.805,2.007,24.0
0.0,0.0,0.0,0.0
93.545,8.52,0.169,1.0
0.0,0.0,0.0,0.0
151.96,13.951,3.619,27.0
151.571,13.947,2.755,25.0
151.829,14.002,1.904,21.0
0.0,0.0,0.0,0.0
92.898,8.607,0.107,1.0
0.0,0.0,0.0,0.0
151.834,14.177,3.516,24.0
151.263,14.155,2.648,27.0
151.648,14.222,1.798,18.0
0.0,0.0,0.0,0.0
92.49,8.712,0.043,1.0
0.0,0.0,0.0,0.0
151.526,14.383,3.402,22.0
151.133,14.374,2.538,27.0
151.176,14.407,1.686,4.0
0.0,0.0,0.0,0.0
92.468,8.85,-0.022,1.0
0.0,0.0,0.0,0.0
138.217,13.323,3.005,16.0
151.046,14.588,2.428,28.0
0.0,0.0,0.0,0.0
0.0,0.0,0.0,0.0
0.0,0.0,0.0,0.0
68.933,6.712,-0.458,2.0
121.515,11.892,2.549,62.0
121.6,11.922,1.863,71.0
0.0,0.0,0.0,0.0
0.0,0.0,0.0,0.0
85.529,8.433,-0.149,0.0
68.889,6.807,-0.51,1.0
121.552,12.067,2.457,52.0
121.605,12.094,1.769,35.0
85.085,8.477,0.756,1.0
0.0,0.0,0.0,0.0
0.0,0.0,0.0,0.0
0.0,0.0,0.0,0.0
150.753,15.175,2.926,19.0
150.584,15.184,2.069,18.0
0.0,0.0,0.0,0.0
0.0,0.0,0.0,0.0
82.328,8.345,-0.276,1.0
0.0,0.0,0.0,0.0
150.712,15.374,2.8,23.0
150.707,15.398,1.946,14.0
0.0,0.0,0.0,0.0
0.0,0.0,0.0,0.0
82.591,8.481,-0.347,1.0
0.0,0.0,0.0,0.0
115.663,11.951,2.05,28.0
115.552,11.957,1.393,4.0
82.177,8.518,0.524,1.0
0.0,0.0,0.0,0.0
82.63,8.593,-0.419,0.0
0.0,0.0,0.0,0.0
115.585,12.091,1.948,48.0
0.0,0.0,0.0,0.0
82.182,8.622,0.451,3.0
82.046,8.621,-0.022,1.0
0.0,0.0,0.0,0.0
0.0,0.0,0.0,0.0
109.32,11.57,1.744,37.0
0.0,0.0,0.0,0.0
82.015,8.705,0.376,3.0
82.042,8.721,-0.097,150.0
0.0,0.0,0.0,0.0
0.0,0.0,0.0,0.0
109.282,11.698,1.644,57.0
0.0,0.0,0.0,0.0
82.071,8.809,0.3,5.0
77.739,8.356,-0.164,7.0
68.873,7.414,-0.538,0.0
0.0,0.0,0.0,0.0
109.312,11.829,1.54,22.0
81.924,8.876,0.688,1.0
77.072,8.362,0.209,9.0
76.959,8.361,-0.236,9.0
0.0,0.0,0.0,0.0
0.0,0.0,0.0,0.0
149.94,16.394,1.968,5.0
82.047,8.982,0.609,4.0
76.25,8.358,0.133,9.0
76.561,8.403,-0.311,4.0
0.0,0.0,0.0,0.0
0.0,0.0,0.0,0.0
0.0,0.0,0.0,0.0
76.924,8.504,0.495,1.0
75.555,8.363,0.056,17.0
75.651,8.384,-0.382,1.0
0.0,0.0,0.0,0.0
43.225,4.803,-0.711,0.0
0.0,0.0,0.0,0.0
75.414,8.416,0.41,9.0
75.047,8.384,-0.019,10.0
75.307,8.423,-0.456,1.0
0.0,0.0,0.0,0.0
41.165,4.616,-0.719,0.0
76.21,8.571,0.772,3.0
74.89,8.431,0.331,7.0
74.753,8.425,-0.095,15.0
68.925,7.777,-0.488,3.0
0.0,0.0,0.0,0.0
0.0,0.0,0.0,0.0
75.475,8.561,0.685,1.0
74.615,8.472,0.252,36.0
74.644,8.485,-0.173,18.0
68.92,7.842,-0.561,0.0
0.0,0.0,0.0,0.0
38.308,4.369,-0.749,0.0
75.02,8.579,0.602,4.0
74.616,8.541,0.172,6.0
71.635,8.208,-0.242,0.0
0.0,0.0,0.0,0.0
0.0,0.0,0.0,0.0
37.309,4.288,-0.769,0.0
74.599,8.597,0.519,10.0
0.0,0.0,0.0,0.0
71.73,8.281,-0.32,1.0
0.0,0.0,0.0,0.0
0.0,0.0,0.0,0.0
0.0,0.0,0.0,0.0
0.0,0.0,0.0,0.0
0.0,0.0,0.0,0.0
71.677,8.335,-0.399,1.0
0.0,0.0,0.0,0.0
41.584,4.844,-0.711,0.0
34.225,3.991,-0.78,0.0
0.0,0.0,0.0,0.0
0.0,0.0,0.0,0.0
68.896,8.065,-0.458,1.0
0.0,0.0,0.0,0.0
41.051,4.814,-0.747,0.0
33.246,3.902,-0.795,1.0
69.523,8.176,0.254,1.0
0.0,0.0,0.0,0.0
68.955,8.122,-0.535,3.0
0.0,0.0,0.0,0.0
0.0,0.0,0.0,0.0
32.283,3.812,-0.808,0.0
0.0,0.0,0.0,0.0
69.017,8.171,-0.218,0.0
68.915,8.165,-0.612,1.0
0.0,0.0,0.0,0.0
0.0,0.0,0.0,0.0
31.228,3.709,-0.817,0.0
0.0,0.0,0.0,0.0
68.936,8.207,-0.296,2.0
0.0,0.0,0.0,0.0
0.0,0.0,0.0,0.0
0.0,0.0,0.0,0.0
30.411,3.631,-0.83,0.0
68.782,8.225,0.019,9.0
69.085,8.266,-0.375,0.0
0.0,0.0,0.0,0.0
40.697,4.876,-0.691,0.0
34.498,4.136,-0.783,0.0
29.318,3.518,-0.834,0.0
68.793,8.265,-0.059,129.0
68.984,8.293,-0.454,4.0
68.698,8.263,-0.846,0.0
0.0,0.0,0.0,0.0
32.866,3.958,-0.784,0.0
28.607,3.448,-0.846,0.0
68.836,8.306,-0.138,1.0
69.065,8.338,-0.534,1.0
68.752,8.305,-0.925,4.0
38.314,4.631,-0.739,0.0
32.362,3.914,-0.81,0.0
27.639,3.345,-0.85,0.0
68.852,8.341,-0.219,1.0
68.707,8.328,-0.612,0.0
68.691,8.33,-1.005,2.0
37.189,4.512,-0.761,0.0
30.964,3.759,-0.811,0.0
26.849,3.261,-0.857,0.0
69.275,8.423,-0.301,4.0
68.798,8.368,-0.692,0.0
0.0,0.0,0.0,0.0
35.652,4.34,-0.771,0.0
30.197,3.678,-0.826,0.0
25.812,3.146,-0.854,0.0
69.316,8.454,-0.382,2.0
0.0,0.0,0.0,0.0
0.0,0.0,0.0,0.0
34.416,4.203,-0.784,0.0
29.348,3.586,-0.837,0.0
25.16,3.075,-0.862,0.0
0.0,0.0,0.0,0.0
68.701,8.405,-0.852,4.0
39.206,4.798,-0.711,0.0
32.751,4.01,-0.785,0.0
28.328,3.47,-0.841,0.0
24.385,2.988,-0.864,0.0
68.928,8.451,-0.541,0.0
68.691,8.424,-0.934,8.0
38.932,4.776,-0.752,1.0
32.055,3.934,-0.806,0.0
27.447,3.369,-0.847,0.0
23.783,2.921,-0.871,0.0
68.793,8.451,-0.62,1.0
68.692,8.44,-1.014,3.0
37.164,4.568,-0.761,0.0
30.986,3.81,-0.815,0.0
26.617,3.273,-0.853,0.0
23.428,2.882,-0.885,0.0
68.684,8.451,-0.7,1.0
68.688,8.454,-1.094,0.0
36.411,4.482,-0.789,0.0
30.032,3.698,-0.826,0.0
25.769,3.174,-0.856,0.0
21.931,2.702,-0.855,0.0
0.0,0.0,0.0,0.0
40.815,5.029,-0.698,0.0
34.52,4.254,-0.788,0.0
29.171,3.596,-0.836,0.0
24.977,3.08,-0.859,0.0
21.814,2.691,-0.876,0.0
68.701,8.471,-0.862,4.0
39.307,4.847,-0.718,0.0
32.41,3.997,-0.778,0.0
28.044,3.459,-0.837,0.0
24.288,2.997,-0.864,0.0
21.739,2.683,-0.898,0.0
68.67,8.472,-0.942,6.0
0.0,0.0,0.0,0.0
31.788,3.922,-0.8,0.0
27.342,3.374,-0.848,0.0
23.707,2.926,-0.871,0.0
21.224,2.62,-0.902,0.0
68.637,8.469,-1.021,4.0
36.998,4.565,-0.762,0.0
30.825,3.803,-0.811,0.0
26.504,3.271,-0.852,0.0
23.248,2.869,-0.881,0.0
20.472,2.527,-0.894,0.0
68.658,8.469,-1.099,1.0
35.811,4.417,-0.779,0.0
30.061,3.708,-0.826,0.0
25.592,3.157,-0.853,0.0
21.87,2.698,-0.854,0.0
20.225,2.495,-0.906,0.0
0.0,0.0,0.0,0.0
34.281,4.225,-0.785,0.0
28.98,3.572,-0.83,0.0
24.903,3.069,-0.858,0.0
21.786,2.685,-0.876,0.0
0.0,0.0,0.0,0.0
0.0,0.0,0.0,0.0
32.72,4.029,-0.787,0.0
28.192,3.471,-0.839,0.0
24.222,2.982,-0.862,0.0
21.767,2.68,-0.9,0.0
19.006,2.34,-0.895,0.0
37.706,4.637,-0.733,0.0
31.925,3.925,-0.804,0.0
27.33,3.36,-0.844,0.0
23.68,2.911,-0.87,0.0
21.219,2.608,-0.901,0.0
18.853,2.318,-0.909,0.0
36.869,4.526,-0.758,0.0
30.87,3.789,-0.812,0.0
26.45,3.246,-0.847,0.0
23.184,2.845,-0.878,0.0
20.45,2.509,-0.892,0.0
18.325,2.248,-0.904,0.0
35.341,4.329,-0.766,0.0
30.178,3.696,-0.827,0.0
25.669,3.143,-0.85,0.0
21.869,2.677,-0.852,0.0
20.189,2.471,-0.902,0.0
18.115,2.217,-0.914,1.0
34.338,4.196,-0.781,0.0
29.077,3.552,-0.828,0.0
24.952,3.047,-0.853,0.0
21.788,2.66,-0.873,1.0
0.0,0.0,0.0,0.0
17.804,2.173,-0.917,0.0
32.618,3.974,-0.777,0.0
28.289,3.446,-0.836,0.0
24.32,2.961,-0.858,0.0
21.758,2.649,-0.895,1.0
19.152,2.331,-0.897,0.0
17.291,2.104,-0.909,0.0
32.197,3.91,-0.801,0.0
27.546,3.344,-0.843,0.0
23.909,2.901,-0.869,0.0
21.443,2.601,-0.904,0.0
18.867,2.288,-0.904,0.0
17.07,2.07,-0.916,0.0
30.966,3.747,-0.803,0.0
26.767,3.238,-0.847,0.0
23.318,2.819,-0.872,0.0
20.623,2.493,-0.891,0.0
18.386,2.222,-0.9,0.0
16.807,2.03,-0.919,0.0
30.294,3.651,-0.817,0.0
25.965,3.128,-0.849,0.0
21.925,2.64,-0.842,0.0
20.365,2.451,-0.901,0.0
18.209,2.191,-0.91,0.0
16.442,1.978,-0.916,0.0
29.341,3.521,-0.821,0.0
25.375,3.043,-0.856,0.0
21.837,2.618,-0.861,0.0
20.172,2.417,-0.913,0.0
17.949,2.15,-0.915,0.0
16.328,1.955,-0.926,1.0
28.612,3.417,-0.83,0.0
24.72,2.95,-0.858,0.0
21.766,2.596,-0.88,1.0
19.249,2.295,-0.891,0.0
17.484,2.084,-0.909,0.0
16.024,1.909,-0.925,0.0
27.821,3.305,-0.834,0.0
24.173,2.87,-0.863,0.0
21.748,2.581,-0.9,0.0
19.212,2.279,-0.907,0.0
17.252,2.045,-0.914,0.0
15.764,1.868,-0.925,0.0
27.203,3.214,-0.842,0.0
23.658,2.793,-0.867,0.0
21.0,2.478,-0.89,0.0
18.989,2.239,-0.915,0.0
16.98,2.001,-0.915,0.0
15.527,1.829,-0.926,0.0
26.474,3.11,-0.844,0.0
23.311,2.736,-0.876,0.0
20.437,2.397,-0.885,0.0
18.396,2.156,-0.904,0.0
16.777,1.966,-0.92,0.0
15.325,1.794,-0.928,0.0
25.862,3.019,-0.848,0.0
21.915,2.556,-0.844,0.0
20.323,2.369,-0.899,0.0
18.22,2.122,-0.912,0.0
16.576,1.929,-0.924,0.0
15.038,1.749,-0.925,0.0
25.255,2.928,-0.851,0.0
21.83,2.529,-0.86,0.0
19.459,2.253,-0.878,0.0
17.822,2.062,-0.907,0.0
16.305,1.885,-0.923,0.0
14.873,1.718,-0.927,0.0
24.686,2.842,-0.853,0.0
21.827,2.51,-0.879,1.0
19.421,2.232,-0.893,1.0
17.453,2.004,-0.904,0.0
16.004,1.837,-0.92,0.0
14.722,1.688,-0.931,0.0
24.313,2.778,-0.861,0.0
21.76,2.484,-0.894,1.0
19.334,2.205,-0.905,1.0
17.343,1.977,-0.912,0.0
15.829,1.803,-0.923,0.0
14.605,1.662,-0.935,0.0
23.83,2.702,-0.863,0.0
21.702,2.458,-0.91,0.0
18.939,2.143,-0.902,0.0
17.2,1.945,-0.919,0.0
15.649,1.768,-0.925,0.0
14.44,1.63,-0.936,0.0
21.978,2.471,-0.813,0.0
0.0,0.0,0.0,0.0
18.714,2.1,-0.906,0.0
16.949,1.9,-0.918,0.0
15.523,1.739,-0.93,0.0
14.316,1.602,-0.939,0.0
21.966,2.449,-0.83,1.0
20.352,2.266,-0.884,0.0
18.416,2.049,-0.905,0.0
16.707,1.857,-0.918,0.0
15.282,1.697,-0.927,0.0
14.191,1.574,-0.942,0.0
21.915,2.421,-0.844,3.0
19.89,2.195,-0.879,0.0
18.088,1.994,-0.902,1.0
16.441,1.811,-0.915,0.0
15.044,1.655,-0.923,0.0
14.227,1.564,-0.954,0.0
21.878,2.394,-0.858,6.0
19.735,2.157,-0.886,2.0
17.835,1.947,-0.902,1.0
16.302,1.778,-0.919,0.0
14.943,1.628,-0.927,0.0
0.0,0.0,0.0,0.0
21.858,2.369,-0.872,7.0
19.61,2.122,-0.894,1.0
17.724,1.916,-0.908,1.0
16.21,1.75,-0.924,0.0
14.85,1.602,-0.931,0.0
0.0,0.0,0.0,0.0
21.815,2.34,-0.884,5.0
19.52,2.091,-0.902,1.0
17.708,1.894,-0.919,2.0
16.024,1.712,-0.924,0.0
14.72,1.571,-0.933,0.0
13.534,1.443,-0.934,0.0
21.781,2.311,-0.896,2.0
19.371,2.053,-0.907,0.0
17.642,1.867,-0.926,0.0
15.804,1.671,-0.921,0.0
14.621,1.543,-0.935,0.0
13.512,1.425,-0.941,0.0
21.65,2.272,-0.903,1.0
19.151,2.007,-0.907,0.0
17.44,1.825,-0.925,0.0
15.716,1.642,-0.925,0.0
14.52,1.516,-0.937,0.0
13.382,1.395,-0.939,0.0
21.248,2.205,-0.898,0.0
18.827,1.951,-0.902,0.0
17.137,1.773,-0.918,0.0
15.659,1.618,-0.929,0.0
14.389,1.484,-0.936,0.0
13.331,1.373,-0.943,0.0
20.865,2.139,-0.893,0.0
18.714,1.916,-0.906,0.0
16.991,1.737,-0.919,0.0
15.518,1.584,-0.929,0.0
14.318,1.459,-0.938,0.0
13.199,1.343,-0.94,0.0
20.67,2.093,-0.894,0.0
18.473,1.867,-0.904,0.0
16.831,1.699,-0.918,0.0
15.346,1.546,-0.926,0.0
14.279,1.437,-0.942,0.0
13.1,1.316,-0.939,0.0
20.535,2.053,-0.898,0.0
18.282,1.824,-0.902,0.0
16.773,1.671,-0.923,0.0
15.233,1.515,-0.926,0.0
14.35,1.425,-0.953,0.0
13.065,1.296,-0.942,0.0
20.568,2.029,-0.907,0.0
18.098,1.782,-0.901,0.0
16.585,1.63,-0.919,0.0
15.154,1.487,-0.927,0.0
14.102,1.381,-0.942,0.0
12.986,1.27,-0.941,0.0
19.967,1.942,-0.888,0.0
17.963,1.744,-0.9,1.0
16.507,1.6,-0.921,0.0
15.065,1.458,-0.927,0.0
13.951,1.348,-0.937,0.0
12.93,1.247,-0.942,0.0
19.898,1.908,-0.892,0.0
17.867,1.71,-0.902,0.0
16.415,1.568,-0.921,0.0
14.981,1.429,-0.926,0.0
14.053,1.338,-0.948,0.0
12.905,1.227,-0.944,0.0
19.648,1.857,-0.887,0.0
17.917,1.69,-0.909,0.0
16.353,1.539,-0.922,0.0
14.935,1.403,-0.928,0.0
13.751,1.29,-0.932,0.0
12.857,1.204,-0.944,0.0
19.6,1.824,-0.89,0.0
17.883,1.661,-0.912,0.0
16.233,1.505,-0.919,0.0
14.914,1.38,-0.93,0.0
13.889,1.283,-0.944,0.0
12.829,1.182,-0.945,0.0
19.535,1.79,-0.891,0.0
17.803,1.628,-0.912,0.0
16.206,1.479,-0.921,0.0
14.874,1.354,-0.931,0.0
13.926,1.265,-0.95,0.0
12.796,1.16,-0.945,0.0
19.523,1.76,-0.894,0.0
17.808,1.602,-0.916,0.0
16.177,1.452,-0.922,0.0
14.828,1.328,-0.93,0.0
13.848,1.238,-0.947,0.0
12.753,1.138,-0.944,0.0
19.517,1.73,-0.897,0.0
17.514,1.549,-0.903,0.0
16.099,1.421,-0.92,0.0
14.845,1.307,-0.933,0.0
13.669,1.201,-0.936,0.0
12.749,1.118,-0.945,0.0
19.519,1.702,-0.9,0.0
17.6,1.531,-0.909,0.0
16.076,1.395,-0.921,0.0
14.78,1.279,-0.93,0.0
13.639,1.178,-0.935,0.0
12.729,1.097,-0.944,0.0
19.492,1.669,-0.9,0.0
17.565,1.5,-0.909,0.0
16.115,1.373,-0.924,0.0
14.8,1.258,-0.933,0.0
13.649,1.158,-0.936,0.0
12.703,1.075,-0.943,0.0
19.452,1.635,-0.898,0.0
17.53,1.47,-0.907,0.0
16.096,1.347,-0.923,0.0
14.789,1.234,-0.932,0.0
13.7,1.141,-0.94,0.0
12.697,1.055,-0.942,0.0
19.472,1.607,-0.899,0.0
17.672,1.455,-0.914,0.0
16.066,1.319,-0.921,0.0
14.844,1.216,-0.935,0.0
13.739,1.122,-0.942,0.0
12.743,1.038,-0.945,0.0
19.551,1.583,-0.902,0.0
17.57,1.418,-0.908,0.0
16.157,1.301,-0.925,0.0
14.795,1.188,-0.931,0.0
13.701,1.097,-0.939,0.0
12.739,1.018,-0.944,0.0
19.532,1.55,-0.899,0.0
0.0,0.0,0.0,0.0
16.211,1.279,-0.926,0.0
14.883,1.171,-0.935,0.0
13.73,1.077,-0.939,0.0
12.766,0.999,-0.944,0.0
19.574,1.522,-0.898,0.0
0.0,0.0,0.0,0.0
16.213,1.253,-0.924,0.0
14.869,1.146,-0.932,0.0
13.783,1.059,-0.94,0.0
12.806,0.981,-0.945,0.0
19.649,1.496,-0.899,0.0
17.731,1.346,-0.909,0.0
16.268,1.231,-0.924,0.0
14.923,1.126,-0.932,0.0
13.721,1.032,-0.933,0.0
12.834,0.962,-0.944,0.0
19.632,1.462,-0.894,0.0
17.933,1.332,-0.916,0.0
16.303,1.207,-0.923,0.0
14.962,1.104,-0.931,0.0
13.828,1.017,-0.937,0.0
12.87,0.944,-0.944,0.0
19.677,1.433,-0.891,0.0
18.109,1.315,-0.92,0.0
16.359,1.184,-0.921,0.0
15.016,1.083,-0.93,0.0
13.891,0.999,-0.938,0.0
12.974,0.93,-0.948,0.0
19.902,1.417,-0.895,0.0
17.992,1.276,-0.909,0.0
16.483,1.165,-0.923,0.0
15.104,1.064,-0.931,0.0
0.0,0.0,0.0,0.0
13.002,0.91,-0.945,0.0
0.0,0.0,0.0,0.0
18.166,1.258,-0.911,0.0
16.558,1.143,-0.922,0.0
15.091,1.038,-0.925,0.0
0.0,0.0,0.0,0.0
13.079,0.893,-0.946,0.0
20.181,1.369,-0.893,0.0
18.186,1.229,-0.905,0.0
16.674,1.123,-0.921,0.0
15.268,1.024,-0.929,0.0
14.108,0.943,-0.937,0.0
13.124,0.874,-0.944,0.0
20.342,1.345,-0.892,0.0
0.0,0.0,0.0,0.0
0.0,0.0,0.0,0.0
15.319,1.002,-0.926,0.0
14.236,0.928,-0.939,0.0
13.174,0.855,-0.941,0.0
21.571,1.39,-0.936,0.0
0.0,0.0,0.0,0.0
0.0,0.0,0.0,0.0
0.0,0.0,0.0,0.0
14.37,0.912,-0.941,0.0
13.352,0.844,-0.947,0.0
21.758,1.366,-0.933,0.0
0.0,0.0,0.0,0.0
0.0,0.0,0.0,0.0
15.475,0.96,-0.92,0.0
14.462,0.894,-0.939,0.0
13.374,0.823,-0.942,0.0
21.757,1.329,-0.921,1.0
19.339,1.177,-0.925,0.0
0.0,0.0,0.0,0.0
15.76,0.951,-0.928,0.0
14.555,0.875,-0.937,0.0
13.451,0.805,-0.939,0.0
21.803,1.295,-0.91,4.0
19.321,1.143,-0.912,0.0
0.0,0.0,0.0,0.0
15.989,0.938,-0.931,0.0
14.728,0.86,-0.938,0.0
13.726,0.798,-0.95,0.0
21.803,1.258,-0.897,9.0
0.0,0.0,0.0,0.0
0.0,0.0,0.0,0.0
16.074,0.915,-0.926,0.0
14.956,0.848,-0.943,0.0
13.877,0.783,-0.951,0.0
21.803,1.221,-0.882,3.0
0.0,0.0,0.0,0.0
17.844,0.99,-0.916,0.0
16.4,0.906,-0.933,0.0
15.09,0.83,-0.941,1.0
14.082,0.771,-0.955,0.0
21.84,1.186,-0.868,0.0
0.0,0.0,0.0,0.0
18.174,0.978,-0.92,0.0
16.472,0.882,-0.925,0.0
15.138,0.807,-0.933,3.0
14.243,0.755,-0.955,0.0
21.911,1.153,-0.855,0.0
0.0,0.0,0.0,0.0
18.341,0.956,-0.914,0.0
16.708,0.866,-0.926,0.0
15.432,0.796,-0.939,1.0
14.376,0.738,-0.953,0.0
23.854,1.215,-0.911,0.0
20.268,1.027,-0.884,5.0
18.71,0.943,-0.918,0.0
16.804,0.843,-0.917,0.0
15.6,0.778,-0.936,0.0
14.465,0.718,-0.947,0.0
0.0,0.0,0.0,0.0
20.244,0.992,-0.866,1.0
20.011,0.975,-0.965,0.0
17.222,0.835,-0.925,0.0
15.874,0.765,-0.939,0.0
14.607,0.701,-0.943,0.0
20.26,0.964,-0.74,150.0
20.226,0.957,-0.848,26.0
20.198,0.951,-0.956,11.0
20.221,0.946,-1.068,9.0
16.087,0.748,-0.937,0.0
14.814,0.685,-0.943,0.0
20.188,0.927,-0.719,164.0
20.238,0.923,-0.83,150.0
20.199,0.916,-0.937,26.0
20.229,0.913,-1.05,22.0
16.287,0.73,-0.933,0.0
15.018,0.67,-0.942,0.0
20.222,0.894,-0.7,155.0
20.24,0.889,-0.81,151.0
20.177,0.881,-0.916,11.0
20.195,0.877,-1.028,0.0
16.57,0.715,-0.933,0.0
15.234,0.654,-0.94,0.0
20.256,0.862,-0.682,0.0
20.237,0.855,-0.79,9.0
20.184,0.848,-0.896,12.0
18.459,0.771,-0.921,0.0
16.831,0.698,-0.93,0.0
15.492,0.639,-0.94,0.0
0.0,0.0,0.0,0.0
22.929,0.931,-0.871,0.0
20.253,0.818,-0.878,3.0
18.701,0.75,-0.913,0.0
17.098,0.681,-0.927,0.0
15.727,0.623,-0.937,0.0
27.872,1.094,-0.879,0.0
24.04,0.937,-0.888,2.0
21.431,0.83,-0.906,0.0
19.324,0.743,-0.923,0.0
17.631,0.674,-0.937,0.0
16.084,0.61,-0.941,0.0
28.497,1.072,-0.868,1.0
24.74,0.924,-0.885,1.0
22.196,0.823,-0.913,0.0
19.839,0.731,-0.925,0.0
17.929,0.656,-0.932,0.0
16.314,0.592,-0.936,0.0
29.717,1.07,-0.871,1.0
25.493,0.911,-0.883,0.0
22.546,0.8,-0.902,0.0
20.262,0.714,-0.921,0.0
18.298,0.64,-0.93,0.0
16.669,0.579,-0.936,0.0
30.25,1.041,-0.851,0.0
26.15,0.893,-0.875,0.0
23.096,0.783,-0.896,0.0
20.612,0.693,-0.912,0.0
18.617,0.621,-0.923,0.0
16.934,0.561,-0.93,0.0
32.003,1.05,-0.861,1.0
26.947,0.877,-0.869,0.0
23.836,0.77,-0.895,0.0
21.068,0.675,-0.906,0.0
18.996,0.604,-0.918,0.0
17.494,0.552,-0.939,0.0
32.442,1.013,-0.832,0.0
28.228,0.874,-0.874,0.0
24.612,0.756,-0.893,0.0
21.839,0.665,-0.911,0.0
19.735,0.596,-0.929,0.0
17.877,0.536,-0.937,0.0
33.385,0.991,-0.813,1.0
29.259,0.861,-0.868,0.0
25.483,0.743,-0.892,0.0
22.424,0.648,-0.906,0.0
20.102,0.576,-0.919,0.0
18.243,0.518,-0.931,0.0
35.466,0.997,-0.817,0.0
30.598,0.852,-0.867,1.0
26.248,0.724,-0.883,0.0
23.083,0.631,-0.901,0.0
20.646,0.559,-0.916,0.0
18.685,0.502,-0.928,0.0
37.214,0.989,-0.806,0.0
31.854,0.839,-0.859,1.0
27.393,0.714,-0.884,0.0
23.883,0.617,-0.9,0.0
21.15,0.541,-0.909,0.0
19.074,0.483,-0.921,0.0
38.67,0.97,-0.784,0.0
32.706,0.812,-0.836,1.0
28.624,0.704,-0.883,0.0
24.752,0.602,-0.897,0.0
22.127,0.533,-0.919,0.0
19.76,0.471,-0.926,0.0
0.0,0.0,0.0,0.0
0.0,0.0,0.0,0.0
29.604,0.684,-0.871,0.0
25.775,0.589,-0.897,0.0
22.624,0.512,-0.907,0.0
20.381,0.456,-0.925,0.0
0.0,0.0,0.0,0.0
35.795,0.783,-0.811,0.0
31.348,0.679,-0.876,1.0
26.555,0.568,-0.885,0.0
23.466,0.497,-0.906,0.0
20.962,0.439,-0.92,0.0
0.0,0.0,0.0,0.0
37.307,0.763,-0.79,0.0
32.259,0.652,-0.853,1.0
28.047,0.56,-0.893,0.0
24.489,0.483,-0.908,0.0
21.792,0.425,-0.923,0.0
0.0,0.0,0.0,0.0
0.0,0.0,0.0,0.0
34.022,0.639,-0.847,2.0
28.864,0.535,-0.874,0.0
25.304,0.464,-0.899,0.0
22.485,0.407,-0.917,0.0
0.0,0.0,0.0,0.0
0.0,0.0,0.0,0.0
35.637,0.62,-0.832,0.0
30.778,0.528,-0.883,1.0
26.396,0.447,-0.896,0.0
23.163,0.387,-0.908,0.0
0.0,0.0,0.0,0.0
0.0,0.0,0.0,0.0
0.0,0.0,0.0,0.0
31.894,0.504,-0.864,1.0
27.451,0.428,-0.888,0.0
20.256,0.311,-0.761,0.0
0.0,0.0,0.0,0.0
0.0,0.0,0.0,0.0
20.228,0.297,-0.407,0.0
20.206,0.292,-0.514,5.0
20.214,0.288,-0.621,18.0
20.223,0.283,-0.727,22.0
0.0,0.0,0.0,0.0
20.202,0.274,-0.267,0.0
20.19,0.269,-0.372,16.0
20.165,0.265,-0.48,17.0
20.203,0.261,-0.587,27.0
20.203,0.257,-0.692,25.0
0.0,0.0,0.0,0.0
20.207,0.248,-0.233,11.0
20.191,0.244,-0.339,26.0
20.194,0.239,-0.446,25.0
20.185,0.235,-0.552,31.0
20.206,0.231,-0.658,33.0
0.0,0.0,0.0,0.0
20.171,0.222,-0.198,16.0
20.178,0.218,-0.304,28.0
20.183,0.213,-0.411,32.0
20.183,0.209,-0.517,31.0
20.205,0.205,-0.623,29.0
20.297,0.202,-0.059,6.0
20.187,0.197,-0.164,16.0
20.171,0.193,-0.269,29.0
20.183,0.189,-0.376,32.0
20.185,0.184,-0.482,26.0
20.206,0.181,-0.588,20.0
20.259,0.177,-0.023,22.0
20.192,0.173,-0.128,26.0
20.177,0.168,-0.233,31.0
20.185,0.164,-0.341,33.0
20.186,0.16,-0.446,21.0
20.201,0.156,-0.552,2.0
20.199,0.153,0.011,28.0
20.18,0.149,-0.093,30.0
20.171,0.145,-0.198,25.0
20.183,0.141,-0.305,28.0
20.186,0.137,-0.41,10.0
33.377,0.22,-0.853,0.0
20.199,0.129,0.047,38.0
20.186,0.125,-0.056,32.0
20.178,0.122,-0.162,30.0
20.193,0.118,-0.269,27.0
41.873,0.237,-0.776,3.0
0.0,0.0,0.0,0.0
20.188,0.107,0.084,37.0
20.182,0.103,-0.02,28.0
20.18,0.099,-0.125,29.0
20.184,0.095,-0.232,16.0
44.504,0.203,-0.744,0.0
0.0,0.0,0.0,0.0
20.156,0.084,0.121,28.0
20.206,0.081,0.016,30.0
20.213,0.077,-0.088,27.0
20.193,0.074,-0.195,19.0
20.198,0.07,-0.3,0.0
40.334,0.133,-0.809,0.0
20.144,0.063,0.158,28.0
20.19,0.059,0.054,18.0
20.233,0.056,-0.05,8.0
20.235,0.052,-0.157,22.0
20.258,0.049,-0.263,42.0
20.271,0.045,-0.368,77.0
20.136,0.042,0.196,29.0
20.147,0.039,0.091,28.0
20.245,0.035,-0.012,152.0
20.258,0.032,-0.119,151.0
20.257,0.028,-0.224,151.0
20.265,0.025,-0.33,150.0
20.136,0.022,0.234,28.0
20.133,0.018,0.13,28.0
20.252,0.015,0.026,151.0
20.261,0.012,-0.081,150.0
20.232,0.008,-0.185,15.0
20.229,0.005,-0.29,6.0
20.136,0.002,0.273,27.0
20.117,0.0,0.168,28.0
20.137,-0.003,0.064,29.0
20.12,-0.007,-0.041,17.0
20.168,-0.01,-0.146,25.0
20.162,-0.013,-0.25,13.0
20.134,-0.016,0.311,31.0
20.117,-0.019,0.207,34.0
20.128,-0.022,0.103,37.0
20.128,-0.025,-0.002,32.0
20.15,-0.028,-0.106,32.0
20.14,-0.031,-0.211,16.0
20.117,-0.034,0.35,33.0
20.114,-0.037,0.246,30.0
20.111,-0.04,0.142,30.0
20.129,-0.043,0.036,36.0
20.145,-0.046,-0.067,31.0
20.15,-0.049,-0.171,34.0
20.118,-0.052,0.39,33.0
20.116,-0.054,0.286,29.0
20.122,-0.057,0.182,27.0
20.126,-0.06,0.076,39.0
20.124,-0.063,-0.027,30.0
20.142,-0.065,-0.131,34.0
20.125,-0.068,0.43,32.0
20.121,-0.071,0.326,28.0
20.118,-0.074,0.222,25.0
20.124,-0.076,0.116,27.0
20.136,-0.079,0.012,33.0
20.153,-0.082,-0.091,29.0
20.127,-0.084,0.47,27.0
20.123,-0.087,0.366,32.0
20.123,-0.09,0.262,25.0
20.126,-0.092,0.157,24.0
20.127,-0.095,0.052,34.0
20.139,-0.097,-0.051,28.0
20.129,-0.1,0.51,22.0
20.111,-0.102,0.406,19.0
20.136,-0.105,0.303,21.0
20.114,-0.107,0.197,18.0
20.145,-0.109,0.093,24.0
20.142,-0.112,-0.01,24.0
20.136,-0.115,0.551,18.0
20.142,-0.117,0.448,17.0
20.13,-0.119,0.343,16.0
20.139,-0.121,0.238,15.0
20.149,-0.124,0.134,15.0
20.156,-0.126,0.03,24.0
20.166,-0.129,0.593,15.0
20.164,-0.131,0.489,15.0
20.199,-0.133,0.385,19.0
20.178,-0.135,0.279,16.0
20.184,-0.137,0.175,18.0
20.167,-0.139,0.071,12.0
53.508,-0.377,1.682,57.0
20.176,-0.144,0.53,6.0
20.239,-0.146,0.427,28.0
20.225,-0.148,0.321,19.0
58.306,-0.434,0.625,11.0
58.331,-0.439,0.324,22.0
53.517,-0.411,1.791,134.0
53.49,-0.415,1.514,30.0
20.151,-0.158,0.466,12.0
53.461,-0.425,0.957,8.0
66.523,-0.534,0.848,18.0
66.508,-0.54,0.506,21.0
58.273,-0.481,2.069,150.0
53.495,-0.446,1.624,121.0
20.14,-0.169,0.507,9.0
20.156,-0.171,0.402,18.0
64.355,-0.552,0.952,25.0
53.36,-0.462,0.515,5.0
58.238,-0.513,2.189,255.0
53.507,-0.475,1.735,82.0
20.158,-0.18,0.549,8.0
20.141,-0.182,0.443,17.0
20.164,-0.183,0.339,10.0
53.39,-0.49,0.625,11.0
58.308,-0.543,2.311,255.0
53.53,-0.502,1.846,150.0
53.493,-0.505,1.568,87.0
20.125,-0.191,0.484,13.0
20.159,-0.193,0.381,19.0
20.173,-0.194,0.277,2.0
58.3,-0.57,2.431,255.0
58.272,-0.573,2.13,226.0
53.498,-0.53,1.68,20.0
20.139,-0.2,0.526,9.0
20.144,-0.201,0.422,18.0
20.177,-0.203,0.319,16.0
58.303,-0.595,2.552,255.0
58.255,-0.598,2.249,255.0
53.46,-0.551,1.788,15.0
53.421,-0.554,1.506,11.0
20.142,-0.209,0.464,13.0
20.139,-0.211,0.36,13.0
58.237,-0.617,2.669,255.0
58.301,-0.621,2.372,255.0
53.47,-0.572,1.899,16.0
53.492,-0.574,1.619,19.0
20.147,-0.217,0.505,10.0
20.152,-0.218,0.402,15.0
58.306,-0.639,2.793,146.0
58.309,-0.641,2.492,255.0
58.311,-0.644,2.192,169.0
53.507,-0.593,1.73,46.0
53.492,-0.594,1.453,48.0
20.135,-0.224,0.443,13.0
45.678,-0.515,2.283,31.0
58.245,-0.658,2.61,255.0
58.233,-0.66,2.309,255.0
53.538,-0.609,1.841,150.0
53.484,-0.609,1.563,77.0
20.143,-0.23,0.485,10.0
45.527,-0.526,2.369,42.0
58.334,-0.675,2.734,163.0
58.294,-0.676,2.43,255.0
58.271,-0.677,2.124,208.0
53.506,-0.623,1.674,62.0
59.42,-0.693,1.552,8.0
52.901,-0.624,2.862,42.0
45.926,-0.542,2.247,45.0
58.24,-0.688,2.548,255.0
58.239,-0.689,2.241,255.0
53.501,-0.634,1.783,124.0
53.494,-0.634,1.507,95.0
52.862,-0.634,2.969,52.0
45.531,-0.546,2.322,56.0
58.297,-0.7,2.672,204.0
58.304,-0.701,2.365,255.0
58.311,-0.701,2.064,150.0
53.496,-0.643,1.618,67.0
45.025,-0.547,2.621,50.0
45.723,-0.556,2.426,27.0
46.104,-0.56,2.207,51.0
58.304,-0.709,2.484,255.0
58.23,-0.708,2.181,255.0
53.507,-0.65,1.727,60.0
44.963,-0.552,2.71,59.0
52.879,-0.649,2.913,14.0
45.611,-0.559,2.277,51.0
58.254,-0.714,2.601,255.0
58.303,-0.714,2.301,255.0
53.526,-0.655,1.836,150.0
44.907,-0.555,2.798,55.0
45.443,-0.561,2.596,20.0
45.558,-0.562,2.367,53.0
58.302,-0.718,2.722,43.0
58.313,-0.717,2.421,255.0
63.036,-0.774,2.291,150.0
44.859,-0.556,2.887,44.0
44.988,-0.557,2.662,53.0
46.166,-0.571,2.491,32.0
45.884,-0.566,2.234,40.0
58.228,-0.717,2.533,255.0
58.301,-0.717,2.235,255.0
44.811,-0.556,2.973,57.0
44.928,-0.556,2.747,57.0
52.869,-0.653,2.959,8.0
45.53,-0.561,2.308,57.0
58.291,-0.717,2.653,223.0
58.299,-0.715,2.352,255.0
44.77,-0.554,3.06,53.0
44.889,-0.554,2.835,43.0
45.047,-0.554,2.611,41.0
45.684,-0.561,2.407,42.0
46.115,-0.564,2.19,54.0
58.313,-0.712,2.468,255.0
38.664,-0.476,2.72,45.0
44.832,-0.55,2.921,29.0
44.949,-0.55,2.695,53.0
52.862,-0.644,2.889,39.0
45.656,-0.554,2.258,49.0
58.24,-0.705,2.58,255.0
38.66,-0.472,2.796,56.0
44.784,-0.545,3.006,44.0
52.321,-0.634,3.24,5.0
52.849,-0.638,2.993,17.0
45.521,-0.547,2.342,52.0
58.341,-0.698,2.699,150.0
46.753,-0.564,3.475,13.0
44.735,-0.537,3.092,41.0
52.289,-0.625,3.342,58.0
44.998,-0.535,2.638,48.0
52.903,-0.626,2.826,19.0
46.016,-0.542,2.219,49.0
46.84,-0.557,3.573,26.0
38.654,-0.457,2.747,42.0
52.295,-0.615,3.444,42.0
60.232,-0.705,3.647,25.0
52.855,-0.615,2.925,49.0
45.526,-0.526,2.283,34.0
46.921,-0.548,3.67,33.0
44.645,-0.518,3.259,3.0
60.696,-0.7,4.114,28.0
60.394,-0.692,3.773,31.0
45.052,-0.513,2.579,41.0
45.508,-0.515,2.369,29.0
47.01,-0.537,3.767,47.0
46.766,-0.53,3.502,7.0
60.737,-0.684,4.232,18.0
60.504,-0.677,3.894,13.0
52.859,-0.588,3.126,18.0
60.048,-0.663,3.238,10.0
47.054,-0.524,3.86,14.0
46.86,-0.518,3.599,27.0
38.669,-0.424,2.767,39.0
52.296,-0.569,3.464,64.0
60.402,-0.652,3.686,17.0
45.108,-0.483,2.517,36.0
38.571,-0.417,3.237,44.0
46.948,-0.503,3.693,16.0
44.588,-0.474,3.274,47.0
52.307,-0.551,3.562,47.0
60.463,-0.632,3.802,19.0
52.834,-0.547,3.045,11.0
38.588,-0.403,3.309,63.0
51.527,-0.534,4.148,27.0
44.575,-0.457,3.355,53.0
52.311,-0.532,3.658,8.0
106.016,-1.068,6.859,4.0
52.832,-0.526,3.142,56.0
38.652,-0.389,3.386,42.0
51.487,-0.512,4.24,52.0
44.563,-0.439,3.436,28.0
38.659,-0.377,2.775,35.0
52.315,-0.505,3.481,9.0
52.83,-0.504,3.238,46.0
38.685,-0.372,3.46,26.0
51.446,-0.49,4.331,24.0
52.271,-0.492,4.125,23.0
44.592,-0.415,3.28,4.0
64.318,-0.591,4.395,21.0
52.783,-0.479,3.33,37.0
31.124,-0.285,2.84,40.0
38.566,-0.349,3.316,51.0
52.329,-0.468,4.223,10.0
52.35,-0.462,3.944,12.0
52.339,-0.455,3.669,63.0
52.744,-0.453,3.42,49.0
31.099,-0.269,2.893,42.0
38.607,-0.33,3.388,43.0
52.299,-0.441,4.313,47.0
44.574,-0.37,3.437,17.0
52.365,-0.429,3.762,25.0
52.725,-0.425,3.511,78.0
31.092,-0.253,2.947,17.0
38.695,-0.31,3.463,23.0
52.299,-0.412,4.403,53.0
46.818,-0.363,3.69,2.0
52.347,-0.399,3.85,10.0
52.725,-0.396,3.6,75.0
38.857,-0.294,3.749,37.0
38.773,-0.289,3.536,8.0
52.306,-0.383,4.492,17.0
0.0,0.0,0.0,0.0
38.635,-0.272,2.907,8.0
52.722,-0.365,3.689,15.0
38.865,-0.271,3.816,67.0
31.08,-0.213,2.886,47.0
38.538,-0.258,3.375,37.0
44.521,-0.293,3.658,16.0
58.133,-0.375,4.47,11.0
58.378,-0.368,4.181,19.0
38.892,-0.247,3.883,67.0
31.051,-0.193,2.935,41.0
51.349,-0.312,4.581,9.0
0.0,0.0,0.0,0.0
46.864,-0.271,3.68,4.0
58.265,-0.33,4.267,13.0
38.912,-0.222,3.948,62.0
31.025,-0.172,2.983,26.0
42.836,-0.232,3.891,7.0
57.879,-0.305,4.944,5.0
46.839,-0.24,3.753,8.0
52.726,-0.263,3.946,18.0
46.03,-0.231,4.745,3.0
31.023,-0.151,3.032,8.0
31.091,-0.147,2.873,17.0
40.411,-0.184,3.516,4.0
57.863,-0.255,4.728,5.0
52.687,-0.224,4.026,6.0
43.015,-0.185,4.502,3.0
51.289,-0.213,5.094,43.0
31.05,-0.124,2.918,35.0
38.597,-0.148,3.418,16.0
44.456,-0.164,3.7,4.0
38.551,-0.136,3.004,46.0
51.265,-0.183,5.444,39.0
52.205,-0.177,5.265,61.0
31.007,-0.1,2.961,41.0
52.334,-0.162,4.713,5.0
57.911,-0.169,4.907,13.0
43.137,-0.119,3.426,3.0
36.789,-0.103,3.962,5.0
52.65,-0.138,5.388,11.0
31.005,-0.076,3.007,55.0
52.392,-0.121,4.796,15.0
44.42,-0.095,3.829,5.0
43.003,-0.085,3.478,7.0
36.707,-0.073,4.007,13.0
42.932,-0.078,4.457,3.0
30.958,-0.051,3.048,42.0
52.368,-0.078,4.87,9.0
40.411,-0.054,3.542,16.0
42.806,-0.05,3.523,3.0
42.608,-0.05,4.713,3.0
46.035,-0.046,4.845,14.0
30.924,-0.026,3.089,32.0
44.759,-0.03,4.226,5.0
51.185,-0.026,4.558,5.0
42.684,-0.014,3.573,1.0
36.566,-0.011,4.097,13.0
36.409,-0.005,3.883,13.0
30.85,0.0,3.124,32.0
44.78,0.008,4.289,5.0
51.147,0.018,4.625,5.0
42.66,0.022,3.629,2.0
36.412,0.019,4.129,21.0
35.935,0.025,3.881,1.0
30.79,0.027,3.159,30.0
44.749,0.047,4.346,6.0
44.842,0.055,4.114,1.0
40.42,0.057,3.492,7.0
30.527,0.043,3.502,6.0
36.557,0.058,3.997,6.0
30.747,0.055,3.195,45.0
45.541,0.089,4.482,20.0
44.776,0.096,4.167,3.0
40.426,0.094,3.545,21.0
30.482,0.071,3.537,2.0
30.594,0.077,3.384,41.0
30.707,0.083,3.23,44.0
30.936,0.089,3.084,42.0
45.843,0.141,4.324,22.0
53.806,0.175,4.785,8.0
30.488,0.1,3.576,3.0
30.538,0.106,3.416,42.0
30.686,0.112,3.266,10.0
30.948,0.119,3.124,42.0
52.296,0.211,4.997,5.0
45.781,0.193,4.127,43.0
30.491,0.13,3.614,63.0
30.482,0.135,3.447,41.0
30.641,0.141,3.298,1.0
30.961,0.149,3.162,13.0
0.0,0.0,0.0,0.0
53.501,0.278,4.886,27.0
30.474,0.16,3.648,77.0
30.48,0.165,3.483,27.0
37.035,0.208,4.03,7.0
40.042,0.233,4.136,4.0
30.954,0.185,3.03,1.0
53.606,0.332,4.957,27.0
51.921,0.325,6.276,7.0
30.478,0.196,3.517,27.0
40.318,0.267,4.433,1.0
35.772,0.244,3.735,3.0
36.334,0.255,3.597,3.0
42.025,0.303,3.932,5.0
30.437,0.222,3.712,1.0
53.491,0.4,6.232,24.0
40.104,0.307,4.454,2.0
30.96,0.243,3.266,4.0
36.348,0.293,3.637,3.0
45.819,0.378,4.336,38.0
42.146,0.352,5.186,5.0
52.18,0.445,6.135,12.0
40.312,0.352,4.519,3.0
37.083,0.331,3.951,6.0
45.95,0.419,4.646,2.0
40.356,0.376,3.86,1.0
42.085,0.396,5.222,4.0
40.197,0.385,4.767,2.0
36.267,0.355,4.102,4.0
30.965,0.309,3.33,27.0
45.975,0.468,4.694,24.0
40.32,0.418,3.897,22.0
51.294,0.538,6.415,4.0
52.624,0.562,6.292,5.0
30.967,0.337,3.533,17.0
30.938,0.342,3.357,43.0
30.97,0.349,3.191,3.0
52.566,0.603,5.13,15.0
39.869,0.461,5.024,2.0
53.995,0.636,6.507,19.0
31.047,0.372,3.57,66.0
30.949,0.376,3.386,16.0
52.488,0.649,5.455,9.0
36.355,0.457,3.58,4.0
53.984,0.685,6.851,35.0
50.926,0.656,6.182,4.0
31.043,0.406,3.597,48.0
40.683,0.54,4.487,2.0
30.922,0.417,3.241,11.0
36.362,0.497,3.611,2.0
33.356,0.46,4.261,2.0
31.07,0.435,3.798,5.0
47.206,0.67,5.51,9.0
52.227,0.752,5.803,5.0
37.137,0.542,3.922,6.0
58.614,0.868,5.87,6.0
39.964,0.597,5.138,3.0
31.045,0.47,3.82,26.0
46.434,0.713,5.457,11.0
47.567,0.739,5.323,10.0
37.101,0.584,3.947,7.0
53.558,0.854,5.404,4.0
39.4,0.634,5.096,4.0
31.065,0.506,3.846,50.0
46.906,0.774,5.547,21.0
48.054,0.802,5.413,12.0
46.196,0.78,4.948,2.0
48.076,0.821,4.885,3.0
39.347,0.678,5.117,8.0
31.061,0.541,3.867,42.0
47.344,0.835,5.632,7.0
52.227,0.931,5.919,5.0
46.33,0.835,4.994,4.0
52.549,0.958,5.375,41.0
31.058,0.571,4.06,33.0
31.057,0.577,3.887,20.0
47.482,0.892,5.68,7.0
48.598,0.923,5.539,2.0
52.525,1.008,5.696,21.0
52.562,1.019,5.41,7.0
31.072,0.608,4.082,32.0
31.074,0.614,3.909,28.0
47.493,0.948,5.71,5.0
52.54,1.058,6.02,4.0
46.382,0.944,5.057,4.0
46.657,0.959,4.829,10.0
31.064,0.644,4.099,36.0
31.131,0.652,3.934,6.0
54.258,1.147,6.555,5.0
59.567,1.271,6.858,12.0
46.776,1.007,5.126,13.0
46.577,1.012,4.846,6.0
31.083,0.682,4.118,44.0
46.452,1.028,5.895,11.0
52.445,1.17,6.363,20.0
59.682,1.344,6.902,13.0
46.4,1.054,5.108,4.0
46.554,1.066,4.867,10.0
31.112,0.719,4.137,8.0
52.551,1.226,6.695,17.0
47.789,1.123,5.821,9.0
47.418,1.124,5.506,3.0
46.526,1.112,5.144,21.0
37.038,0.892,3.889,4.0
46.192,1.123,6.164,7.0
52.489,1.287,6.71,3.0
52.335,1.293,6.397,6.0
46.583,1.16,5.429,7.0
46.24,1.16,5.131,5.0
46.413,1.173,4.892,7.0
33.631,0.858,4.501,3.0
47.818,1.229,6.132,2.0
52.585,1.362,6.448,3.0
46.589,1.215,5.447,4.0
46.18,1.213,5.142,4.0
46.373,1.227,4.905,6.0
39.366,1.052,5.283,4.0
47.97,1.29,6.168,5.0
52.156,1.413,6.413,6.0
52.61,1.435,6.169,4.0
46.192,1.268,5.158,9.0
46.381,1.282,4.92,5.0
33.662,0.939,4.528,3.0
46.71,1.312,6.02,20.0
47.905,1.355,5.905,2.0
52.599,1.497,6.183,6.0
59.286,1.699,6.636,22.0
46.5,1.341,4.945,15.0
46.662,1.358,6.289,34.0
52.28,1.532,6.751,7.0
47.828,1.41,5.907,2.0
52.7,1.563,6.207,2.0
46.206,1.379,5.183,7.0
46.573,1.399,4.963,20.0
46.466,1.408,6.273,7.0
39.386,1.201,5.094,4.0
60.213,1.847,7.449,1.0
52.686,1.626,6.215,6.0
59.221,1.837,6.654,27.0
46.304,1.446,4.943,5.0
46.509,1.465,6.287,6.0
60.37,1.913,7.819,10.0
60.71,1.934,7.519,16.0
52.747,1.689,6.23,4.0
46.566,1.5,5.238,20.0
46.439,1.504,4.963,6.0
46.567,1.522,6.3,4.0
48.088,1.58,6.233,2.0
59.887,1.978,7.424,7.0
66.82,2.22,7.899,6.0
46.654,1.558,5.253,18.0
46.776,1.57,5.003,3.0
30.327,1.027,4.105,3.0
59.827,2.037,7.759,9.0
47.618,1.629,5.906,6.0
52.696,1.812,6.233,4.0
46.69,1.614,5.259,5.0
57.666,2.003,6.171,4.0
30.307,1.062,4.104,1.0
59.398,2.092,7.705,4.0
39.403,1.395,4.888,3.0
46.731,1.662,5.527,19.0
46.54,1.663,5.242,4.0
58.342,2.095,6.243,8.0
46.645,1.69,6.315,2.0
60.216,2.192,7.81,2.0
47.37,1.731,5.875,5.0
52.651,1.933,6.226,4.0
46.599,1.719,5.246,6.0
60.156,2.229,6.434,10.0
39.403,1.473,5.332,3.0
61.304,2.302,7.947,10.0
47.639,1.796,5.904,6.0
52.596,1.991,6.215,1.0
60.15,2.287,6.767,16.0
46.738,1.785,4.994,7.0
39.422,1.519,5.331,5.0
47.741,1.847,6.183,3.0
46.837,1.82,5.799,21.0
60.382,2.355,7.127,14.0
59.559,2.333,6.693,33.0
46.729,1.838,4.986,4.0
39.423,1.564,5.325,3.0
60.503,2.409,7.827,22.0
46.825,1.872,5.79,11.0
59.575,2.391,7.022,0.0
46.74,1.883,5.244,9.0
46.741,1.891,4.979,7.0
39.395,1.608,5.313,2.0
59.684,2.444,7.708,5.0
46.928,1.929,5.793,3.0
60.01,2.476,7.06,6.0
46.679,1.933,5.227,9.0
46.384,1.928,4.93,5.0
60.541,2.539,8.151,5.0
46.797,1.969,6.032,21.0
59.771,2.523,7.363,10.0
58.836,2.493,6.906,17.0
46.752,1.988,5.222,9.0
60.21,2.57,6.383,4.0
46.523,2.003,6.25,32.0
60.333,2.605,7.759,5.0
46.751,2.026,5.745,2.0
66.039,2.871,7.732,6.0
46.668,2.035,5.198,7.0
60.044,2.628,6.346,6.0
30.309,1.338,4.061,1.0
46.882,2.076,6.013,3.0
46.749,2.077,5.728,2.0
61.092,2.722,7.131,1.0
46.856,2.094,5.202,7.0
59.814,2.682,6.3,4.0
46.933,2.122,6.271,8.0
52.555,2.384,6.721,3.0
46.725,2.125,5.707,1.0
0.0,0.0,0.0,0.0
46.456,2.126,5.139,6.0
46.697,2.144,4.9,3.0
46.97,2.174,6.256,0.0
46.974,2.18,5.987,2.0
46.733,2.175,5.688,2.0
47.641,2.223,5.521,0.0
46.333,2.168,5.105,6.0
46.889,2.201,4.899,5.0
46.779,2.214,6.209,1.0
46.998,2.23,5.968,2.0
46.732,2.223,5.666,1.0
47.45,2.263,5.476,1.0
46.297,2.214,5.078,12.0
46.77,2.243,4.863,3.0
46.736,2.259,6.18,2.0
47.179,2.286,5.967,3.0
46.655,2.266,5.632,1.0
0.0,0.0,0.0,0.0
46.247,2.258,5.048,13.0
46.669,2.285,4.828,6.0
46.654,2.302,6.143,2.0
47.077,2.328,5.928,2.0
46.633,2.312,5.603,1.0
60.346,2.999,6.899,7.0
46.22,2.302,5.019,13.0
46.823,2.338,4.817,9.0
46.658,2.348,6.116,1.0
47.063,2.374,5.897,1.0
46.686,2.36,5.581,1.0
47.282,2.395,5.376,4.0
46.178,2.345,4.986,5.0
46.718,2.379,4.776,4.0
46.643,2.393,6.084,0.0
47.012,2.417,5.861,1.0
60.397,3.111,7.182,9.0
47.131,2.432,5.328,5.0
46.201,2.39,4.958,4.0
46.624,2.417,4.737,2.0
46.694,2.439,6.06,0.0
47.12,2.466,5.842,0.0
46.674,2.447,5.518,1.0
47.115,2.475,5.294,3.0
46.376,2.441,4.945,3.0
52.407,2.764,5.288,2.0
0.0,0.0,0.0,0.0
0.0,0.0,0.0,0.0
46.659,2.489,5.482,1.0
46.888,2.506,5.234,1.0
46.617,2.496,4.936,4.0
52.416,2.812,5.25,1.0
0.0,0.0,0.0,0.0
0.0,0.0,0.0,0.0
46.891,2.542,5.474,1.0
46.122,2.505,5.114,3.0
46.294,2.519,4.867,2.0
45.767,2.494,4.549,1.0
0.0,0.0,0.0,0.0
0.0,0.0,0.0,0.0
47.464,2.614,5.502,3.0
46.146,2.545,5.079,1.0
47.414,2.62,4.946,18.0
43.467,2.406,4.284,2.0
0.0,0.0,0.0,0.0
0.0,0.0,0.0,0.0
45.896,2.566,5.282,1.0
46.254,2.59,5.051,7.0
46.463,2.606,4.807,2.0
45.643,2.564,4.46,9.0
0.0,0.0,0.0,0.0
45.761,2.592,5.491,1.0
47.301,2.683,5.402,2.0
46.242,2.626,5.009,7.0
45.702,2.604,4.424,12.0
47.209,2.708,5.895,1.0
47.766,2.742,5.688,2.0
47.258,2.717,5.353,3.0
46.339,2.667,4.977,2.0
45.437,2.619,4.618,4.0
45.667,2.636,4.379,12.0
47.248,2.745,5.855,1.0
0.0,0.0,0.0,0.0
46.559,2.711,5.23,2.0
46.789,2.728,4.981,4.0
45.659,2.669,4.334,6.0
47.797,2.812,5.876,6.0
0.0,0.0,0.0,0.0
0.0,0.0,0.0,0.0
46.439,2.741,4.897,3.0
47.254,2.792,4.71,2.0
45.844,2.712,4.306,4.0
0.0,0.0,0.0,0.0
0.0,0.0,0.0,0.0
46.196,2.755,5.096,3.0
45.487,2.715,4.75,1.0
0.0,0.0,0.0,0.0
0.0,0.0,0.0,0.0
47.021,2.833,5.41,3.0
46.257,2.789,5.053,3.0
45.733,2.763,4.463,13.0
0.0,0.0,0.0,0.0
0.0,0.0,0.0,0.0
47.159,2.871,5.374,1.0
46.099,2.809,4.985,3.0
45.682,2.788,4.407,10.0
45.945,2.806,4.168,2.0
0.0,0.0,0.0,0.0
0.0,0.0,0.0,0.0
45.998,2.83,4.923,3.0
45.649,2.813,4.352,3.0
0.0,0.0,0.0,0.0
0.0,0.0,0.0,0.0
46.169,2.865,5.155,3.0
45.992,2.855,4.869,0.0
45.721,2.84,4.571,4.0
45.59,2.834,4.294,3.0
0.0,0.0,0.0,0.0
47.227,2.954,5.492,2.0
46.229,2.893,5.107,1.0
45.748,2.866,4.519,3.0
45.496,2.851,4.231,1.0
47.461,2.976,4.139,4.0
47.189,2.975,5.431,1.0
0.0,0.0,0.0,0.0
45.562,2.876,4.444,15.0
46.147,2.931,5.253,0.0
46.074,2.927,4.977,2.0
45.528,2.895,4.384,3.0
47.497,3.021,4.299,4.0
45.777,2.912,3.879,2.0
46.238,2.957,5.204,3.0
46.044,2.945,4.914,3.0
45.797,2.932,3.822,3.0
46.211,2.973,5.141,0.0
46.208,2.974,4.872,1.0
45.537,2.931,4.268,3.0
46.029,2.963,4.047,1.0
45.826,2.951,3.765,1.0
0.0,0.0,0.0,0.0
45.512,2.944,4.474,9.0
45.552,2.947,4.209,2.0
47.379,3.066,4.103,4.0
244.964,15.856,19.8,20.0
45.782,2.977,4.971,0.0
45.561,2.962,4.416,8.0
47.49,3.087,4.323,3.0
47.594,3.094,4.057,1.0
47.09,3.061,3.742,2.0
46.065,3.008,4.938,3.0
45.796,2.989,3.841,2.0
46.313,3.023,3.616,3.0
46.112,3.022,4.879,1.0
45.816,3.0,3.779,2.0
47.549,3.114,3.646,0.0
45.378,2.982,4.472,11.0
45.563,2.994,4.226,3.0
46.099,3.028,4.003,2.0
245.147,16.101,19.868,11.0
245.307,16.108,18.462,20.0
45.516,2.999,4.42,5.0
47.467,3.126,4.333,2.0
47.595,3.133,4.064,1.0
47.153,3.103,3.753,2.0
111.53,7.339,8.232,7.0
45.771,3.021,4.377,1.0
46.334,3.054,3.62,3.0
111.512,7.348,8.069,7.0
45.782,3.022,3.774,3.0
46.167,3.046,3.538,1.0
207.871,13.711,14.731,5.0
45.511,3.011,4.481,14.0
45.567,3.013,4.222,2.0
0.0,0.0,0.0,0.0
47.539,3.139,3.847,0.0
245.259,16.188,18.431,24.0
208.021,13.725,14.429,5.0
45.579,3.016,4.419,4.0
47.443,3.137,4.323,1.0
47.607,3.146,4.062,1.0
47.136,3.112,3.743,3.0
111.484,7.357,8.209,8.0
208.186,13.729,14.124,5.0
45.836,3.031,4.374,1.0
45.766,3.022,3.834,1.0
46.251,3.052,3.602,2.0
111.477,7.35,8.036,6.0
110.46,7.278,7.323,7.0
45.521,3.007,4.272,2.0
45.827,3.022,3.768,2.0
245.23,16.157,18.717,20.0
207.893,13.685,14.662,5.0
110.497,7.268,7.153,2.0
47.549,3.135,4.388,2.0
0.0,0.0,0.0,0.0
47.21,3.107,3.807,1.0
111.477,7.33,8.331,7.0
208.268,13.682,14.358,5.0
0.0,0.0,0.0,0.0
46.917,3.079,3.709,3.0
111.394,7.304,8.148,6.0
110.548,7.241,7.445,2.0
107.894,7.06,6.642,1.0
45.789,2.999,3.811,3.0
245.191,16.041,18.988,23.0
207.903,13.586,14.873,6.0
110.543,7.217,7.267,2.0
0.0,0.0,0.0,0.0
0.0,0.0,0.0,0.0
111.296,7.253,8.44,5.0
110.153,7.169,7.703,2.0
0.0,0.0,0.0,0.0
195.951,12.725,11.439,5.0
47.544,3.092,4.082,1.0
47.11,3.06,3.77,2.0
245.038,15.896,18.191,12.0
110.472,7.158,7.55,6.0
108.026,6.99,6.757,1.0
196.103,12.673,11.134,14.0
45.82,2.965,3.859,3.0
46.913,3.031,3.678,3.0
244.962,15.808,17.789,12.0
110.428,7.116,7.367,1.0
209.15,13.459,12.742,5.0
195.816,12.586,10.797,8.0
45.849,2.95,3.786,1.0
244.866,15.731,18.802,25.0
207.526,13.311,14.73,6.0
0.0,0.0,0.0,0.0
0.0,0.0,0.0,0.0
194.983,12.453,10.435,16.0
47.151,3.014,3.817,3.0
244.769,15.622,18.391,24.0
110.269,7.026,7.645,6.0
0.0,0.0,0.0,0.0
196.871,12.504,11.348,10.0
195.138,12.377,10.122,5.0
46.909,2.977,3.719,3.0
244.588,15.498,17.973,21.0
0.0,0.0,0.0,0.0
0.0,0.0,0.0,0.0
196.183,12.367,10.987,17.0
0.0,0.0,0.0,0.0
244.447,15.393,18.978,22.0
110.272,6.931,7.92,1.0
0.0,0.0,0.0,0.0
0.0,0.0,0.0,0.0
195.952,12.251,10.65,8.0
194.27,12.125,9.438,5.0
244.366,15.254,18.565,25.0
207.159,12.907,14.535,9.0
0.0,0.0,0.0,0.0
196.915,12.221,11.514,5.0
195.384,12.104,10.296,5.0
0.0,0.0,0.0,0.0
244.151,15.098,18.142,20.0
207.201,12.786,14.196,6.0
207.742,12.795,13.03,17.0
196.806,12.097,11.185,14.0
162.036,9.94,8.273,6.0
166.064,10.169,7.52,3.0
243.935,14.933,17.724,13.0
0.0,0.0,0.0,0.0
0.0,0.0,0.0,0.0
195.966,11.921,10.816,9.0
0.0,0.0,0.0,0.0
163.185,9.887,7.122,4.0
206.895,12.528,14.69,6.0
0.0,0.0,0.0,0.0
0.0,0.0,0.0,0.0
194.317,11.688,10.404,26.0
194.2,11.655,9.278,8.0
193.138,11.568,8.112,4.0
206.667,12.368,14.334,7.0
208.033,12.42,13.225,7.0
0.0,0.0,0.0,0.0
194.059,11.533,10.072,16.0
194.141,11.511,8.955,8.0
0.0,0.0,0.0,0.0
0.0,0.0,0.0,0.0
0.0,0.0,0.0,0.0
194.162,11.419,10.898,6.0
193.714,11.364,9.733,17.0
193.897,11.347,8.622,18.0
0.0,0.0,0.0,0.0
0.0,0.0,0.0,0.0
0.0,0.0,0.0,0.0
195.984,11.367,10.678,9.0
194.027,11.227,9.432,7.0
0.0,0.0,0.0,0.0
192.975,11.111,7.158,4.0
0.0,0.0,0.0,0.0
195.783,11.223,11.478,6.0
193.548,11.064,10.227,26.0
193.827,11.051,9.105,11.0
0.0,0.0,0.0,0.0
192.887,10.938,6.835,6.0
206.747,11.704,12.976,16.0
195.301,11.024,11.129,23.0
193.56,10.897,9.913,24.0
193.643,10.87,8.781,9.0
193.641,10.839,7.664,8.0
0.0,0.0,0.0,0.0
0.0,0.0,0.0,0.0
194.508,10.802,10.768,22.0
193.557,10.719,9.599,21.0
193.349,10.675,8.453,22.0
193.895,10.673,7.361,8.0
195.913,10.752,6.308,31.0
195.048,10.68,11.607,21.0
194.14,10.595,10.43,25.0
193.419,10.523,9.276,20.0
193.109,10.472,8.127,10.0
193.094,10.438,7.013,17.0
193.669,10.439,5.919,6.0
194.989,10.481,11.285,25.0
193.707,10.379,10.093,23.0
192.849,10.299,8.937,24.0
193.097,10.28,7.817,17.0
193.314,10.258,6.714,12.0
193.823,10.251,5.614,6.0
194.261,10.242,10.931,28.0
193.919,10.191,9.794,20.0
192.882,10.101,8.631,13.0
193.047,10.074,7.506,22.0
193.788,10.08,6.42,6.0
0.0,0.0,0.0,0.0
194.467,10.046,10.633,19.0
192.816,9.926,9.43,25.0
192.982,9.898,8.327,18.0
0.0,0.0,0.0,0.0
194.168,9.889,6.124,18.0
197.114,10.002,5.083,8.0
194.114,9.813,10.303,18.0
193.073,9.722,9.134,24.0
193.15,9.687,8.024,9.0
0.0,0.0,0.0,0.0
194.151,9.666,5.814,21.0
195.784,9.712,4.738,5.0
194.161,9.593,9.999,16.0
192.736,9.483,8.814,26.0
192.937,9.454,7.711,20.0
194.3,9.485,6.63,11.0
193.812,9.423,5.5,15.0
0.0,0.0,0.0,0.0
193.287,9.32,9.649,19.0
192.873,9.26,8.517,22.0
192.94,9.224,7.41,26.0
194.084,9.239,6.318,8.0
195.686,9.277,5.246,8.0
0.0,0.0,0.0,0.0
192.745,9.056,9.321,25.0
193.037,9.028,8.223,24.0
193.416,9.005,7.126,27.0
193.305,8.962,5.993,29.0
0.0,0.0,0.0,0.0
0.0,0.0,0.0,0.0
193.087,8.83,9.04,22.0
193.926,8.826,7.963,17.0
193.458,8.763,6.833,26.0
193.705,8.733,5.707,16.0
195.514,8.774,4.64,12.0
195.506,8.732,3.517,18.0
193.514,8.598,8.764,21.0
194.493,8.598,7.689,13.0
193.224,8.5,6.53,29.0
193.881,8.485,5.417,22.0
195.443,8.511,4.341,5.0
196.08,8.499,3.232,33.0
193.381,8.332,8.465,21.0
194.141,8.321,7.382,14.0
193.338,8.242,6.24,21.0
193.76,8.218,5.123,7.0
0.0,0.0,0.0,0.0
0.0,0.0,0.0,0.0
195.109,8.137,8.246,26.0
193.169,8.01,7.054,6.0
193.167,7.968,5.947,23.0
195.219,8.009,4.873,7.0
0.0,0.0,0.0,0.0
199.159,8.081,2.688,6.0
195.465,7.878,7.974,25.0
193.75,7.763,6.792,7.0
193.369,7.705,5.671,11.0
196.48,7.782,4.616,11.0
0.0,0.0,0.0,0.0
199.223,7.797,2.397,5.0
199.157,7.741,7.835,5.0
0.0,0.0,0.0,0.0
0.0,0.0,0.0,0.0
195.046,7.44,4.3,10.0
195.16,7.399,3.185,8.0
203.277,7.658,2.153,6.0
194.164,7.259,7.359,20.0
0.0,0.0,0.0,0.0
195.095,7.2,5.16,9.0
200.203,7.339,4.128,5.0
195.844,7.135,2.919,20.0
196.322,7.104,1.803,8.0
193.513,6.945,7.062,26.0
198.211,7.063,6.098,6.0
195.7,6.928,4.902,15.0
195.427,6.869,3.757,28.0
195.925,6.837,2.645,21.0
196.263,6.8,1.528,23.0
194.122,6.669,6.814,15.0
198.113,6.755,5.82,6.0
195.522,6.617,4.626,6.0
195.045,6.555,3.482,27.0
0.0,0.0,0.0,0.0
196.163,6.492,1.259,23.0
193.212,6.335,6.519,18.0
194.682,6.334,5.455,13.0
194.211,6.267,4.331,31.0
195.308,6.253,3.221,12.0
0.0,0.0,0.0,0.0
196.252,6.183,0.994,35.0
193.298,6.027,6.26,21.0
193.859,5.994,5.171,21.0
193.753,5.939,4.061,26.0
195.309,5.937,2.959,18.0
201.69,6.078,1.905,13.0
196.171,5.861,0.735,22.0
193.133,5.711,6.002,23.0
193.873,5.68,4.918,33.0
193.485,5.616,3.803,33.0
195.604,5.628,2.71,25.0
195.89,5.583,1.596,7.0
0.0,0.0,0.0,0.0
0.0,0.0,0.0,0.0
193.738,5.355,4.664,29.0
193.524,5.296,3.556,30.0
195.047,5.286,2.453,27.0
103.136,2.767,0.709,3.0
0.0,0.0,0.0,0.0
194.45,5.1,5.546,23.0
193.668,5.027,4.419,24.0
193.493,4.97,3.313,9.0
0.0,0.0,0.0,0.0
100.195,2.519,0.564,1.0
0.0,0.0,0.0,0.0
194.369,4.768,5.303,20.0
193.926,4.705,4.187,34.0
195.081,4.677,3.101,13.0
0.0,0.0,0.0,0.0
100.24,2.347,0.442,2.0
100.142,2.317,-0.127,6.0
194.748,4.442,5.08,24.0
194.17,4.374,3.959,7.0
195.348,4.344,2.871,25.0
0.0,0.0,0.0,0.0
100.114,2.169,0.322,5.0
99.95,2.138,-0.245,1.0
194.464,4.095,4.843,16.0
195.567,4.06,3.757,16.0
103.134,2.112,1.395,4.0
102.944,2.078,0.797,6.0
100.015,1.989,0.205,1.0
0.0,0.0,0.0,0.0
194.563,3.749,4.62,15.0
194.65,3.692,3.515,9.0
103.135,1.925,1.276,9.0
99.924,1.836,0.659,5.0
99.866,1.806,0.091,12.0
0.0,0.0,0.0,0.0
194.746,3.398,4.404,14.0
194.846,3.344,3.301,32.0
0.0,0.0,0.0,0.0
99.73,1.652,0.547,5.0
99.849,1.624,-0.018,3.0
0.0,0.0,0.0,0.0
196.214,3.066,4.223,23.0
194.712,2.986,3.087,31.0
0.0,0.0,0.0,0.0
99.627,1.467,0.439,5.0
101.407,1.463,-0.127,2.0
0.0,0.0,0.0,0.0
20.294,0.279,0.415,5.0
20.291,0.273,0.3,3.0
20.388,0.268,0.186,0.0
99.559,1.281,0.334,6.0
0.0,0.0,0.0,0.0
20.214,0.247,-0.161,0.0
20.281,0.241,0.394,29.0
20.283,0.235,0.279,26.0
20.323,0.229,0.164,23.0
20.315,0.223,0.047,16.0
20.233,0.215,-0.067,0.0
20.166,0.208,-0.181,13.0
20.28,0.203,0.373,34.0
20.288,0.196,0.259,28.0
20.313,0.19,0.144,28.0
20.302,0.184,0.027,30.0
20.218,0.176,-0.087,23.0
20.169,0.17,-0.2,26.0
20.184,0.163,0.352,25.0
20.172,0.156,0.238,20.0
20.193,0.15,0.124,28.0
20.19,0.144,0.008,26.0
20.172,0.137,-0.105,38.0
20.171,0.131,-0.219,31.0
20.162,0.124,0.333,29.0
20.156,0.118,0.219,26.0
20.195,0.111,0.105,31.0
20.17,0.105,-0.01,28.0
20.195,0.098,-0.124,32.0
20.2,0.092,-0.238,16.0
20.151,0.085,0.314,27.0
20.146,0.078,0.201,28.0
20.188,0.072,0.087,27.0
20.206,0.065,-0.028,30.0
20.221,0.059,-0.142,24.0
55.036,0.143,-0.698,6.0
20.138,0.045,0.297,31.0
20.137,0.039,0.183,27.0
20.184,0.032,0.07,24.0
20.253,0.026,-0.045,151.0
20.264,0.019,-0.159,151.0
20.27,0.013,-0.274,79.0
20.123,0.006,0.28,28.0
20.115,0.0,0.166,28.0
20.143,-0.007,0.053,24.0
20.134,-0.013,-0.061,20.0
20.18,-0.02,-0.175,20.0
20.171,-0.027,-0.289,22.0
20.123,-0.034,0.264,31.0
20.121,-0.041,0.15,31.0
20.128,-0.047,0.037,34.0
20.135,-0.054,-0.077,33.0
20.143,-0.061,-0.191,25.0
20.151,-0.068,-0.304,30.0
20.122,-0.074,0.248,28.0
20.127,-0.081,0.135,27.0
20.134,-0.088,0.022,30.0
20.137,-0.095,-0.092,27.0
20.133,-0.102,-0.206,19.0
20.139,-0.109,-0.319,40.0
20.143,-0.115,0.234,21.0
20.127,-0.122,0.12,16.0
20.169,-0.129,0.007,25.0
20.141,-0.136,-0.107,18.0
20.128,-0.143,-0.22,18.0
20.161,-0.15,-0.334,28.0
58.327,-0.454,0.637,10.0
66.514,-0.54,0.353,21.0
53.343,-0.452,-0.015,9.0
56.445,-0.498,-0.339,1.0
45.058,-0.413,-0.523,18.0
37.95,-0.361,-0.654,10.0
64.323,-0.633,0.66,103.0
56.185,-0.571,0.262,8.0
56.336,-0.593,-0.053,0.0
59.423,-0.646,-0.395,7.0
44.964,-0.504,-0.551,33.0
37.806,-0.437,-0.675,14.0
20.162,-0.239,0.194,10.0
59.565,-0.729,0.241,11.0
59.535,-0.749,-0.092,17.0
56.622,-0.732,-0.41,11.0
44.948,-0.597,-0.578,25.0
0.0,0.0,0.0,0.0
20.126,-0.28,0.182,14.0
20.137,-0.287,0.07,20.0
20.117,-0.294,-0.042,1.0
52.995,-0.793,-0.414,6.0
44.84,-0.687,-0.601,16.0
35.942,-0.563,-0.683,2.0
20.142,-0.321,0.171,9.0
20.145,-0.328,0.059,51.0
20.111,-0.335,-0.053,9.0
52.893,-0.901,-0.441,38.0
44.885,-0.78,-0.625,6.0
31.507,-0.559,-0.615,6.0
53.045,-0.957,0.425,3.0
53.007,-0.975,0.129,20.0
52.95,-0.993,-0.166,49.0
45.521,-0.87,-0.402,30.0
38.423,-0.748,-0.554,13.0
31.268,-0.62,-0.625,23.0
52.927,-1.065,0.399,15.0
38.378,-0.786,0.075,33.0
38.373,-0.8,-0.138,52.0
38.364,-0.813,-0.356,11.0
38.301,-0.826,-0.569,21.0
31.003,-0.68,-0.634,28.0
40.448,-0.897,0.288,153.0
40.414,-0.911,0.062,72.0
40.418,-0.926,-0.162,39.0
40.41,-0.94,-0.392,51.0
38.179,-0.902,-0.583,21.0
30.789,-0.739,-0.642,32.0
40.418,-0.981,0.271,24.0
38.768,-0.955,0.044,12.0
38.749,-0.969,-0.171,34.0
38.705,-0.982,-0.39,37.0
38.068,-0.98,-0.596,19.0
30.651,-0.8,-0.65,33.0
38.666,-1.019,0.246,67.0
38.665,-1.034,0.03,68.0
38.654,-1.047,-0.184,61.0
38.655,-1.061,-0.403,36.0
38.018,-1.058,-0.608,19.0
30.598,-0.863,-0.659,32.0
38.66,-1.099,0.233,100.0
38.654,-1.114,0.018,75.0
38.672,-1.128,-0.196,97.0
38.622,-1.141,-0.414,45.0
37.957,-1.135,-0.618,24.0
30.565,-0.925,-0.667,35.0
38.662,-1.18,0.222,71.0
38.666,-1.194,0.008,62.0
38.673,-1.209,-0.206,55.0
38.629,-1.222,-0.424,29.0
37.956,-1.214,-0.628,10.0
30.511,-0.987,-0.674,35.0
38.745,-1.263,0.214,26.0
38.754,-1.277,0.0,26.0
38.778,-1.292,-0.216,5.0
38.723,-1.305,-0.434,13.0
37.97,-1.293,-0.636,7.0
30.505,-1.051,-0.68,33.0
80.717,-2.799,0.429,24.0
81.262,-2.847,-0.018,38.0
0.0,0.0,0.0,0.0
45.02,-1.61,-0.513,17.0
31.301,-1.131,-0.53,26.0
30.509,-1.114,-0.686,31.0
31.311,-1.15,0.161,47.0
31.309,-1.162,-0.012,63.0
31.324,-1.174,-0.185,63.0
31.285,-1.184,-0.361,42.0
31.217,-1.193,-0.533,26.0
28.479,-1.099,-0.644,35.0
28.465,-1.104,0.142,73.0
28.451,-1.114,-0.014,70.0
28.456,-1.125,-0.171,70.0
28.436,-1.135,-0.331,80.0
28.447,-1.146,-0.489,109.0
28.458,-1.157,-0.646,117.0
28.448,-1.163,0.14,126.0
28.44,-1.173,-0.016,116.0
28.448,-1.184,-0.174,150.0
28.439,-1.194,-0.333,100.0
28.448,-1.205,-0.491,90.0
28.454,-1.216,-0.648,61.0
28.459,-1.221,0.138,69.0
28.469,-1.233,-0.018,60.0
28.473,-1.243,-0.175,51.0
31.163,-1.372,-0.367,39.0
31.126,-1.382,-0.538,43.0
30.508,-1.366,-0.696,20.0
31.24,-1.405,0.151,45.0
31.217,-1.415,-0.02,42.0
31.193,-1.426,-0.192,46.0
31.176,-1.437,-0.367,48.0
31.144,-1.447,-0.538,41.0
30.474,-1.427,-0.694,23.0
79.837,-3.754,0.389,5.0
31.321,-1.484,-0.019,2.0
31.276,-1.493,-0.191,22.0
31.237,-1.503,-0.366,34.0
31.175,-1.511,-0.537,36.0
30.504,-1.49,-0.694,21.0
0.0,0.0,0.0,0.0
0.0,0.0,0.0,0.0
65.601,-3.265,-0.397,3.0
44.784,-2.246,-0.522,2.0
31.268,-1.579,-0.536,16.0
30.523,-1.553,-0.691,21.0
0.0,0.0,0.0,0.0
66.149,-3.4,-0.03,0.0
65.566,-3.395,-0.39,5.0
45.156,-2.355,-0.521,4.0
31.379,-1.648,-0.534,9.0
24.537,-1.298,-0.553,21.0
65.761,-3.489,0.34,0.0
0.0,0.0,0.0,0.0
65.63,-3.529,-0.381,3.0
24.541,-1.329,-0.279,28.0
24.568,-1.339,-0.414,33.0
24.513,-1.345,-0.548,37.0
24.615,-1.354,0.131,7.0
24.586,-1.362,-0.003,28.0
24.574,-1.37,-0.138,36.0
24.53,-1.376,-0.275,47.0
24.523,-1.385,-0.409,47.0
24.491,-1.393,-0.543,36.0
24.557,-1.4,0.136,45.0
24.55,-1.408,0.001,56.0
24.526,-1.416,-0.132,65.0
24.51,-1.424,-0.269,67.0
24.504,-1.432,-0.403,50.0
24.47,-1.44,-0.537,36.0
24.521,-1.446,0.142,62.0
24.531,-1.455,0.007,74.0
24.514,-1.463,-0.126,68.0
24.499,-1.471,-0.262,61.0
24.51,-1.481,-0.396,71.0
24.469,-1.487,-0.53,43.0
24.516,-1.493,0.148,69.0
24.533,-1.503,0.014,93.0
24.504,-1.51,-0.119,59.0
24.487,-1.517,-0.255,52.0
24.502,-1.527,-0.389,58.0
24.472,-1.534,-0.523,45.0
24.528,-1.541,0.156,52.0
24.537,-1.55,0.022,54.0
24.524,-1.558,-0.111,51.0
24.496,-1.565,-0.247,40.0
24.51,-1.575,-0.381,51.0
24.483,-1.582,-0.514,38.0
24.558,-1.589,0.165,38.0
24.55,-1.598,0.031,27.0
24.538,-1.605,-0.102,29.0
24.526,-1.614,-0.238,19.0
24.523,-1.622,-0.372,27.0
24.486,-1.629,-0.505,23.0
65.58,-4.37,0.466,151.0
65.451,-4.383,0.109,2.0
79.498,-5.352,-0.3,1.0
49.546,-3.353,-0.462,8.0
38.723,-2.634,-0.572,2.0
30.606,-2.093,-0.619,7.0
65.591,-4.493,0.494,164.0
65.466,-4.506,0.137,2.0
61.445,-4.251,-0.205,0.0
49.555,-3.446,-0.44,17.0
40.087,-2.802,-0.574,3.0
31.801,-2.234,-0.629,2.0
65.558,-4.612,0.524,2.0
65.469,-4.628,0.167,2.0
69.083,-4.906,-0.199,1.0
49.584,-3.539,-0.417,18.0
40.386,-2.897,-0.56,1.0
32.943,-2.375,-0.636,2.0
65.571,-4.732,0.555,3.0
65.514,-4.75,0.199,3.0
66.377,-4.835,-0.159,3.0
49.835,-3.647,-0.394,10.0
40.494,-2.978,-0.54,2.0
33.639,-2.485,-0.632,2.0
65.604,-4.852,0.59,8.0
65.558,-4.871,0.234,207.0
66.12,-4.935,-0.123,2.0
50.157,-3.76,-0.37,7.0
41.839,-3.151,-0.536,3.0
33.95,-2.569,-0.619,2.0
65.716,-4.977,0.627,2.0
65.592,-4.989,0.27,151.0
61.747,-4.718,-0.08,3.0
53.737,-4.123,-0.366,6.0
42.347,-3.263,-0.518,7.0
34.249,-2.651,-0.605,2.0
65.755,-5.095,0.666,3.0
61.634,-4.795,0.29,5.0
0.0,0.0,0.0,0.0
54.015,-4.239,-0.336,9.0
42.27,-3.331,-0.492,6.0
34.989,-2.769,-0.597,2.0
81.624,-6.466,0.877,15.0
79.373,-6.313,0.423,29.0
80.079,-6.395,-0.005,33.0
53.995,-4.33,-0.301,6.0
45.682,-3.678,-0.502,12.0
35.798,-2.894,-0.587,1.0
81.862,-6.623,0.932,52.0
79.405,-6.449,0.474,32.0
79.699,-6.499,0.045,29.0
57.345,-4.694,-0.283,3.0
46.117,-3.79,-0.477,20.0
0.0,0.0,0.0,0.0
82.095,-6.779,0.99,42.0
79.492,-6.589,0.529,17.0
79.55,-6.62,0.1,22.0
57.29,-4.785,-0.242,2.0
46.204,-3.874,-0.445,21.0
37.828,-3.184,-0.569,13.0
0.0,0.0,0.0,0.0
0.0,0.0,0.0,0.0
64.087,-5.438,0.127,12.0
61.114,-5.205,-0.214,1.0
46.78,-3.999,-0.416,20.0
38.455,-3.3,-0.549,14.0
0.0,0.0,0.0,0.0
0.0,0.0,0.0,0.0
0.0,0.0,0.0,0.0
57.106,-4.956,-0.157,1.0
47.128,-4.104,-0.383,12.0
39.34,-3.438,-0.532,15.0
0.0,0.0,0.0,0.0
0.0,0.0,0.0,0.0
0.0,0.0,0.0,0.0
56.312,-4.975,-0.111,8.0
0.0,0.0,0.0,0.0
39.848,-3.545,-0.507,15.0
0.0,0.0,0.0,0.0
0.0,0.0,0.0,0.0
0.0,0.0,0.0,0.0
55.659,-5.003,-0.064,10.0
50.274,-4.534,-0.329,14.0
40.237,-3.64,-0.479,15.0
54.934,-4.973,0.874,83.0
54.961,-4.991,0.579,150.0
54.968,-5.007,0.283,166.0
54.968,-5.023,-0.017,154.0
54.723,-5.016,-0.312,26.0
0.0,0.0,0.0,0.0
54.958,-5.057,0.921,150.0
54.966,-5.072,0.625,168.0
54.966,-5.088,0.33,164.0
54.969,-5.104,0.028,158.0
54.653,-5.09,-0.264,29.0
44.796,-4.185,-0.457,11.0
82.312,-7.693,1.451,37.0
54.936,-5.149,0.673,24.0
65.211,-6.13,0.449,7.0
54.937,-5.18,0.078,0.0
55.564,-5.255,-0.219,29.0
45.337,-4.3,-0.422,19.0
82.098,-7.79,1.522,39.0
0.0,0.0,0.0,0.0
65.152,-6.216,0.507,7.0
65.061,-6.225,0.151,7.0
55.817,-5.356,-0.169,13.0
0.0,0.0,0.0,0.0
81.906,-7.884,1.594,43.0
0.0,0.0,0.0,0.0
65.075,-6.297,0.567,9.0
65.016,-6.308,0.211,5.0
65.491,-6.372,-0.137,7.0
47.174,-4.603,-0.352,11.0
81.887,-7.992,1.67,43.0
0.0,0.0,0.0,0.0
65.094,-6.386,0.629,0.0
65.004,-6.393,0.273,7.0
65.36,-6.445,-0.075,14.0
0.0,0.0,0.0,0.0
81.888,-8.098,1.749,32.0
81.801,-8.11,1.309,8.0
0.0,0.0,0.0,0.0
65.076,-6.483,0.337,23.0
64.984,-6.491,-0.011,7.0
54.406,-5.448,-0.3,8.0
81.802,-8.194,1.828,31.0
81.906,-8.223,1.392,34.0
0.0,0.0,0.0,0.0
65.1,-6.568,0.402,177.0
64.951,-6.568,0.054,4.0
54.575,-5.532,-0.246,28.0
82.275,-8.343,1.922,46.0
81.823,-8.316,1.474,47.0
0.0,0.0,0.0,0.0
65.111,-6.647,0.469,166.0
64.944,-6.646,0.12,4.0
55.652,-5.708,-0.194,29.0
82.109,-8.424,2.002,37.0
81.972,-8.427,1.56,48.0
0.0,0.0,0.0,0.0
65.069,-6.718,0.535,150.0
65.007,-6.726,0.187,5.0
56.236,-5.832,-0.138,15.0
81.97,-8.503,2.084,46.0
81.923,-8.515,1.644,47.0
0.0,0.0,0.0,0.0
65.114,-6.796,0.604,1.0
65.093,-6.808,0.255,153.0
65.353,-6.85,-0.092,5.0
81.698,-8.566,2.163,36.0
81.87,-8.6,1.731,41.0
82.011,-8.631,1.295,8.0
0.0,0.0,0.0,0.0
65.097,-6.878,0.325,166.0
64.999,-6.882,-0.021,2.0
81.639,-8.647,2.251,36.0
81.858,-8.687,1.819,40.0
82.348,-8.754,1.39,20.0
0.0,0.0,0.0,0.0
65.089,-6.946,0.396,178.0
65.007,-6.95,0.05,5.0
81.68,-8.736,2.341,40.0
81.833,-8.767,1.908,43.0
82.218,-8.823,1.478,42.0
0.0,0.0,0.0,0.0
65.052,-7.007,0.468,22.0
64.948,-7.009,0.121,1.0
81.556,-8.803,2.429,32.0
81.765,-8.84,1.997,44.0
82.019,-8.882,1.567,48.0
0.0,0.0,0.0,0.0
64.949,-7.057,0.54,0.0
65.003,-7.076,0.194,1.0
81.739,-8.901,2.526,36.0
81.857,-8.927,2.094,38.0
81.888,-8.945,1.657,35.0
82.282,-9.002,1.217,1.0
65.152,-7.139,0.617,1.0
65.085,-7.144,0.268,2.0
82.045,-9.008,2.629,40.0
81.949,-9.01,2.189,36.0
82.484,-9.083,1.763,37.0
82.222,-9.068,1.311,20.0
0.0,0.0,0.0,0.0
65.044,-7.195,0.343,2.0
82.169,-9.093,2.728,31.0
82.036,-9.091,2.286,35.0
82.646,-9.17,1.862,40.0
82.163,-9.13,1.405,13.0
0.0,0.0,0.0,0.0
65.117,-7.256,0.419,3.0
82.34,-9.179,2.829,36.0
82.129,-9.167,2.383,33.0
82.664,-9.238,1.959,34.0
84.126,-9.414,1.536,23.0
83.752,-9.385,1.083,11.0
65.133,-7.308,0.495,5.0
82.336,-9.243,2.926,35.0
82.428,-9.264,2.489,34.0
82.492,-9.282,2.052,24.0
84.855,-9.559,1.649,26.0
83.871,-9.46,1.183,28.0
65.259,-7.37,0.573,1.0
82.769,-9.352,3.04,35.0
82.975,-9.385,2.604,28.0
81.962,-9.281,2.135,21.0
85.103,-9.647,1.755,16.0
84.203,-9.556,1.288,24.0
0.0,0.0,0.0,0.0
82.613,-9.391,3.132,27.0
82.777,-9.419,2.697,18.0
82.198,-9.363,2.24,13.0
85.176,-9.712,1.859,19.0
84.777,-9.676,1.398,7.0
84.516,-9.657,0.944,9.0
83.558,-9.553,3.269,35.0
82.968,-9.494,2.803,12.0
0.0,0.0,0.0,0.0
82.95,-9.509,1.91,12.0
85.242,-9.781,1.508,11.0
84.588,-9.716,1.045,25.0
83.811,-9.632,3.38,38.0
83.872,-9.647,2.935,34.0
83.441,-9.604,2.474,38.0
84.25,-9.706,2.041,11.0
85.249,-9.83,1.611,23.0
84.734,-9.779,1.15,34.0
83.901,-9.689,3.486,38.0
83.854,-9.69,3.035,42.0
83.294,-9.633,2.571,22.0
84.208,-9.745,2.143,23.0
85.198,-9.868,1.713,17.0
84.92,-9.844,1.256,13.0
83.865,-9.728,3.586,37.0
83.796,-9.726,3.136,40.0
83.345,-9.679,2.675,23.0
84.225,-9.788,2.244,31.0
85.363,-9.927,1.82,11.0
192.352,-22.385,3.077,29.0
83.863,-9.766,3.687,34.0
83.736,-9.756,3.235,34.0
82.9,-9.664,2.76,9.0
84.178,-9.819,2.345,37.0
85.142,-9.937,1.919,6.0
192.381,-22.468,3.309,22.0
83.989,-9.815,3.795,31.0
83.822,-9.8,3.34,37.0
84.409,-9.873,2.913,28.0
84.187,-9.852,2.447,37.0
84.231,-9.862,2.0,10.0
85.354,-9.999,1.571,10.0
84.197,-9.871,3.907,11.0
83.935,-9.843,3.447,39.0
84.484,-9.912,3.018,33.0
84.215,-9.884,2.55,42.0
84.217,-9.889,2.101,9.0
85.353,-10.027,1.675,14.0
136.945,-16.1,6.522,17.0
83.832,-9.858,3.545,34.0
84.279,-9.913,3.114,31.0
84.237,-9.912,2.654,33.0
139.191,-16.384,3.644,14.0
85.353,-10.05,1.779,15.0
136.959,-16.14,6.691,13.0
83.828,-9.88,3.646,35.0
84.175,-9.923,3.211,33.0
84.369,-9.948,2.761,37.0
84.324,-9.945,2.309,9.0
85.341,-10.069,1.882,21.0
118.774,-14.024,5.946,27.0
83.87,-9.904,3.749,27.0
84.006,-9.921,3.306,31.0
84.552,-9.987,2.868,33.0
84.333,-9.963,2.412,28.0
85.341,-10.084,1.984,8.0
118.78,-14.048,6.09,32.0
84.122,-9.949,3.863,12.0
84.029,-9.938,3.41,37.0
84.643,-10.011,2.974,38.0
84.217,-9.962,2.51,31.0
138.965,-16.44,3.4,17.0
118.825,-14.07,6.237,32.0
137.095,-16.232,6.463,13.0
84.018,-9.947,3.51,25.0
84.644,-10.021,3.076,30.0
84.225,-9.971,2.611,36.0
139.091,-16.468,3.568,20.0
118.653,-14.061,6.371,25.0
137.156,-16.251,6.63,16.0
83.931,-9.943,3.607,26.0
84.613,-10.022,3.176,19.0
84.364,-9.992,2.716,40.0
139.223,-16.489,3.739,13.0
118.065,-13.997,6.48,24.0
118.817,-14.083,5.884,24.0
83.924,-9.944,3.707,29.0
84.154,-9.97,3.258,18.0
84.527,-10.013,2.821,30.0
84.332,-9.988,2.364,20.0
117.5,-13.931,6.589,15.0
118.781,-14.078,6.024,29.0
83.989,-9.951,3.81,15.0
84.027,-9.952,3.353,28.0
84.613,-10.019,2.924,37.0
84.263,-9.976,2.462,30.0
111.176,-13.176,6.366,15.0
118.809,-14.075,6.165,35.0
84.285,-9.981,3.922,6.0
84.016,-9.945,3.452,33.0
84.702,-10.023,3.026,33.0
84.208,-9.962,2.557,31.0
111.175,-13.166,6.496,17.0
118.757,-14.057,6.301,27.0
137.023,-16.211,6.535,13.0
83.876,-9.919,3.542,31.0
84.626,-10.003,3.121,26.0
84.29,-9.96,2.656,34.0
117.34,-13.881,6.992,11.0
118.8,-14.045,6.441,26.0
118.795,-14.036,5.803,15.0
83.809,-9.897,3.636,34.0
84.214,-9.94,3.202,27.0
84.398,-9.957,2.758,32.0
62.434,-7.374,3.792,2.0
118.634,-14.003,6.569,22.0
118.742,-14.006,5.937,25.0
83.868,-9.887,3.734,33.0
84.016,-9.898,3.291,34.0
84.505,-9.951,2.856,33.0
62.446,-7.362,3.864,12.0
117.52,-13.844,6.64,18.0
118.802,-13.985,6.072,30.0
84.035,-9.885,3.835,15.0
83.93,-9.866,3.38,36.0
84.514,-9.929,2.951,29.0
62.397,-7.339,3.93,15.0
117.933,-13.86,6.794,19.0
118.898,-13.962,6.21,29.0
136.862,-16.059,6.399,16.0
83.92,-9.839,3.472,36.0
84.33,-9.88,3.037,23.0
62.397,-7.319,4.0,5.0
117.765,-13.802,6.914,21.0
118.853,-13.917,6.338,26.0
136.87,-16.013,6.548,17.0
83.89,-9.806,3.563,38.0
83.884,-9.798,3.112,33.0
62.339,-7.29,4.064,12.0
118.942,-13.896,7.113,8.0
118.765,-13.862,6.461,28.0
83.931,-9.787,4.105,10.0
83.899,-9.774,3.653,36.0
83.744,-9.748,3.196,35.0
62.363,-7.268,4.132,16.0
114.313,-13.309,6.957,8.0
118.603,-13.793,6.58,22.0
83.896,-9.747,4.193,19.0
84.006,-9.75,3.745,28.0
83.751,-9.711,3.283,36.0
62.406,-7.245,4.201,9.0
109.845,-12.738,6.801,29.0
114.413,-13.253,6.465,8.0
83.935,-9.711,4.282,25.0
84.228,-9.735,3.843,15.0
83.836,-9.68,3.373,37.0
108.766,-12.576,7.433,36.0
109.85,-12.684,6.914,25.0
114.389,-13.193,6.58,20.0
84.208,-9.7,4.381,21.0
83.9,-9.654,3.912,31.0
83.914,-9.645,3.46,41.0
108.705,-12.511,7.539,41.0
109.556,-12.593,7.003,21.0
114.379,-13.13,6.693,11.0
84.264,-9.66,4.468,17.0
83.836,-9.6,3.991,36.0
84.034,-9.611,3.548,36.0
108.68,-12.447,7.644,40.0
108.948,-12.46,7.071,27.0
109.868,-12.549,6.535,22.0
84.732,-9.664,4.573,22.0
83.846,-9.551,4.072,37.0
84.205,-9.58,3.635,29.0
108.62,-12.374,7.744,39.0
108.924,-12.391,7.174,41.0
109.839,-12.477,6.638,32.0
84.874,-9.627,4.66,22.0
83.863,-9.499,4.151,38.0
84.063,-9.509,3.708,30.0
108.666,-12.309,7.85,26.0
108.873,-12.313,7.272,41.0
109.798,-12.399,6.738,36.0
84.867,-9.569,4.739,17.0
83.913,-9.448,4.231,35.0
83.832,-9.425,3.773,42.0
108.953,-12.267,7.97,9.0
108.877,-12.238,7.372,35.0
109.851,-12.327,6.841,27.0
86.509,-9.692,4.909,10.0
83.941,-9.39,4.308,36.0
83.828,-9.363,3.849,41.0
109.965,-12.299,8.143,11.0
108.972,-12.168,7.475,30.0
110.052,-12.267,6.952,14.0
86.531,-9.629,4.986,14.0
83.858,-9.316,4.377,35.0
83.836,-9.299,3.922,39.0
109.825,-12.198,8.229,19.0
109.11,-12.098,7.579,31.0
109.981,-12.173,7.04,8.0
86.578,-9.565,5.063,15.0
83.792,-9.242,4.445,37.0
83.851,-9.233,3.992,37.0
110.63,-12.199,8.381,9.0
111.425,-12.264,7.833,8.0
113.279,-12.444,7.346,6.0
86.73,-9.51,5.143,13.0
83.763,-9.168,4.512,33.0
83.856,-9.162,4.061,35.0
110.493,-12.091,8.461,7.0
111.469,-12.173,7.927,25.0
111.614,-12.165,7.327,11.0
86.84,-9.447,5.218,14.0
83.83,-9.103,4.581,29.0
83.86,-9.089,4.127,36.0
110.631,-12.008,8.558,14.0
111.768,-12.107,8.035,24.0
111.681,-12.073,7.418,29.0
86.759,-9.36,5.279,14.0
84.091,-9.054,4.659,25.0
84.014,-9.029,4.197,41.0
108.624,-11.69,8.485,20.0
108.996,-11.705,7.917,16.0
111.736,-11.975,7.505,30.0
113.451,-12.133,6.988,6.0
84.372,-9.005,4.736,33.0
84.181,-8.967,4.267,25.0
108.528,-11.577,8.555,35.0
109.016,-11.604,7.996,21.0
111.827,-11.876,7.59,24.0
113.448,-12.023,7.067,8.0
84.358,-8.922,4.793,33.0
84.282,-8.895,4.33,11.0
108.405,-11.456,8.622,34.0
109.03,-11.497,8.072,22.0
112.002,-11.783,7.677,13.0
116.258,-12.203,7.322,5.0
84.289,-8.828,4.847,27.0
84.006,-8.78,4.371,26.0
108.183,-11.322,8.676,40.0
109.14,-11.396,8.151,22.0
109.447,-11.401,7.573,16.0
109.445,-11.375,6.962,20.0
84.2,-8.732,4.894,37.0
83.819,-8.673,4.413,35.0
108.083,-11.199,8.735,29.0
109.005,-11.266,8.209,16.0
109.626,-11.303,7.653,20.0
109.377,-11.25,7.024,28.0
84.512,-8.672,4.964,46.0
82.139,-8.409,4.374,13.0
108.105,-11.082,8.802,38.0
108.724,-11.118,8.253,27.0
109.924,-11.212,7.739,18.0
109.415,-11.133,7.089,38.0
84.834,-8.611,5.031,42.0
82.113,-8.315,4.419,25.0
108.062,-10.958,8.858,44.0
108.843,-11.008,8.322,18.0
109.921,-11.088,7.799,23.0
109.397,-11.007,7.148,42.0
84.073,-8.439,5.03,34.0
82.328,-8.243,4.474,26.0
108.26,-10.852,8.933,35.0
108.933,-10.891,8.385,21.0
109.767,-10.946,7.844,26.0
109.487,-10.889,7.209,18.0
84.391,-8.371,5.092,38.0
83.372,-8.25,4.571,34.0
108.292,-10.728,8.989,34.0
112.514,-11.115,8.717,26.0
109.653,-10.803,7.888,29.0
86.465,-8.495,5.735,21.0
83.751,-8.206,5.093,19.0
83.415,-8.153,4.612,41.0
108.354,-10.602,9.043,38.0
112.206,-10.948,8.743,20.0
109.41,-10.645,7.92,19.0
86.493,-8.393,5.773,17.0
83.419,-8.072,5.107,14.0
83.51,-8.059,4.653,41.0
111.802,-10.8,9.379,18.0
112.319,-10.819,8.798,25.0
110.019,-10.568,8.009,20.0
109.913,-10.527,7.381,16.0
83.441,-7.969,5.142,13.0
83.234,-7.927,4.67,34.0
111.903,-10.67,9.429,22.0
112.058,-10.652,8.82,37.0
110.135,-10.438,8.057,9.0
86.653,-8.188,5.851,8.0
83.559,-7.874,5.179,23.0
83.3,-7.827,4.702,37.0
120.9,-11.37,10.23,9.0
112.216,-10.521,8.871,36.0
112.804,-10.544,8.29,22.0
86.666,-8.076,5.879,12.0
84.6,-7.86,5.271,45.0
83.279,-7.714,4.728,40.0
114.8,-10.644,9.749,2.0
112.497,-10.398,8.926,25.0
112.866,-10.4,8.328,22.0
85.887,-7.89,5.851,19.0
84.207,-7.712,5.269,38.0
83.242,-7.601,4.748,36.0
114.511,-10.465,9.755,9.0
112.528,-10.25,8.958,19.0
112.85,-10.246,8.355,23.0
85.657,-7.752,5.857,18.0
84.363,-7.61,5.3,34.0
83.482,-7.507,4.781,34.0
24.586,-2.213,2.1,10.0
114.499,-10.272,9.142,12.0
112.449,-10.054,8.351,27.0
85.22,-7.594,5.845,22.0
84.541,-7.509,5.328,36.0
83.633,-7.405,4.806,38.0
24.596,-2.179,2.105,44.0
60.594,-5.35,4.849,2.0
121.3,-10.675,9.029,22.0
84.764,-7.434,5.828,23.0
84.635,-7.399,5.348,22.0
83.52,-7.277,4.813,22.0
24.601,-2.145,2.109,74.0
60.614,-5.266,4.859,7.0
121.302,-10.502,9.046,21.0
84.56,-7.296,5.825,9.0
84.685,-7.282,5.361,17.0
84.066,-7.204,4.854,24.0
24.604,-2.109,2.112,67.0
120.986,-10.337,9.712,15.0
118.438,-10.083,8.844,20.0
60.211,-5.108,4.153,3.0
86.585,-7.32,5.489,27.0
83.82,-7.062,4.846,29.0
24.612,-2.074,2.115,48.0
120.916,-10.156,9.713,21.0
118.181,-9.891,8.831,16.0
60.25,-5.024,4.158,4.0
86.368,-7.176,5.478,17.0
83.651,-6.926,4.839,36.0
24.05,-1.992,2.067,21.0
115.353,-9.519,9.268,15.0
60.506,-4.975,4.522,7.0
86.321,-7.072,5.958,12.0
85.744,-6.998,5.438,35.0
83.619,-6.799,4.837,35.0
23.973,-1.95,2.06,51.0
24.116,-1.954,1.937,0.0
60.511,-4.885,4.521,4.0
86.387,-6.947,5.96,23.0
85.741,-6.87,5.435,36.0
83.58,-6.673,4.829,35.0
23.966,-1.913,2.058,53.0
24.067,-1.914,1.931,3.0
115.149,-9.123,8.594,15.0
86.216,-6.805,5.942,18.0
85.7,-6.738,5.425,38.0
83.614,-6.549,4.824,37.0
24.523,-1.299,1.923,67.0
28.416,-1.497,2.066,70.0
28.413,-1.488,1.903,70.0
28.408,-1.479,1.737,70.0
28.411,-1.471,1.575,70.0
28.406,-1.463,1.413,62.0
28.4,-1.458,2.204,13.0
28.418,-1.451,2.042,67.0
28.412,-1.442,1.879,67.0
28.418,-1.434,1.714,66.0
28.408,-1.425,1.551,70.0
28.388,-1.416,1.387,27.0
28.411,-1.413,2.18,61.0
28.415,-1.405,2.017,66.0
28.419,-1.397,1.855,65.0
28.4,-1.387,1.688,68.0
28.416,-1.38,1.526,74.0
86.167,-4.162,4.136,22.0
30.786,-1.482,2.335,63.0
46.65,-2.232,3.269,24.0
28.387,-1.35,1.827,3.0
28.388,-1.342,1.661,7.0
28.384,-1.334,1.498,13.0
163.377,-7.634,7.689,18.0
30.81,-1.434,2.307,46.0
46.621,-2.157,3.223,34.0
164.731,-7.576,10.445,9.0
161.321,-7.375,9.287,35.0
161.219,-7.325,8.356,15.0
169.908,-7.67,7.832,15.0
30.895,-1.389,2.283,43.0
46.617,-2.083,3.177,46.0
163.511,-7.261,10.203,31.0
31.321,-1.382,1.771,10.0
31.325,-1.373,1.592,18.0
28.446,-1.24,1.282,17.0
30.979,-1.345,2.258,39.0
31.179,-1.344,2.093,27.0
28.444,-1.218,1.745,51.0
28.435,-1.21,1.578,56.0
28.417,-1.202,1.414,50.0
28.436,-1.195,1.252,98.0
28.42,-1.189,2.041,72.0
28.415,-1.181,1.876,101.0
28.417,-1.173,1.713,102.0
28.408,-1.164,1.546,99.0
28.432,-1.158,1.384,112.0
28.437,-1.15,1.221,129.0
28.419,-1.144,2.009,117.0
28.416,-1.136,1.845,99.0
28.424,-1.129,1.682,75.0
28.426,-1.121,1.515,66.0
28.435,-1.114,1.352,65.0
28.451,-1.107,1.189,54.0
28.439,-1.102,1.978,63.0
31.225,-1.201,1.992,10.0
31.211,-1.192,1.811,45.0
31.221,-1.184,1.628,66.0
31.257,-1.177,1.45,61.0
31.266,-1.17,1.271,58.0
31.171,-1.16,2.131,55.0
31.203,-1.153,1.953,34.0
31.206,-1.145,1.773,34.0
31.227,-1.137,1.591,25.0
31.283,-1.131,1.414,68.0
31.28,-1.123,1.234,42.0
31.175,-1.113,2.093,25.0
31.248,-1.107,1.917,47.0
31.229,-1.098,1.736,45.0
31.252,-1.091,1.554,41.0
31.305,-1.085,1.376,37.0
38.692,-1.331,1.478,21.0
28.399,-0.971,1.871,81.0
28.38,-0.963,1.706,64.0
28.373,-0.955,1.541,58.0
31.337,-1.048,1.519,33.0
38.625,-1.281,1.649,65.0
38.652,-1.273,1.427,67.0
28.388,-0.928,1.834,72.0
28.382,-0.921,1.669,77.0
28.377,-0.914,1.505,72.0
38.509,-1.23,1.816,60.0
38.639,-1.225,1.599,83.0
38.623,-1.215,1.376,68.0
28.394,-0.887,1.797,87.0
28.384,-0.88,1.632,74.0
38.493,-1.183,1.99,3.0
38.551,-1.176,1.766,63.0
38.636,-1.169,1.547,100.0
38.592,-1.158,1.323,57.0
28.388,-0.846,1.757,79.0
28.385,-0.839,1.593,75.0
38.514,-1.128,1.938,32.0
38.606,-1.122,1.715,74.0
38.627,-1.113,1.493,67.0
38.568,-1.103,1.269,63.0
28.388,-0.805,1.717,74.0
28.383,-0.798,1.552,72.0
38.57,-1.075,1.887,49.0
38.61,-1.067,1.661,74.0
38.659,-1.059,1.44,37.0
38.588,-1.049,1.215,48.0
28.381,-0.765,1.676,75.0
28.376,-0.758,1.511,67.0
38.64,-1.023,1.834,37.0
45.787,-1.202,1.904,10.0
45.71,-1.189,1.636,9.0
38.682,-0.997,1.161,48.0
28.38,-0.725,1.635,74.0
28.376,-0.718,1.469,51.0
45.765,-1.148,2.105,29.0
45.73,-1.137,1.834,5.0
40.427,-0.996,1.387,28.0
38.701,-0.945,1.104,51.0
28.388,-0.686,1.592,76.0
40.41,-0.968,2.031,23.0
40.403,-0.959,1.797,35.0
40.398,-0.949,1.558,37.0
40.396,-0.94,1.325,41.0
40.398,-0.931,1.091,35.0
28.377,-0.648,1.548,72.0
40.403,-0.913,1.969,38.0
40.399,-0.904,1.734,37.0
40.409,-0.896,1.497,31.0
40.423,-0.887,1.263,29.0
40.428,-0.879,1.029,21.0
28.37,-0.61,1.503,65.0
40.444,-0.861,1.908,14.0
45.702,-0.963,1.891,46.0
45.665,-0.953,1.62,55.0
45.74,-0.944,1.357,40.0
38.343,-0.783,0.916,4.0
59.359,-1.2,3.051,24.0
45.711,-0.914,2.083,25.0
45.73,-0.905,1.819,47.0
45.732,-0.895,1.549,41.0
64.317,-1.245,1.805,78.0
193.244,-3.703,4.304,19.0
45.698,-0.865,2.273,50.0
45.767,-0.856,2.011,42.0
64.289,-1.189,2.451,26.0
64.3,-1.176,2.071,78.0
64.339,-1.163,1.699,27.0
191.788,-3.431,3.955,12.0
45.708,-0.807,2.198,66.0
59.259,-1.034,2.505,14.0
64.288,-1.109,2.343,30.0
64.299,-1.097,1.964,78.0
176.611,-2.978,4.371,48.0
176.621,-2.943,3.346,39.0
46.008,-0.756,2.135,49.0
59.175,-0.961,2.401,79.0
59.399,-0.953,2.065,12.0
59.461,-0.942,1.716,28.0
53.507,-0.837,1.233,107.0
20.153,-0.311,0.347,7.0
59.094,-0.9,2.64,34.0
58.905,-0.886,2.289,96.0
53.498,-0.794,1.768,67.0
59.412,-0.87,1.611,66.0
20.149,-0.291,0.429,7.0
20.132,-0.287,0.312,11.0
58.372,-0.82,2.506,160.0
58.369,-0.809,2.166,160.0
53.497,-0.732,1.674,77.0
59.404,-0.801,1.508,15.0
20.128,-0.268,0.394,13.0
20.127,-0.264,0.277,10.0
58.295,-0.753,2.401,255.0
53.517,-0.681,1.892,150.0
53.487,-0.671,1.58,97.0
20.144,-0.249,0.476,10.0
20.131,-0.245,0.358,11.0
20.148,-0.242,0.241,13.0
58.283,-0.688,2.296,242.0
53.484,-0.621,1.795,16.0
53.51,-0.612,1.484,17.0
20.131,-0.227,0.439,17.0
20.167,-0.223,0.323,15.0
64.244,-0.702,0.656,33.0
58.251,-0.625,2.19,255.0
53.504,-0.564,1.7,43.0
20.136,-0.209,0.522,13.0
20.172,-0.205,0.403,22.0
53.392,-0.535,0.757,14.0
53.371,-0.526,0.447,8.0
53.529,-0.517,1.913,150.0
53.48,-0.508,1.6,66.0
20.14,-0.187,0.485,9.0
53.47,-0.489,0.971,17.0
64.372,-0.578,0.794,26.0
20.252,-0.178,0.131,0.0
53.512,-0.461,1.812,126.0
20.177,-0.17,0.565,9.0
20.216,-0.167,0.449,26.0
20.226,-0.164,0.329,19.0
20.216,-0.161,0.211,17.0
20.181,-0.157,0.093,13.0
53.514,-0.408,1.711,49.0
20.173,-0.15,0.527,9.0
20.192,-0.147,0.41,19.0
20.154,-0.144,0.29,15.0
20.154,-0.141,0.173,17.0
20.15,-0.138,0.055,27.0
20.161,-0.134,0.606,15.0
20.124,-0.131,0.488,16.0
20.111,-0.128,0.37,17.0
20.105,-0.125,0.251,18.0
20.123,-0.122,0.134,18.0
20.135,-0.119,0.017,27.0
20.127,-0.115,0.567,17.0
20.129,-0.112,0.45,25.0
20.128,-0.109,0.332,27.0
20.122,-0.106,0.213,22.0
20.133,-0.104,0.096,38.0
20.137,-0.101,-0.021,33.0
20.14,-0.097,0.528,22.0
20.117,-0.094,0.41,30.0
20.113,-0.091,0.293,26.0
20.128,-0.089,0.174,26.0
20.129,-0.086,0.056,36.0
20.141,-0.083,-0.06,32.0
20.137,-0.08,0.489,26.0
20.115,-0.077,0.371,32.0
20.122,-0.074,0.253,26.0
20.107,-0.071,0.134,32.0
20.135,-0.069,0.017,37.0
20.144,-0.066,-0.099,31.0
20.131,-0.063,0.449,31.0
20.114,-0.06,0.331,29.0
20.118,-0.058,0.214,29.0
20.118,-0.055,0.095,39.0
20.127,-0.052,-0.022,37.0
20.152,-0.05,-0.139,33.0
20.133,-0.047,0.409,28.0
20.12,-0.044,0.291,26.0
20.11,-0.042,0.173,35.0
20.129,-0.039,0.054,39.0
20.146,-0.037,-0.062,29.0
20.175,-0.034,-0.18,21.0
20.127,-0.032,0.368,30.0
20.129,-0.029,0.251,27.0
20.12,-0.027,0.133,30.0
20.109,-0.024,0.014,18.0
20.177,-0.022,-0.103,22.0
20.198,-0.019,-0.221,2.0
20.119,-0.017,0.328,29.0
20.116,-0.015,0.21,28.0
20.135,-0.012,0.093,30.0
20.205,-0.01,-0.026,19.0
20.22,-0.008,-0.144,17.0
20.228,-0.005,-0.262,14.0
20.131,-0.003,0.287,27.0
20.131,-0.001,0.17,27.0
20.231,0.001,0.052,151.0
20.256,0.003,-0.067,151.0
20.264,0.005,-0.186,151.0
20.266,0.007,-0.304,150.0
20.13,0.009,0.246,28.0
20.129,0.012,0.128,28.0
20.249,0.014,0.011,152.0
20.257,0.016,-0.108,151.0
20.268,0.018,-0.227,151.0
20.259,0.02,-0.345,150.0
20.13,0.022,0.205,29.0
20.157,0.024,0.087,24.0
20.269,0.026,-0.03,150.0
20.26,0.028,-0.15,150.0
20.27,0.03,-0.269,65.0
20.257,0.032,-0.387,29.0
20.141,0.034,0.163,27.0
20.25,0.036,0.045,11.0
20.244,0.038,-0.072,12.0
20.233,0.04,-0.192,33.0
20.231,0.042,-0.31,1.0
20.227,0.044,-0.428,0.0
20.15,0.045,0.121,29.0
20.209,0.047,0.003,24.0
20.225,0.049,-0.114,24.0
20.23,0.051,-0.234,0.0
20.316,0.053,-0.354,0.0
20.156,0.054,-0.469,0.0
20.194,0.055,0.079,26.0
20.213,0.057,-0.038,33.0
20.209,0.059,-0.156,25.0
20.372,0.061,-0.278,0.0
40.204,0.125,-0.784,1.0
33.242,0.106,-0.843,3.0
20.207,0.065,0.038,34.0
20.202,0.067,-0.08,27.0
20.187,0.068,-0.198,14.0
0.0,0.0,0.0,0.0
37.974,0.135,-0.82,0.0
31.489,0.114,-0.865,2.0
20.195,0.074,-0.004,30.0
20.197,0.075,-0.122,29.0
20.207,0.077,-0.24,11.0
41.629,0.162,-0.743,0.0
0.0,0.0,0.0,0.0
29.9,0.121,-0.883,0.0
20.196,0.082,-0.046,34.0
20.199,0.084,-0.164,28.0
20.206,0.085,-0.283,12.0
0.0,0.0,0.0,0.0
33.047,0.144,-0.853,0.0
21.677,0.096,-0.686,31.0
20.187,0.089,-0.089,31.0
20.208,0.091,-0.207,22.0
20.207,0.092,-0.325,8.0
0.0,0.0,0.0,0.0
21.659,0.102,-0.604,0.0
21.633,0.103,-0.73,157.0
20.19,0.096,-0.131,34.0
20.196,0.097,-0.25,25.0
20.221,0.099,-0.368,1.0
0.0,0.0,0.0,0.0
21.663,0.108,-0.65,17.0
21.611,0.109,-0.775,160.0
20.189,0.102,-0.174,27.0
20.204,0.103,-0.293,24.0
20.357,0.105,-0.414,0.0
32.549,0.17,-0.856,0.0
21.675,0.114,-0.697,152.0
21.655,0.115,-0.823,150.0
20.196,0.107,-0.217,29.0
20.192,0.108,-0.335,19.0
0.0,0.0,0.0,0.0
21.656,0.118,-0.615,7.0
21.617,0.119,-0.74,166.0
21.633,0.12,-0.868,150.0
20.191,0.111,-0.26,28.0
20.191,0.112,-0.377,9.0
33.071,0.186,-0.812,0.0
21.684,0.123,-0.662,72.0
21.613,0.123,-0.786,160.0
21.565,0.124,-0.911,42.0
20.205,0.115,-0.303,28.0
20.184,0.116,-0.42,0.0
32.641,0.189,-0.871,0.0
21.606,0.126,-0.705,159.0
21.65,0.127,-0.833,101.0
18.555,0.109,-0.823,30.0
20.216,0.118,-0.345,27.0
20.189,0.118,-0.463,0.0
21.674,0.128,-0.624,43.0
21.589,0.128,-0.75,179.0
21.582,0.129,-0.876,50.0
18.541,0.111,-0.861,15.0
20.203,0.12,-0.387,10.0
33.066,0.197,-0.828,0.0
21.684,0.13,-0.669,150.0
21.644,0.13,-0.797,155.0
18.557,0.112,-0.792,152.0
18.519,0.112,-0.899,33.0
20.209,0.121,-0.43,0.0
21.636,0.13,-0.587,0.0
21.613,0.131,-0.712,165.0
21.607,0.131,-0.841,56.0
18.536,0.113,-0.83,15.0
18.464,0.113,-0.935,7.0
20.185,0.121,-0.471,0.0
21.689,0.131,-0.633,71.0
21.58,0.131,-0.756,177.0
21.573,0.131,-0.885,31.0
18.552,0.113,-0.87,21.0
18.477,0.113,-0.974,1.0
32.921,0.198,-0.838,0.0
21.684,0.131,-0.678,152.0
21.669,0.131,-0.805,153.0
18.571,0.112,-0.8,151.0
18.508,0.112,-0.906,41.0
16.94,0.103,-0.928,0.0
21.694,0.129,-0.596,5.0
21.62,0.129,-0.721,174.0
21.604,0.129,-0.847,75.0
18.537,0.111,-0.837,9.0
18.456,0.11,-0.942,2.0
16.438,0.098,-0.935,0.0
21.697,0.127,-0.642,80.0
21.585,0.127,-0.764,166.0
21.569,0.126,-0.89,56.0
18.519,0.109,-0.874,14.0
18.439,0.108,-0.978,0.0
16.007,0.094,-0.943,0.0
21.683,0.124,-0.685,153.0
21.666,0.124,-0.811,151.0
21.57,0.124,-0.934,0.0
18.503,0.106,-0.911,27.0
16.845,0.096,-0.929,0.0
15.393,0.088,-0.939,0.0
21.625,0.12,-0.728,166.0
21.648,0.12,-0.855,150.0
18.565,0.103,-0.842,7.0
18.427,0.102,-0.945,1.0
16.29,0.09,-0.931,0.0
14.923,0.082,-0.94,0.0
21.621,0.116,-0.771,160.0
21.617,0.116,-0.897,151.0
18.534,0.099,-0.878,8.0
17.887,0.095,-0.953,0.0
15.915,0.084,-0.942,0.0
14.548,0.077,-0.946,0.0
21.669,0.111,-0.816,100.0
0.0,0.0,0.0,0.0
18.501,0.094,-0.913,23.0
16.793,0.085,-0.929,0.0
15.381,0.078,-0.941,0.0
14.262,0.072,-0.956,0.0
21.658,0.105,-0.859,87.0
0.0,0.0,0.0,0.0
18.329,0.088,-0.941,0.0
16.2,0.077,-0.928,0.0
14.894,0.071,-0.941,0.0
13.727,0.065,-0.948,0.0
21.613,0.098,-0.9,150.0
21.658,0.098,-1.028,1.0
21.712,0.098,-1.158,0.0
15.886,0.071,-0.942,0.0
14.556,0.064,-0.948,0.0
13.341,0.058,-0.947,0.0
20.781,0.087,-0.906,20.0
18.504,0.077,-0.915,6.0
16.771,0.069,-0.927,0.0
15.365,0.063,-0.941,0.0
14.167,0.057,-0.95,0.0
13.054,0.052,-0.952,0.0
20.246,0.078,-0.922,7.0
18.058,0.068,-0.928,0.0
16.271,0.061,-0.931,0.0
14.875,0.055,-0.94,0.0
13.721,0.05,-0.947,0.0
12.672,0.046,-0.949,0.0
18.618,0.064,-0.883,0.0
17.218,0.058,-0.917,0.0
15.872,0.053,-0.939,0.0
14.54,0.047,-0.946,0.0
13.33,0.043,-0.946,0.0
12.34,0.039,-0.948,0.0
18.565,0.055,-0.916,1.0
16.787,0.049,-0.926,0.0
15.378,0.044,-0.938,0.0
13.083,0.036,-0.953,0.0
12.057,0.032,-0.949,0.0
18.114,0.045,-0.928,0.0
16.326,0.04,-0.932,0.0
14.931,0.035,-0.939,0.0
20.213,0.047,-1.392,0.0
12.692,0.028,-0.948,0.0
11.673,0.025,-0.941,0.0
20.224,0.04,-1.074,0.0
15.885,0.03,-0.936,0.0
14.574,0.027,-0.944,0.0
13.386,0.024,-0.946,0.0
12.41,0.021,-0.95,0.0
11.48,0.019,-0.946,0.0
16.836,0.024,-0.925,0.0
15.415,0.021,-0.936,0.0
20.252,0.026,-1.349,1.0
13.07,0.016,-0.948,0.0
12.085,0.014,-0.947,0.0
11.139,0.012,-0.938,0.0
16.435,0.014,-0.932,0.0
15.006,0.011,-0.939,0.0
12.689,0.008,-0.943,0.0
11.73,0.006,-0.941,0.0
20.274,0.009,-1.746,0.0
16.028,0.003,-0.938,0.0
14.627,0.002,-0.941,0.0
12.445,0.0,-0.947,0.0
11.523,0.0,-0.945,0.0
10.752,-0.001,-0.945,0.0
15.507,-0.006,-0.935,0.0
13.158,-0.007,-0.947,0.0
12.135,-0.007,-0.945,0.0
10.573,-0.008,-0.947,0.0
15.096,-0.016,-0.936,0.0
12.84,-0.016,-0.946,0.0
11.895,-0.015,-0.947,0.0
10.365,-0.015,-0.947,0.0
14.679,-0.026,-0.935,0.0
12.543,-0.024,-0.945,0.0
11.613,-0.023,-0.944,0.0
10.814,-0.023,-0.942,0.0
10.202,-0.023,-0.949,0.0
12.269,-0.033,-0.945,0.0
11.349,-0.031,-0.942,0.0
10.665,-0.031,-0.947,0.0
9.963,-0.03,-0.943,0.0
13.023,-0.044,-0.948,0.0
12.033,-0.042,-0.947,0.0
11.2,-0.04,-0.948,0.0
10.448,-0.038,-0.945,0.0
9.795,-0.037,-0.943,0.0
12.702,-0.053,-0.946,0.0
11.78,-0.05,-0.946,0.0
10.954,-0.048,-0.945,0.0
10.279,-0.046,-0.946,0.0
9.651,-0.044,-0.945,0.0
13.414,-0.065,-0.942,0.0
12.485,-0.062,-0.949,0.0
11.543,-0.059,-0.945,0.0
10.767,-0.056,-0.945,0.0
10.103,-0.054,-0.946,0.0
9.45,-0.051,-0.94,0.0
13.164,-0.075,-0.945,0.0
12.207,-0.071,-0.947,0.0
11.242,-0.067,-0.938,0.0
10.553,-0.064,-0.943,0.0
9.939,-0.061,-0.946,0.0
9.341,-0.059,-0.944,0.0
12.911,-0.085,-0.946,0.0
11.959,-0.08,-0.946,0.0
11.114,-0.076,-0.944,0.0
10.408,-0.072,-0.945,0.0
9.788,-0.069,-0.946,0.0
9.194,-0.066,-0.943,0.0
12.643,-0.094,-0.945,0.0
11.711,-0.089,-0.943,0.0
11.015,-0.085,-0.951,0.0
10.252,-0.08,-0.946,0.0
9.633,-0.077,-0.945,0.0
9.057,-0.073,-0.942,0.0
12.411,-0.104,-0.946,0.0
11.5,-0.098,-0.943,0.0
10.724,-0.093,-0.942,0.0
10.075,-0.089,-0.945,0.0
9.466,-0.084,-0.943,0.0
8.95,-0.081,-0.944,0.0
12.217,-0.114,-0.948,0.0
11.317,-0.107,-0.944,0.0
10.553,-0.101,-0.942,0.0
9.932,-0.097,-0.945,0.0
9.339,-0.092,-0.943,0.0
8.799,-0.088,-0.94,0.0
11.936,-0.123,-0.943,0.0
10.387,-0.11,-0.941,0.0
9.799,-0.105,-0.946,0.0
9.197,-0.1,-0.941,0.0
8.686,-0.096,-0.94,0.0
11.734,-0.133,-0.943,0.0
10.251,-0.119,-0.943,0.0
9.624,-0.113,-0.942,0.0
9.059,-0.108,-0.939,0.0
8.601,-0.104,-0.942,0.0
11.572,-0.143,-0.945,0.0
10.764,-0.134,-0.941,0.0
10.102,-0.127,-0.942,0.0
9.491,-0.121,-0.941,0.0
8.97,-0.116,-0.942,0.0
8.484,-0.111,-0.94,0.0
11.334,-0.151,-0.94,0.0
10.63,-0.144,-0.943,0.0
9.993,-0.137,-0.944,0.0
9.397,-0.13,-0.944,0.0
8.85,-0.124,-0.94,0.0
8.383,-0.118,-0.939,0.0
11.193,-0.161,-0.942,0.0
10.498,-0.153,-0.944,0.0
9.866,-0.145,-0.944,0.0
9.296,-0.138,-0.945,0.0
8.744,-0.132,-0.939,0.0
8.288,-0.126,-0.939,0.0
11.086,-0.171,-0.946,0.0
10.367,-0.162,-0.944,0.0
9.738,-0.154,-0.944,0.0
9.145,-0.146,-0.94,0.0
8.664,-0.14,-0.941,0.0
8.199,-0.134,-0.938,0.0
10.931,-0.181,-0.945,0.0
10.264,-0.172,-0.947,0.0
9.608,-0.162,-0.942,0.0
9.05,-0.154,-0.941,0.0
8.568,-0.148,-0.94,0.0
8.142,-0.142,-0.941,0.0
10.808,-0.191,-0.946,0.0
10.134,-0.181,-0.946,0.0
9.52,-0.171,-0.944,0.0
8.941,-0.162,-0.939,0.0
8.465,-0.155,-0.938,0.0
8.052,-0.149,-0.939,0.0
10.682,-0.201,-0.947,0.0
10.006,-0.19,-0.945,0.0
9.407,-0.18,-0.943,0.0
8.868,-0.171,-0.941,0.0
8.378,-0.163,-0.937,0.0
7.994,-0.157,-0.941,0.0
10.527,-0.21,-0.944,0.0
9.917,-0.199,-0.946,0.0
9.299,-0.188,-0.941,0.0
8.765,-0.179,-0.939,0.0
8.35,-0.172,-0.943,0.0
7.897,-0.164,-0.937,0.0
10.439,-0.22,-0.946,0.0
9.785,-0.208,-0.943,0.0
9.197,-0.197,-0.94,0.0
8.705,-0.188,-0.941,0.0
8.253,-0.18,-0.94,0.0
7.846,-0.172,-0.939,0.0
10.329,-0.229,-0.946,0.0
9.678,-0.217,-0.942,0.0
9.119,-0.206,-0.94,0.0
8.626,-0.196,-0.94,0.0
8.201,-0.188,-0.941,0.0
7.802,-0.181,-0.941,0.0
10.229,-0.239,-0.946,0.0
9.59,-0.226,-0.942,0.0
9.074,-0.215,-0.943,0.0
8.554,-0.205,-0.94,0.0
8.129,-0.196,-0.94,0.0
7.751,-0.189,-0.941,0.0
10.14,-0.249,-0.946,0.0
9.507,-0.235,-0.942,0.0
8.951,-0.223,-0.938,0.0
8.492,-0.213,-0.94,0.0
8.068,-0.204,-0.94,0.0
7.685,-0.196,-0.94,0.0
10.046,-0.259,-0.946,0.0
9.448,-0.245,-0.944,0.0
8.872,-0.232,-0.937,0.0
8.419,-0.222,-0.939,0.0
7.998,-0.212,-0.938,0.0
7.651,-0.205,-0.942,0.0
9.945,-0.268,-0.944,0.0
9.369,-0.254,-0.943,0.0
8.802,-0.241,-0.937,0.0
8.329,-0.23,-0.935,0.0
7.971,-0.221,-0.941,0.0
7.6,-0.213,-0.941,0.0
9.899,-0.279,-0.947,0.0
9.319,-0.264,-0.945,0.0
8.776,-0.251,-0.94,0.0
8.309,-0.239,-0.939,0.0
7.905,-0.229,-0.939,0.0
7.549,-0.22,-0.94,0.0
9.819,-0.289,-0.946,0.0
9.243,-0.273,-0.943,0.0
8.69,-0.259,-0.937,0.0
8.272,-0.248,-0.94,0.0
7.871,-0.238,-0.94,0.0
7.531,-0.229,-0.943,0.0
9.753,-0.299,-0.946,0.0
9.215,-0.284,-0.946,0.0
8.675,-0.269,-0.941,0.0
8.224,-0.257,-0.94,0.0
7.819,-0.246,-0.938,0.0
7.508,-0.238,-0.944,0.0
9.679,-0.308,-0.944,0.0
9.142,-0.293,-0.944,0.0
8.615,-0.278,-0.939,0.0
8.176,-0.266,-0.939,0.0
7.787,-0.255,-0.939,0.0
7.474,-0.246,-0.944,0.0
9.626,-0.319,-0.944,0.0
9.068,-0.302,-0.941,0.0
8.574,-0.287,-0.939,0.0
8.097,-0.273,-0.934,0.0
7.765,-0.264,-0.94,0.0
7.407,-0.253,-0.94,0.0
9.61,-0.33,-0.948,0.0
9.022,-0.312,-0.941,0.0
8.509,-0.296,-0.936,0.0
8.08,-0.283,-0.936,0.0
7.75,-0.273,-0.942,0.0
7.437,-0.263,-0.947,0.0
9.566,-0.34,-0.948,0.0
8.998,-0.322,-0.943,0.0
8.493,-0.306,-0.938,0.0
8.072,-0.292,-0.939,0.0
7.715,-0.281,-0.941,0.0
7.371,-0.27,-0.942,0.0
9.534,-0.351,-0.949,0.0
8.958,-0.332,-0.942,0.0
8.508,-0.317,-0.943,0.0
8.035,-0.301,-0.938,0.0
7.707,-0.291,-0.944,0.0
7.359,-0.279,-0.943,0.0
9.484,-0.361,-0.947,0.0
8.911,-0.341,-0.941,0.0
8.454,-0.325,-0.94,0.0
7.982,-0.309,-0.934,0.0
7.679,-0.299,-0.943,0.0
7.343,-0.288,-0.944,0.0
9.447,-0.371,-0.946,0.0
8.88,-0.351,-0.94,0.0
8.44,-0.335,-0.941,0.0
8.011,-0.32,-0.94,0.0
7.665,-0.308,-0.943,0.0
7.336,-0.296,-0.945,0.0
9.415,-0.382,-0.946,0.0
8.874,-0.362,-0.942,0.0
8.416,-0.345,-0.941,0.0
7.979,-0.329,-0.938,0.0
7.644,-0.317,-0.942,0.0
7.325,-0.305,-0.945,0.0
9.397,-0.392,-0.946,0.0
8.848,-0.371,-0.941,0.0
8.371,-0.353,-0.938,0.0
7.959,-0.338,-0.938,0.0
7.654,-0.327,-0.945,0.0
7.303,-0.313,-0.944,0.0
9.404,-0.404,-0.949,0.0
8.838,-0.382,-0.942,0.0
8.357,-0.363,-0.938,0.0
7.987,-0.349,-0.942,0.0
7.646,-0.336,-0.945,0.0
7.313,-0.323,-0.946,0.0
9.371,-0.414,-0.947,0.0
8.825,-0.392,-0.941,0.0
8.338,-0.372,-0.937,0.0
7.943,-0.357,-0.938,0.0
7.604,-0.343,-0.941,0.0
7.273,-0.33,-0.942,0.0
9.36,-0.425,-0.947,0.0
8.823,-0.403,-0.942,0.0
8.339,-0.383,-0.937,0.0
7.96,-0.367,-0.941,0.0
7.593,-0.352,-0.94,0.0
7.305,-0.34,-0.946,0.0
9.358,-0.437,-0.947,0.0
8.819,-0.413,-0.942,0.0
8.329,-0.392,-0.936,0.0
7.937,-0.376,-0.938,0.0
7.626,-0.363,-0.945,0.0
7.292,-0.349,-0.945,0.0
9.348,-0.447,-0.946,0.0
8.847,-0.425,-0.945,0.0
8.333,-0.402,-0.937,0.0
7.963,-0.386,-0.941,0.0
7.643,-0.373,-0.946,0.0
7.298,-0.358,-0.945,0.0
9.366,-0.459,-0.947,0.0
8.86,-0.436,-0.946,0.0
8.363,-0.414,-0.94,0.0
7.945,-0.395,-0.938,0.0
7.583,-0.379,-0.939,0.0
7.305,-0.367,-0.945,0.0
9.388,-0.471,-0.949,0.0
8.846,-0.446,-0.944,0.0
8.359,-0.423,-0.939,0.0
7.947,-0.404,-0.938,0.0
7.64,-0.391,-0.945,0.0
7.312,-0.376,-0.945,0.0
9.391,-0.482,-0.948,0.0
8.85,-0.457,-0.943,0.0
8.363,-0.433,-0.938,0.0
7.965,-0.415,-0.939,0.0
7.649,-0.4,-0.945,0.0
7.324,-0.385,-0.946,0.0
9.407,-0.494,-0.948,0.0
8.889,-0.469,-0.945,0.0
8.407,-0.445,-0.941,0.0
7.992,-0.425,-0.94,0.0
7.656,-0.409,-0.944,0.0
7.337,-0.394,-0.946,0.0
9.454,-0.507,-0.95,0.0
8.903,-0.48,-0.945,0.0
8.417,-0.455,-0.94,0.0
7.985,-0.434,-0.937,0.0
7.681,-0.419,-0.945,0.0
7.336,-0.402,-0.944,0.0
9.482,-0.52,-0.951,0.0
8.916,-0.49,-0.944,0.0
8.448,-0.467,-0.941,0.0
8.03,-0.445,-0.941,0.0
7.682,-0.428,-0.943,0.0
7.376,-0.412,-0.947,0.0
9.521,-0.532,-0.952,0.0
8.984,-0.504,-0.948,0.0
8.481,-0.478,-0.942,0.0
8.039,-0.455,-0.939,0.0
7.711,-0.438,-0.944,0.0
7.393,-0.422,-0.946,0.0
9.553,-0.544,-0.952,0.0
8.987,-0.514,-0.945,0.0
8.509,-0.489,-0.942,0.0
8.069,-0.465,-0.94,0.0
7.732,-0.447,-0.943,0.0
7.389,-0.429,-0.943,0.0
9.605,-0.558,-0.953,0.0
9.066,-0.528,-0.95,0.0
8.544,-0.5,-0.943,0.0
8.119,-0.477,-0.942,0.0
7.761,-0.457,-0.944,0.0
7.431,-0.44,-0.945,0.0
9.638,-0.57,-0.952,0.0
9.097,-0.54,-0.949,0.0
8.579,-0.511,-0.943,0.0
8.114,-0.485,-0.938,0.0
7.814,-0.469,-0.946,0.0
7.456,-0.449,-0.945,0.0
9.701,-0.583,-0.954,0.0
9.172,-0.553,-0.953,0.0
8.629,-0.523,-0.944,0.0
8.183,-0.497,-0.941,0.0
7.828,-0.477,-0.944,0.0
7.476,-0.458,-0.943,0.0
9.741,-0.595,-0.953,0.0
9.183,-0.563,-0.949,0.0
8.681,-0.534,-0.945,0.0
8.232,-0.508,-0.943,0.0
7.861,-0.487,-0.944,0.0
7.507,-0.467,-0.943,0.0
9.828,-0.611,-0.956,0.0
9.237,-0.576,-0.949,0.0
8.744,-0.547,-0.947,0.0
8.275,-0.519,-0.943,0.0
7.926,-0.499,-0.947,0.0
7.571,-0.478,-0.947,0.0
9.879,-0.623,-0.955,0.0
9.328,-0.59,-0.953,0.0
8.806,-0.559,-0.948,0.0
8.287,-0.528,-0.939,0.0
7.943,-0.508,-0.944,0.0
7.617,-0.488,-0.947,0.0
9.933,-0.636,-0.954,0.0
9.39,-0.603,-0.953,0.0
8.86,-0.571,-0.948,0.0
8.373,-0.541,-0.943,0.0
7.991,-0.518,-0.944,0.0
7.624,-0.496,-0.943,0.0
10.021,-0.651,-0.955,0.0
9.463,-0.617,-0.954,0.0
8.913,-0.582,-0.948,0.0
8.431,-0.553,-0.944,0.0
8.026,-0.528,-0.943,0.0
7.673,-0.506,-0.944,0.0
10.101,-0.665,-0.956,0.0
9.532,-0.629,-0.954,0.0
8.995,-0.596,-0.95,0.0
8.507,-0.565,-0.946,0.0
8.085,-0.539,-0.944,0.0
7.749,-0.518,-0.947,0.0
10.169,-0.678,-0.955,0.0
9.61,-0.643,-0.955,0.0
9.085,-0.609,-0.952,0.0
8.593,-0.578,-0.949,0.0
8.13,-0.549,-0.942,0.0
7.786,-0.527,-0.946,0.0
10.274,-0.694,-0.956,0.0
9.712,-0.658,-0.957,0.0
9.133,-0.62,-0.95,0.0
8.597,-0.585,-0.942,0.0
8.21,-0.561,-0.945,0.0
7.856,-0.538,-0.947,0.0
10.368,-0.709,-0.957,0.0
9.811,-0.672,-0.959,0.0
9.218,-0.633,-0.951,0.0
8.745,-0.602,-0.951,0.0
8.269,-0.571,-0.945,0.0
7.895,-0.547,-0.945,0.0
10.483,-0.725,-0.958,0.0
9.902,-0.686,-0.959,0.0
9.336,-0.649,-0.955,0.0
8.817,-0.614,-0.951,0.0
8.347,-0.583,-0.946,0.0
7.958,-0.557,-0.946,0.0
10.588,-0.74,-0.958,0.0
10.0,-0.7,-0.959,0.0
9.424,-0.662,-0.955,0.0
8.887,-0.626,-0.95,0.0
8.413,-0.594,-0.946,0.0
8.026,-0.568,-0.946,0.0
10.672,-0.753,-0.956,0.0
10.074,-0.713,-0.957,0.0
9.519,-0.675,-0.956,0.0
8.978,-0.638,-0.952,0.0
8.508,-0.606,-0.948,0.0
8.066,-0.576,-0.943,0.0
10.763,-0.767,-0.954,0.0
10.178,-0.727,-0.957,0.0
9.635,-0.69,-0.958,0.0
9.067,-0.651,-0.952,0.0
8.608,-0.619,-0.951,0.0
8.14,-0.587,-0.943,0.0
10.942,-0.787,-0.959,0.0
10.273,-0.74,-0.956,0.0
9.746,-0.704,-0.96,0.0
9.18,-0.665,-0.955,0.0
8.699,-0.631,-0.952,0.0
8.232,-0.599,-0.946,0.0
11.034,-0.8,-0.956,0.0
10.394,-0.756,-0.956,0.0
9.846,-0.717,-0.959,0.0
9.297,-0.679,-0.957,0.0
8.782,-0.642,-0.951,0.0
8.338,-0.611,-0.949,0.0
11.201,-0.819,-0.958,0.0
10.518,-0.771,-0.956,0.0
9.965,-0.732,-0.96,0.0
9.405,-0.692,-0.958,0.0
8.877,-0.654,-0.952,0.0
8.414,-0.621,-0.948,0.0
11.399,-0.84,-0.963,0.0
10.627,-0.784,-0.955,0.0
10.06,-0.744,-0.958,0.0
9.511,-0.705,-0.958,0.0
8.972,-0.666,-0.952,0.0
8.52,-0.634,-0.95,0.0
11.533,-0.856,-0.961,0.0
10.751,-0.799,-0.954,0.0
10.203,-0.76,-0.96,0.0
9.691,-0.723,-0.965,0.0
9.136,-0.683,-0.959,0.0
8.618,-0.645,-0.952,0.0
11.694,-0.873,-0.961,0.0
10.924,-0.817,-0.956,0.0
10.341,-0.775,-0.961,0.0
9.771,-0.733,-0.962,0.0
9.234,-0.694,-0.958,0.0
8.73,-0.657,-0.953,0.0
11.893,-0.893,-0.963,0.0
11.092,-0.835,-0.958,0.0
10.496,-0.791,-0.963,0.0
9.909,-0.748,-0.963,0.0
9.343,-0.706,-0.958,0.0
8.813,-0.667,-0.952,0.0
12.068,-0.911,-0.963,0.0
11.302,-0.855,-0.962,0.0
10.597,-0.803,-0.959,0.0
10.012,-0.76,-0.961,0.0
9.487,-0.721,-0.962,0.0
8.948,-0.681,-0.955,0.0
12.29,-0.933,-0.965,0.0
11.476,-0.872,-0.963,0.0
10.767,-0.819,-0.961,0.0
10.17,-0.775,-0.963,0.0
9.616,-0.734,-0.963,0.0
9.084,-0.694,-0.958,0.0
12.542,-0.956,-0.969,0.0
11.649,-0.889,-0.963,0.0
10.986,-0.84,-0.967,0.0
10.24,-0.784,-0.957,0.0
9.755,-0.747,-0.964,0.0
9.205,-0.706,-0.959,0.0
12.742,-0.975,-0.969,0.0
11.851,-0.908,-0.964,0.0
11.063,-0.849,-0.959,0.0
10.417,-0.8,-0.96,0.0
9.88,-0.76,-0.963,0.0
9.33,-0.718,-0.96,0.0
12.953,-0.995,-0.968,0.0
12.043,-0.926,-0.964,0.0
11.242,-0.865,-0.96,0.0
10.532,-0.811,-0.957,0.0
9.991,-0.77,-0.961,0.0
9.446,-0.729,-0.959,0.0
13.16,-1.013,-0.966,0.0
12.288,-0.947,-0.967,0.0
11.472,-0.885,-0.964,0.0
10.718,-0.828,-0.959,0.0
10.188,-0.788,-0.966,0.0
9.575,-0.741,-0.959,0.0
14.079,-1.087,-1.014,0.0
12.49,-0.965,-0.966,0.0
11.695,-0.904,-0.967,0.0
10.905,-0.844,-0.961,0.0
10.334,-0.8,-0.966,0.0
9.768,-0.757,-0.965,0.0
14.005,-1.083,-0.99,0.0
12.745,-0.986,-0.969,0.0
11.91,-0.922,-0.968,0.0
11.081,-0.859,-0.961,0.0
10.455,-0.811,-0.963,0.0
9.869,-0.766,-0.961,0.0
14.146,-1.095,-0.98,0.0
12.971,-1.005,-0.968,0.0
12.152,-0.942,-0.971,0.0
11.285,-0.875,-0.963,0.0
10.637,-0.826,-0.964,0.0
10.046,-0.78,-0.964,0.0
14.256,-1.104,-0.968,1.0
13.277,-1.029,-0.972,0.0
12.326,-0.956,-0.968,0.0
11.505,-0.893,-0.966,0.0
10.793,-0.838,-0.963,0.0
10.203,-0.792,-0.965,0.0
14.252,-1.104,-0.948,1.0
14.043,-1.088,-1.008,0.0
12.552,-0.973,-0.968,0.0
11.699,-0.907,-0.965,0.0
10.988,-0.853,-0.965,0.0
10.328,-0.802,-0.962,0.0
14.246,-1.103,-0.927,1.0
14.082,-1.091,-0.991,0.0
12.794,-0.991,-0.968,0.0
11.936,-0.925,-0.967,0.0
11.149,-0.865,-0.963,0.0
10.566,-0.82,-0.969,0.0
14.256,-1.103,-0.907,1.0
14.213,-1.1,-0.979,0.0
13.026,-1.008,-0.966,0.0
12.224,-0.946,-0.973,0.0
11.381,-0.881,-0.966,0.0
10.685,-0.828,-0.964,0.0
14.261,-1.102,-0.886,1.0
14.255,-1.101,-0.961,1.0
13.962,-1.079,-1.015,0.0
12.437,-0.961,-0.971,0.0
11.626,-0.899,-0.97,0.0
10.846,-0.839,-0.962,0.0
14.294,-1.102,-0.867,1.0
14.26,-1.1,-0.94,1.0
13.975,-1.078,-0.995,0.0
12.689,-0.978,-0.972,0.0
11.838,-0.913,-0.969,0.0
11.085,-0.855,-0.967,0.0
14.409,-1.108,-0.852,0.0
14.272,-1.098,-0.92,1.0
14.098,-1.084,-0.983,0.0
12.935,-0.994,-0.971,0.0
12.028,-0.925,-0.967,0.0
11.251,-0.865,-0.964,0.0
14.693,-1.127,-0.847,0.0
14.266,-1.094,-0.898,1.0
14.266,-1.093,-0.973,1.0
13.093,-1.003,-0.963,0.0
12.375,-0.948,-0.976,0.0
11.492,-0.88,-0.967,0.0
15.054,-1.15,-0.845,1.0
14.285,-1.091,-0.877,1.0
14.277,-1.09,-0.952,1.0
14.005,-1.069,-1.009,0.0
12.601,-0.961,-0.974,0.0
11.719,-0.894,-0.968,0.0
15.298,-1.164,-0.835,1.0
14.364,-1.092,-0.86,1.0
14.298,-1.087,-0.931,1.0
13.978,-1.062,-0.986,0.0
12.846,-0.975,-0.973,0.0
11.973,-0.909,-0.97,0.0
15.553,-1.177,-0.825,1.0
14.648,-1.108,-0.854,1.0
14.302,-1.081,-0.909,1.0
14.223,-1.075,-0.981,0.0
13.078,-0.988,-0.971,0.0
12.257,-0.925,-0.974,0.0
15.805,-1.19,-0.814,1.0
14.911,-1.122,-0.846,0.0
14.336,-1.078,-0.889,1.0
14.32,-1.076,-0.965,1.0
14.089,-1.058,-1.024,0.0
12.513,-0.939,-0.975,0.0
16.189,-1.211,-0.809,1.0
15.23,-1.139,-0.841,1.0
14.349,-1.072,-0.868,1.0
14.33,-1.069,-0.944,1.0
13.827,-1.031,-0.983,0.0
12.765,-0.951,-0.975,0.0
16.624,-1.236,-0.805,1.0
15.439,-1.146,-0.829,1.0
14.524,-1.077,-0.856,0.0
14.366,-1.065,-0.924,1.0
14.243,-1.055,-0.991,0.0
12.971,-0.959,-0.971,0.0
17.133,-1.264,-0.803,7.0
15.771,-1.163,-0.822,0.0
14.793,-1.089,-0.849,0.0
14.379,-1.058,-0.902,1.0
14.38,-1.057,-0.978,0.0
14.301,-1.05,-1.048,0.0
17.231,-1.262,-0.781,7.0
16.104,-1.178,-0.815,1.0
15.163,-1.107,-0.847,1.0
14.412,-1.051,-0.882,1.0
14.415,-1.05,-0.958,1.0
13.856,-1.008,-0.994,0.0
18.049,-1.31,-0.791,1.0
16.437,-1.192,-0.806,1.0
15.366,-1.112,-0.834,1.0
14.476,-1.047,-0.863,1.0
14.427,-1.042,-0.936,1.0
14.022,-1.011,-0.984,0.0
18.636,-1.341,-0.787,1.0
16.88,-1.212,-0.802,1.0
15.67,-1.124,-0.826,1.0
14.77,-1.058,-0.858,1.0
14.442,-1.033,-0.915,1.0
14.399,-1.028,-0.988,0.0
19.283,-1.373,-0.785,0.0
17.389,-1.236,-0.799,1.0
15.979,-1.134,-0.818,1.0
15.076,-1.068,-0.852,1.0
14.476,-1.024,-0.894,1.0
14.487,-1.023,-0.971,1.0
19.941,-1.405,-0.78,1.0
17.966,-1.263,-0.797,2.0
16.36,-1.148,-0.811,1.0
15.31,-1.073,-0.841,1.0
14.515,-1.015,-0.874,1.0
14.51,-1.013,-0.95,1.0
20.488,-1.427,-0.77,1.0
18.384,-1.278,-0.787,1.0
16.799,-1.166,-0.807,1.0
15.577,-1.079,-0.832,1.0
14.632,-1.011,-0.858,0.0
14.548,-1.004,-0.93,1.0
21.23,-1.461,-0.765,0.0
19.071,-1.31,-0.787,0.0
17.185,-1.178,-0.799,1.0
15.859,-1.085,-0.822,1.0
15.003,-1.024,-0.857,0.0
14.584,-0.993,-0.909,1.0
22.177,-1.507,-0.765,1.0
19.781,-1.341,-0.785,0.0
17.803,-1.204,-0.8,0.0
16.215,-1.094,-0.815,1.0
15.313,-1.031,-0.851,1.0
14.602,-0.981,-0.888,1.0
23.275,-1.56,-0.767,5.0
20.35,-1.361,-0.777,1.0
18.325,-1.222,-0.796,1.0
16.581,-1.103,-0.809,1.0
15.504,-1.029,-0.838,0.0
14.682,-0.972,-0.87,1.0
23.793,-1.572,-0.748,11.0
21.018,-1.385,-0.771,0.0
18.852,-1.239,-0.79,0.0
17.082,-1.12,-0.807,1.0
15.79,-1.033,-0.829,0.0
14.947,-0.975,-0.863,0.0
23.981,-1.561,-0.718,15.0
21.881,-1.42,-0.769,0.0
19.47,-1.26,-0.786,0.0
17.497,-1.129,-0.8,1.0
16.145,-1.039,-0.823,0.0
15.201,-0.976,-0.855,0.0
24.286,-1.555,-0.69,22.0
22.843,-1.458,-0.769,4.0
20.162,-1.284,-0.784,0.0
18.262,-1.159,-0.808,2.0
16.423,-1.04,-0.813,0.0
15.442,-0.975,-0.845,1.0
24.399,-1.536,-0.657,33.0
23.749,-1.491,-0.764,7.0
20.885,-1.307,-0.781,1.0
18.553,-1.157,-0.793,1.0
16.925,-1.053,-0.812,1.0
15.689,-0.973,-0.835,1.0
24.424,-1.51,-0.621,32.0
23.843,-1.47,-0.731,13.0
21.37,-1.313,-0.768,1.0
19.264,-1.18,-0.795,1.0
17.379,-1.061,-0.808,1.0
16.012,-0.974,-0.829,1.0
24.45,-1.484,-0.586,40.0
24.168,-1.462,-0.706,16.0
22.258,-1.342,-0.767,1.0
19.857,-1.193,-0.79,0.0
17.838,-1.068,-0.803,0.0
16.256,-0.97,-0.818,1.0
24.471,-1.456,-0.551,38.0
24.355,-1.444,-0.676,19.0
23.64,-1.396,-0.78,5.0
20.522,-1.208,-0.787,2.0
18.406,-1.079,-0.802,1.0
16.639,-0.972,-0.813,0.0
24.497,-1.427,-0.516,53.0
24.42,-1.417,-0.642,27.0
23.806,-1.376,-0.751,13.0
21.15,-1.218,-0.78,1.0
18.882,-1.083,-0.796,1.0
17.114,-0.978,-0.811,0.0
24.512,-1.397,-0.481,46.0
24.466,-1.388,-0.608,29.0
24.012,-1.357,-0.723,16.0
21.932,-1.235,-0.778,1.0
19.615,-1.1,-0.799,0.0
17.565,-0.981,-0.808,0.0
24.553,-1.367,-0.447,43.0
24.522,-1.359,-0.575,33.0
24.279,-1.34,-0.697,16.0
22.726,-1.249,-0.774,2.0
20.268,-1.109,-0.797,1.0
18.157,-0.99,-0.809,0.0
24.581,-1.336,-0.413,22.0
24.506,-1.326,-0.54,24.0
24.435,-1.316,-0.667,21.0
23.612,-1.266,-0.771,8.0
20.867,-1.114,-0.792,2.0
18.672,-0.992,-0.807,0.0
37.986,-2.012,-0.586,8.0
30.752,-1.621,-0.636,27.0
24.524,-1.287,-0.636,18.0
23.839,-1.245,-0.746,15.0
21.44,-1.114,-0.784,1.0
19.217,-0.994,-0.804,0.0
38.036,-1.961,-0.535,2.0
30.978,-1.589,-0.598,27.0
30.005,-1.531,-0.737,3.0
24.072,-1.222,-0.72,16.0
22.117,-1.117,-0.779,1.0
19.805,-0.995,-0.801,0.0
44.007,-2.205,-0.559,3.0
31.159,-1.552,-0.559,26.0
30.514,-1.512,-0.709,21.0
24.492,-1.207,-0.7,13.0
23.227,-1.139,-0.786,5.0
20.36,-0.993,-0.797,0.0
31.241,-1.518,-0.355,34.0
31.188,-1.507,-0.519,40.0
30.582,-1.47,-0.67,32.0
24.654,-1.178,-0.672,1.0
23.749,-1.129,-0.773,11.0
21.034,-0.994,-0.795,1.0
31.202,-1.469,-0.314,46.0
31.195,-1.46,-0.478,47.0
30.739,-1.43,-0.633,31.0
28.461,-1.316,-0.739,5.0
23.89,-1.098,-0.746,16.0
21.679,-0.99,-0.792,1.0
31.191,-1.419,-0.273,58.0
31.197,-1.411,-0.438,60.0
30.919,-1.39,-0.597,32.0
28.539,-1.275,-0.705,18.0
24.184,-1.074,-0.725,16.0
22.287,-0.983,-0.786,4.0
28.482,-1.251,-0.214,59.0
28.455,-1.242,-0.364,58.0
28.455,-1.234,-0.514,55.0
28.444,-1.225,-0.667,66.0
24.89,-1.065,-0.715,5.0
23.463,-0.997,-0.798,4.0
28.453,-1.203,-0.178,124.0
28.449,-1.195,-0.328,110.0
28.452,-1.187,-0.478,115.0
28.455,-1.178,-0.632,124.0
28.221,-1.161,-0.776,7.0
23.787,-0.972,-0.78,12.0
28.454,-1.156,-0.143,141.0
28.453,-1.148,-0.293,80.0
28.46,-1.14,-0.444,61.0
28.468,-1.132,-0.598,58.0
28.431,-1.122,-0.748,29.0
23.854,-0.934,-0.754,16.0
28.484,-1.11,-0.11,49.0
31.274,-1.209,-0.286,25.0
31.273,-1.2,-0.451,40.0
30.852,-1.174,-0.611,26.0
30.188,-1.14,-0.758,6.0
24.387,-0.913,-0.742,21.0
31.336,-1.167,-0.084,59.0
31.374,-1.159,-0.25,17.0
44.917,-1.646,-0.596,6.0
31.151,-1.131,-0.581,26.0
30.446,-1.097,-0.73,20.0
25.208,-0.9,-0.738,8.0
81.225,-2.884,-0.125,36.0
56.962,-2.005,-0.389,0.0
45.073,-1.573,-0.547,19.0
37.972,-1.313,-0.666,5.0
30.5,-1.045,-0.697,29.0
27.422,-0.932,-0.772,0.0
38.781,-1.309,-0.017,7.0
38.758,-1.296,-0.222,14.0
38.675,-1.281,-0.427,28.0
37.992,-1.247,-0.625,13.0
30.586,-0.994,-0.666,34.0
28.061,-0.904,-0.76,1.0
38.688,-1.237,0.024,62.0
38.671,-1.224,-0.18,53.0
38.631,-1.211,-0.385,47.0
38.19,-1.185,-0.588,13.0
30.842,-0.947,-0.638,33.0
28.899,-0.878,-0.752,1.0
38.647,-1.166,0.065,71.0
38.669,-1.154,-0.14,92.0
38.651,-1.14,-0.345,66.0
38.405,-1.121,-0.551,14.0
31.145,-0.899,-0.613,27.0
30.289,-0.865,-0.757,8.0
38.646,-1.095,0.104,72.0
38.649,-1.082,-0.1,70.0
38.666,-1.07,-0.306,57.0
38.571,-1.054,-0.515,21.0
31.489,-0.851,-0.588,9.0
30.425,-0.812,-0.73,30.0
38.683,-1.023,0.143,56.0
38.702,-1.011,-0.062,35.0
38.735,-0.999,-0.268,36.0
38.703,-0.986,-0.479,32.0
37.88,-0.952,-0.67,13.0
30.52,-0.757,-0.703,34.0
40.426,-0.993,0.189,26.0
40.42,-0.98,-0.026,35.0
40.409,-0.966,-0.242,38.0
40.409,-0.953,-0.462,58.0
38.037,-0.884,-0.637,24.0
30.732,-0.704,-0.679,32.0
40.446,-0.917,0.226,151.0
40.419,-0.902,0.01,31.0
40.443,-0.889,-0.205,3.0
38.372,-0.831,-0.403,17.0
38.263,-0.816,-0.607,31.0
31.056,-0.652,-0.658,28.0
52.924,-1.098,0.344,6.0
52.931,-1.08,0.061,47.0
52.965,-1.063,-0.222,10.0
45.503,-0.899,-0.439,29.0
38.482,-0.747,-0.577,10.0
31.478,-0.601,-0.64,14.0
53.017,-0.997,0.39,11.0
20.145,-0.372,0.04,2.0
52.997,-0.961,-0.177,6.0
52.907,-0.942,-0.465,43.0
44.845,-0.783,-0.634,15.0
35.937,-0.615,-0.7,2.0
20.141,-0.339,0.165,6.0
20.139,-0.332,0.057,47.0
20.117,-0.325,-0.05,14.0
59.24,-0.937,-0.472,7.0
44.921,-0.695,-0.599,32.0
0.0,0.0,0.0,0.0
20.116,-0.298,0.181,15.0
20.128,-0.291,0.073,14.0
59.52,-0.843,-0.102,51.0
56.6,-0.783,-0.407,13.0
45.001,-0.606,-0.565,21.0
37.957,-0.498,-0.68,22.0
20.153,-0.259,0.196,10.0
56.197,-0.703,0.247,1.0
59.6,-0.725,-0.057,1.0
59.555,-0.704,-0.383,3.0
45.043,-0.517,-0.532,4.0
38.049,-0.423,-0.654,29.0
64.246,-0.696,0.674,33.0
56.161,-0.589,0.288,10.0
56.222,-0.57,-0.014,4.0
56.374,-0.553,-0.323,1.0
20.209,-0.191,-0.224,1.0
20.169,-0.184,-0.332,18.0
66.528,-0.586,0.745,13.0
66.514,-0.563,0.387,18.0
20.199,-0.164,0.008,6.0
20.162,-0.156,-0.101,16.0
20.152,-0.149,-0.21,10.0
20.145,-0.142,-0.318,33.0
20.151,-0.136,0.239,16.0
20.131,-0.129,0.13,17.0
20.145,-0.122,0.021,27.0
20.144,-0.115,-0.088,27.0
20.144,-0.108,-0.197,27.0
20.138,-0.1,-0.305,39.0
20.127,-0.094,0.251,28.0
20.131,-0.087,0.143,27.0
20.132,-0.08,0.034,34.0
20.138,-0.073,-0.076,32.0
20.144,-0.066,-0.185,34.0
20.151,-0.059,-0.294,27.0
20.125,-0.053,0.263,32.0
20.121,-0.046,0.154,35.0
20.133,-0.039,0.045,40.0
20.137,-0.032,-0.064,28.0
20.175,-0.025,-0.174,22.0
20.188,-0.018,-0.283,6.0
20.121,-0.011,0.274,27.0
20.119,-0.004,0.165,28.0
20.206,0.003,0.057,150.0
20.251,0.01,-0.054,151.0
20.252,0.017,-0.163,151.0
20.267,0.024,-0.273,150.0
20.142,0.031,0.285,31.0
20.136,0.038,0.176,27.0
20.157,0.045,0.067,19.0
20.212,0.052,-0.044,29.0
20.21,0.059,-0.153,26.0
20.235,0.066,-0.263,2.0
20.147,0.073,0.295,28.0
20.15,0.08,0.186,29.0
20.187,0.088,0.076,35.0
20.187,0.095,-0.034,30.0
20.174,0.102,-0.144,36.0
20.188,0.109,-0.253,30.0
20.166,0.116,0.304,29.0
20.172,0.123,0.195,24.0
20.207,0.13,0.085,34.0
20.204,0.137,-0.026,28.0
20.187,0.144,-0.135,31.0
20.171,0.151,-0.245,36.0
20.215,0.159,0.313,25.0
20.285,0.167,0.204,25.0
20.309,0.174,0.094,30.0
20.327,0.181,-0.018,28.0
20.215,0.187,-0.128,13.0
20.181,0.194,-0.237,21.0
20.294,0.202,0.322,34.0
20.294,0.21,0.211,26.0
20.328,0.217,0.101,22.0
99.577,1.099,-0.054,4.0
0.0,0.0,0.0,0.0
20.202,0.236,-0.231,7.0
20.29,0.245,0.329,24.0
20.289,0.252,0.218,3.0
99.593,1.274,0.529,5.0
99.694,1.309,-0.023,4.0
0.0,0.0,0.0,0.0
0.0,0.0,0.0,0.0
194.821,2.769,3.217,38.0
0.0,0.0,0.0,0.0
99.726,1.485,0.558,5.0
99.694,1.519,0.003,4.0
0.0,0.0,0.0,0.0
0.0,0.0,0.0,0.0
194.8,3.179,3.267,25.0
0.0,0.0,0.0,0.0
99.773,1.698,0.583,4.0
99.87,1.733,0.027,13.0
0.0,0.0,0.0,0.0
0.0,0.0,0.0,0.0
194.596,3.595,3.308,6.0
103.187,1.94,1.189,20.0
99.897,1.912,0.604,3.0
99.941,1.945,0.047,6.0
0.0,0.0,0.0,0.0
0.0,0.0,0.0,0.0
195.7,4.024,3.362,10.0
103.219,2.158,1.207,5.0
100.11,2.127,0.623,2.0
100.046,2.159,0.064,13.0
0.0,0.0,0.0,0.0
0.0,0.0,0.0,0.0
193.973,4.4,3.36,14.0
0.0,0.0,0.0,0.0
102.959,2.405,0.654,2.0
100.209,2.373,0.076,4.0
0.0,0.0,0.0,0.0
0.0,0.0,0.0,0.0
193.56,4.805,3.375,19.0
194.983,4.903,2.328,6.0
103.08,2.626,0.664,6.0
100.383,2.591,0.086,1.0
0.0,0.0,0.0,0.0
0.0,0.0,0.0,0.0
193.526,5.211,3.388,24.0
195.185,5.322,2.344,22.0
0.0,0.0,0.0,0.0
0.0,0.0,0.0,0.0
0.0,0.0,0.0,0.0
0.0,0.0,0.0,0.0
194.197,5.637,3.406,6.0
201.873,5.923,2.429,8.0
196.038,5.82,1.279,37.0
0.0,0.0,0.0,0.0
0.0,0.0,0.0,0.0
0.0,0.0,0.0,0.0
0.0,0.0,0.0,0.0
195.405,6.144,2.349,6.0
196.168,6.234,1.277,33.0
0.0,0.0,0.0,0.0
0.0,0.0,0.0,0.0
0.0,0.0,0.0,0.0
195.085,6.482,3.413,24.0
0.0,0.0,0.0,0.0
196.344,6.648,1.268,36.0
0.0,0.0,0.0,0.0
0.0,0.0,0.0,0.0
0.0,0.0,0.0,0.0
195.757,6.911,3.41,5.0
195.953,6.978,2.33,11.0
196.35,7.057,1.25,28.0
0.0,0.0,0.0,0.0
0.0,0.0,0.0,0.0
0.0,0.0,0.0,0.0
0.0,0.0,0.0,0.0
195.128,7.358,2.297,25.0
196.503,7.47,1.225,7.0
0.0,0.0,0.0,0.0
0.0,0.0,0.0,0.0
0.0,0.0,0.0,0.0
203.866,8.044,3.496,17.0
199.303,7.923,2.314,8.0
196.626,7.88,1.194,26.0
0.0,0.0,0.0,0.0
0.0,0.0,0.0,0.0
0.0,0.0,0.0,0.0
196.757,8.166,3.337,21.0
0.0,0.0,0.0,0.0
196.693,8.285,1.155,30.0
0.0,0.0,0.0,0.0
0.0,0.0,0.0,0.0
0.0,0.0,0.0,0.0
195.539,8.514,3.273,54.0
195.554,8.574,2.187,29.0
196.824,8.692,1.108,26.0
0.0,0.0,0.0,0.0
0.0,0.0,0.0,0.0
0.0,0.0,0.0,0.0
206.369,9.407,3.399,14.0
205.211,9.418,2.24,8.0
197.028,9.104,1.056,43.0
0.0,0.0,0.0,0.0
0.0,0.0,0.0,0.0
0.0,0.0,0.0,0.0
199.894,9.516,3.233,5.0
0.0,0.0,0.0,0.0
197.187,9.506,0.996,27.0
0.0,0.0,0.0,0.0
0.0,0.0,0.0,0.0
0.0,0.0,0.0,0.0
197.639,9.804,3.13,11.0
197.901,9.877,2.032,17.0
197.133,9.897,0.927,36.0
0.0,0.0,0.0,0.0
69.034,3.507,-0.451,2.0
52.024,2.658,-0.629,0.0
0.0,0.0,0.0,0.0
206.576,10.716,2.046,15.0
197.436,10.297,0.854,7.0
0.0,0.0,0.0,0.0
68.924,3.636,-0.477,0.0
52.02,2.76,-0.65,0.0
196.171,10.506,2.956,7.0
196.128,10.562,1.861,35.0
196.136,10.618,0.767,21.0
0.0,0.0,0.0,0.0
68.897,3.769,-0.506,0.0
0.0,0.0,0.0,0.0
0.0,0.0,0.0,0.0
207.526,11.58,1.877,7.0
197.446,11.073,0.683,22.0
0.0,0.0,0.0,0.0
68.988,3.908,-0.539,2.0
0.0,0.0,0.0,0.0
0.0,0.0,0.0,0.0
197.321,11.395,1.69,10.0
197.439,11.455,0.586,17.0
0.0,0.0,0.0,0.0
68.992,4.041,-0.573,2.0
0.0,0.0,0.0,0.0
208.204,12.359,2.843,5.0
197.579,11.784,1.591,14.0
197.711,11.845,0.485,14.0
0.0,0.0,0.0,0.0
0.0,0.0,0.0,0.0
0.0,0.0,0.0,0.0
202.664,12.414,2.657,5.0
155.56,9.572,1.168,5.0
0.0,0.0,0.0,0.0
0.0,0.0,0.0,0.0
0.0,0.0,0.0,0.0
0.0,0.0,0.0,0.0
0.0,0.0,0.0,0.0
0.0,0.0,0.0,0.0
154.912,9.863,0.204,3.0
0.0,0.0,0.0,0.0
0.0,0.0,0.0,0.0
0.0,0.0,0.0,0.0
0.0,0.0,0.0,0.0
0.0,0.0,0.0,0.0
154.886,10.146,0.108,9.0
0.0,0.0,0.0,0.0
0.0,0.0,0.0,0.0
0.0,0.0,0.0,0.0
0.0,0.0,0.0,0.0
154.886,10.385,0.878,7.0
0.0,0.0,0.0,0.0
0.0,0.0,0.0,0.0
0.0,0.0,0.0,0.0
0.0,0.0,0.0,0.0
0.0,0.0,0.0,0.0
155.025,10.676,0.774,6.0
0.0,0.0,0.0,0.0
0.0,0.0,0.0,0.0
0.0,0.0,0.0,0.0
0.0,0.0,0.0,0.0
0.0,0.0,0.0,0.0
140.651,9.936,0.601,91.0
0.0,0.0,0.0,0.0
0.0,0.0,0.0,0.0
0.0,0.0,0.0,0.0
0.0,0.0,0.0,0.0
0.0,0.0,0.0,0.0
140.566,10.177,0.496,150.0
0.0,0.0,0.0,0.0
0.0,0.0,0.0,0.0
0.0,0.0,0.0,0.0
39.743,2.917,-0.759,0.0
0.0,0.0,0.0,0.0
121.987,9.039,0.338,3.0
0.0,0.0,0.0,0.0
0.0,0.0,0.0,0.0
0.0,0.0,0.0,0.0
37.566,2.82,-0.747,0.0
122.067,9.223,0.93,3.0
114.657,8.689,0.227,3.0
0.0,0.0,0.0,0.0
0.0,0.0,0.0,0.0
0.0,0.0,0.0,0.0
37.421,2.872,-0.775,0.0
114.294,8.825,0.778,5.0
114.09,8.836,0.131,150.0
0.0,0.0,0.0,0.0
0.0,0.0,0.0,0.0
0.0,0.0,0.0,0.0
37.327,2.926,-0.804,0.0
114.105,8.998,0.678,19.0
0.0,0.0,0.0,0.0
0.0,0.0,0.0,0.0
0.0,0.0,0.0,0.0
0.0,0.0,0.0,0.0
35.559,2.844,-0.797,0.0
110.559,8.895,0.561,23.0
109.527,8.834,-0.063,1.0
68.925,5.574,-0.429,2.0
0.0,0.0,0.0,0.0
41.474,3.373,-0.732,0.0
34.921,2.848,-0.814,0.0
0.0,0.0,0.0,0.0
108.681,8.934,-0.16,4.0
68.928,5.681,-0.491,4.0
0.0,0.0,0.0,0.0
39.999,3.314,-0.742,0.0
32.937,2.736,-0.798,0.0
108.007,9.02,0.352,5.0
0.0,0.0,0.0,0.0
69.071,5.798,-0.557,0.0
0.0,0.0,0.0,0.0
0.0,0.0,0.0,0.0
32.686,2.765,-0.823,1.0
107.68,9.154,0.248,41.0
0.0,0.0,0.0,0.0
0.0,0.0,0.0,0.0
0.0,0.0,0.0,0.0
37.678,3.235,-0.771,0.0
30.993,2.667,-0.811,1.0
107.581,9.305,0.143,52.0
0.0,0.0,0.0,0.0
0.0,0.0,0.0,0.0
0.0,0.0,0.0,0.0
0.0,0.0,0.0,0.0
30.857,2.7,-0.838,0.0
107.592,9.459,0.036,7.0
0.0,0.0,0.0,0.0
0.0,0.0,0.0,0.0
0.0,0.0,0.0,0.0
35.374,3.138,-0.795,0.0
30.104,2.677,-0.848,0.0
0.0,0.0,0.0,0.0
68.999,6.175,-0.439,3.0
0.0,0.0,0.0,0.0
0.0,0.0,0.0,0.0
34.801,3.135,-0.818,0.0
28.857,2.605,-0.843,0.0
93.655,8.492,-0.163,4.0
68.921,6.262,-0.512,3.0
0.0,0.0,0.0,0.0
39.739,3.626,-0.751,0.0
32.448,2.966,-0.798,0.0
28.307,2.593,-0.857,0.0
0.0,0.0,0.0,0.0
0.0,0.0,0.0,0.0
0.0,0.0,0.0,0.0
38.005,3.516,-0.758,0.0
31.615,2.931,-0.811,0.0
27.414,2.546,-0.859,0.0
0.0,0.0,0.0,0.0
0.0,0.0,0.0,0.0
0.0,0.0,0.0,0.0
37.388,3.506,-0.787,0.0
30.937,2.907,-0.827,0.0
26.676,2.511,-0.865,0.0
0.0,0.0,0.0,0.0
0.0,0.0,0.0,0.0
0.0,0.0,0.0,0.0
35.32,3.355,-0.782,0.0
30.447,2.897,-0.847,0.0
25.88,2.467,-0.868,0.0
68.938,6.596,-0.418,1.0
0.0,0.0,0.0,0.0
0.0,0.0,0.0,0.0
33.699,3.241,-0.784,0.0
29.446,2.837,-0.853,0.0
25.037,2.416,-0.868,0.0
68.94,6.676,-0.497,3.0
0.0,0.0,0.0,0.0
39.349,3.823,-0.732,0.0
32.829,3.195,-0.802,0.0
28.17,2.746,-0.849,0.0
24.496,2.392,-0.878,0.0
68.87,6.747,-0.577,0.0
0.0,0.0,0.0,0.0
0.0,0.0,0.0,0.0
31.711,3.121,-0.811,0.0
26.914,2.653,-0.842,1.0
23.714,2.341,-0.877,0.0
0.0,0.0,0.0,0.0
0.0,0.0,0.0,0.0
36.88,3.664,-0.772,0.0
30.443,3.028,-0.814,0.0
26.635,2.654,-0.865,0.0
23.373,2.333,-0.892,0.0
0.0,0.0,0.0,0.0
0.0,0.0,0.0,0.0
35.326,3.545,-0.781,0.0
30.039,3.019,-0.839,0.0
25.749,2.592,-0.867,0.0
21.864,2.204,-0.861,0.0
0.0,0.0,0.0,0.0
0.0,0.0,0.0,0.0
33.114,3.356,-0.773,0.0
28.861,2.929,-0.841,0.0
24.872,2.528,-0.867,0.0
21.817,2.221,-0.886,3.0
0.0,0.0,0.0,0.0
38.977,3.982,-0.734,0.0
32.041,3.278,-0.786,0.0
27.93,2.861,-0.848,0.0
24.205,2.483,-0.874,0.0
21.774,2.237,-0.911,2.0
0.0,0.0,0.0,0.0
37.784,3.894,-0.757,0.0
31.567,3.258,-0.813,0.0
27.032,2.793,-0.854,0.0
23.561,2.438,-0.879,0.0
20.866,2.162,-0.898,0.0
0.0,0.0,0.0,0.0
36.585,3.802,-0.778,0.0
30.265,3.149,-0.817,0.0
26.229,2.732,-0.861,0.0
21.935,2.288,-0.845,2.0
20.488,2.14,-0.907,0.0
41.23,4.314,-0.692,0.0
34.678,3.632,-0.78,0.0
29.643,3.108,-0.837,0.0
25.207,2.646,-0.858,0.0
21.866,2.298,-0.87,5.0
19.626,2.065,-0.893,0.0
40.129,4.23,-0.724,0.0
33.442,3.529,-0.794,0.0
28.503,3.011,-0.84,0.0
24.532,2.594,-0.866,0.0
21.802,2.308,-0.895,4.0
19.517,2.068,-0.913,1.0
0.0,0.0,0.0,0.0
0.0,0.0,0.0,0.0
27.527,2.928,-0.846,0.0
23.829,2.537,-0.871,0.0
21.615,2.304,-0.915,0.0
18.88,2.014,-0.907,0.0
0.0,0.0,0.0,0.0
0.0,0.0,0.0,0.0
26.714,2.859,-0.854,0.0
21.961,2.353,-0.831,0.0
20.624,2.212,-0.899,0.0
18.608,1.998,-0.918,0.0
35.462,3.812,-0.773,0.0
30.041,3.232,-0.827,0.0
25.847,2.783,-0.86,0.0
21.894,2.359,-0.856,4.0
19.764,2.132,-0.886,0.0
17.824,1.925,-0.902,0.0
33.69,3.641,-0.777,0.0
28.965,3.133,-0.834,0.0
24.924,2.698,-0.861,0.0
21.819,2.364,-0.881,5.0
19.592,2.125,-0.904,2.0
17.731,1.925,-0.92,1.0
32.719,3.555,-0.797,0.0
28.147,3.06,-0.847,0.0
24.245,2.638,-0.869,0.0
21.78,2.372,-0.907,2.0
19.287,2.102,-0.914,1.0
17.497,1.909,-0.93,0.0
0.0,0.0,0.0,0.0
27.037,2.953,-0.848,0.0
23.549,2.574,-0.874,0.0
20.69,2.263,-0.888,0.0
18.713,2.049,-0.911,0.0
16.948,1.857,-0.923,0.0
29.928,3.281,-0.805,0.0
26.196,2.874,-0.855,0.0
21.923,2.406,-0.841,3.0
20.086,2.206,-0.888,0.0
18.136,1.994,-0.906,1.0
16.539,1.819,-0.922,0.0
29.22,3.216,-0.823,0.0
25.334,2.789,-0.859,0.0
21.861,2.408,-0.866,7.0
19.634,2.165,-0.893,2.0
17.8,1.964,-0.912,2.0
16.174,1.786,-0.922,0.0
28.374,3.133,-0.835,0.0
24.38,2.693,-0.857,1.0
21.818,2.412,-0.893,4.0
19.427,2.149,-0.908,2.0
17.68,1.957,-0.928,1.0
15.884,1.759,-0.925,0.0
27.461,3.041,-0.843,0.0
24.054,2.665,-0.876,0.0
21.732,2.409,-0.917,0.0
18.894,2.096,-0.907,0.0
17.125,1.901,-0.921,0.0
15.625,1.735,-0.93,0.0
26.488,2.941,-0.847,0.0
21.97,2.44,-0.829,1.0
20.44,2.271,-0.888,0.0
18.37,2.042,-0.906,0.0
16.719,1.86,-0.92,0.0
15.263,1.699,-0.928,0.0
25.675,2.857,-0.854,0.0
21.885,2.436,-0.853,4.0
19.727,2.197,-0.882,0.0
17.944,1.999,-0.907,1.0
16.366,1.824,-0.922,0.0
14.958,1.668,-0.929,0.0
24.744,2.758,-0.853,0.0
21.821,2.433,-0.878,6.0
19.57,2.183,-0.9,2.0
17.699,1.975,-0.917,1.0
16.055,1.792,-0.924,0.0
14.746,1.647,-0.934,0.0
24.101,2.69,-0.861,0.0
21.782,2.432,-0.904,2.0
19.2,2.144,-0.907,1.0
17.371,1.94,-0.922,0.0
15.786,1.764,-0.928,0.0
14.484,1.619,-0.935,0.0
23.515,2.627,-0.869,0.0
20.764,2.32,-0.887,0.0
18.692,2.089,-0.905,0.0
16.909,1.89,-0.918,0.0
15.405,1.723,-0.925,0.0
14.288,1.599,-0.94,0.0
21.93,2.451,-0.837,2.0
20.024,2.238,-0.879,0.0
18.2,2.035,-0.904,0.0
16.587,1.855,-0.921,0.0
15.149,1.695,-0.928,0.0
14.044,1.572,-0.942,0.0
21.864,2.444,-0.862,6.0
19.67,2.199,-0.888,1.0
17.832,1.994,-0.907,1.0
16.203,1.812,-0.919,0.0
14.892,1.666,-0.931,0.0
13.747,1.538,-0.939,0.0
21.805,2.436,-0.886,5.0
19.434,2.172,-0.901,2.0
17.642,1.972,-0.919,1.0
15.937,1.781,-0.924,0.0
14.615,1.634,-0.931,0.0
13.439,1.503,-0.934,0.0
21.735,2.427,-0.909,1.0
18.971,2.118,-0.902,0.0
17.205,1.921,-0.917,0.0
15.65,1.748,-0.926,0.0
14.415,1.61,-0.936,0.0
13.313,1.487,-0.941,0.0
20.608,2.299,-0.886,0.0
18.586,2.073,-0.906,0.0
16.805,1.874,-0.916,0.0
15.316,1.708,-0.924,0.0
14.267,1.592,-0.943,0.0
13.143,1.466,-0.944,0.0
19.86,2.212,-0.877,0.0
18.07,2.012,-0.902,1.0
16.484,1.836,-0.917,0.0
15.047,1.676,-0.925,0.0
14.001,1.559,-0.942,0.0
12.876,1.434,-0.94,0.0
19.646,2.184,-0.89,2.0
17.785,1.977,-0.908,2.0
16.143,1.794,-0.917,0.0
14.81,1.646,-0.928,0.0
0.0,0.0,0.0,0.0
12.672,1.408,-0.94,0.0
19.436,2.156,-0.903,2.0
17.686,1.961,-0.923,1.0
15.896,1.762,-0.921,0.0
14.58,1.616,-0.93,0.0
13.449,1.491,-0.935,0.0
12.475,1.383,-0.939,0.0
18.982,2.099,-0.903,1.0
17.207,1.903,-0.917,0.0
15.624,1.727,-0.922,0.0
14.355,1.587,-0.932,0.0
13.36,1.477,-0.944,0.0
12.288,1.358,-0.939,0.0
18.511,2.041,-0.901,0.0
16.815,1.854,-0.915,0.0
15.374,1.694,-0.925,0.0
14.193,1.564,-0.937,0.0
13.213,1.456,-0.948,0.0
12.143,1.338,-0.941,0.0
18.108,1.99,-0.901,1.0
16.503,1.813,-0.916,0.0
15.052,1.653,-0.922,0.0
14.178,1.557,-0.951,0.0
12.865,1.412,-0.937,0.0
12.002,1.317,-0.943,0.0
17.785,1.947,-0.904,1.0
16.223,1.775,-0.918,0.0
14.898,1.629,-0.928,0.0
0.0,0.0,0.0,0.0
12.606,1.378,-0.931,0.0
11.796,1.289,-0.939,0.0
17.694,1.928,-0.918,1.0
15.988,1.742,-0.921,0.0
14.639,1.594,-0.927,0.0
13.734,1.495,-0.95,0.0
12.553,1.366,-0.941,0.0
11.613,1.264,-0.937,0.0
17.427,1.89,-0.922,0.0
15.732,1.706,-0.922,0.0
14.505,1.572,-0.933,0.0
13.353,1.447,-0.937,0.0
12.39,1.342,-0.941,0.0
11.534,1.249,-0.942,0.0
16.926,1.827,-0.912,0.0
15.504,1.672,-0.924,0.0
14.372,1.55,-0.939,0.0
13.241,1.427,-0.943,0.0
12.206,1.315,-0.939,0.0
11.399,1.228,-0.942,0.0
16.59,1.781,-0.91,0.0
15.191,1.63,-0.92,0.0
14.209,1.523,-0.942,0.0
13.064,1.4,-0.942,0.0
12.078,1.294,-0.941,0.0
11.309,1.211,-0.946,0.0
16.424,1.753,-0.916,0.0
14.978,1.597,-0.921,0.0
0.0,0.0,0.0,0.0
12.844,1.368,-0.939,0.0
11.885,1.266,-0.937,0.0
11.167,1.188,-0.944,0.0
16.267,1.725,-0.923,0.0
14.85,1.574,-0.927,0.0
13.656,1.446,-0.931,0.0
12.615,1.335,-0.934,0.0
11.802,1.249,-0.941,0.0
11.095,1.173,-0.948,0.0
15.95,1.68,-0.919,0.0
14.692,1.547,-0.93,0.0
13.468,1.417,-0.93,0.0
12.514,1.316,-0.937,0.0
11.658,1.225,-0.94,0.0
10.942,1.149,-0.945,0.0
15.743,1.647,-0.921,0.0
14.537,1.519,-0.933,0.0
13.394,1.399,-0.936,0.0
12.402,1.294,-0.939,0.0
11.534,1.203,-0.94,0.0
10.843,1.13,-0.946,0.0
15.563,1.616,-0.923,0.0
14.334,1.487,-0.932,0.0
13.237,1.372,-0.936,0.0
12.242,1.268,-0.937,0.0
11.444,1.184,-0.942,0.0
10.763,1.113,-0.948,0.0
15.378,1.584,-0.924,0.0
14.32,1.474,-0.943,0.0
13.098,1.347,-0.937,0.0
12.148,1.248,-0.94,0.0
11.34,1.164,-0.942,0.0
10.647,1.092,-0.946,0.0
15.112,1.544,-0.92,0.0
14.128,1.442,-0.941,0.0
12.86,1.311,-0.93,0.0
12.021,1.225,-0.939,0.0
11.233,1.144,-0.942,0.0
10.592,1.077,-0.949,0.0
14.945,1.514,-0.921,0.0
0.0,0.0,0.0,0.0
12.812,1.295,-0.936,0.0
11.9,1.202,-0.938,0.0
11.137,1.124,-0.942,0.0
10.485,1.057,-0.947,0.0
14.881,1.493,-0.928,0.0
13.678,1.371,-0.931,0.0
12.716,1.273,-0.938,0.0
11.77,1.178,-0.937,0.0
11.09,1.108,-0.946,0.0
10.366,1.035,-0.944,0.0
14.756,1.467,-0.93,0.0
13.692,1.36,-0.941,0.0
12.572,1.247,-0.936,0.0
11.702,1.159,-0.939,0.0
10.992,1.088,-0.945,0.0
10.325,1.021,-0.947,0.0
14.598,1.437,-0.93,0.0
13.471,1.324,-0.935,0.0
12.496,1.227,-0.938,0.0
11.64,1.142,-0.941,0.0
10.888,1.067,-0.943,0.0
10.222,1.001,-0.944,0.0
14.5,1.412,-0.932,0.0
13.403,1.304,-0.938,0.0
12.418,1.207,-0.94,0.0
11.528,1.119,-0.939,0.0
10.792,1.046,-0.941,0.0
10.171,0.985,-0.945,0.0
14.44,1.391,-0.937,0.0
13.305,1.28,-0.939,0.0
12.298,1.182,-0.938,0.0
11.434,1.097,-0.938,0.0
10.772,1.033,-0.945,0.0
10.101,0.967,-0.944,0.0
14.261,1.359,-0.933,0.0
13.208,1.257,-0.939,0.0
12.213,1.16,-0.938,0.0
11.388,1.081,-0.941,0.0
10.759,1.02,-0.95,0.0
10.084,0.954,-0.948,0.0
14.204,1.338,-0.937,0.0
13.116,1.233,-0.939,0.0
12.144,1.14,-0.939,0.0
11.323,1.062,-0.941,0.0
10.731,1.005,-0.953,0.0
10.023,0.937,-0.947,0.0
14.195,1.321,-0.943,0.0
12.992,1.207,-0.937,0.0
12.008,1.114,-0.934,0.0
11.322,1.049,-0.946,0.0
10.626,0.983,-0.948,0.0
9.984,0.922,-0.948,0.0
14.068,1.292,-0.941,0.0
12.952,1.188,-0.939,0.0
11.998,1.099,-0.938,0.0
11.208,1.025,-0.941,0.0
10.559,0.964,-0.947,0.0
9.929,0.905,-0.947,0.0
14.053,1.274,-0.945,0.0
12.822,1.161,-0.935,0.0
11.958,1.081,-0.94,0.0
11.144,1.006,-0.94,0.0
10.581,0.953,-0.953,0.0
9.87,0.888,-0.945,0.0
13.914,1.245,-0.941,0.0
12.79,1.142,-0.937,0.0
11.869,1.058,-0.937,0.0
11.203,0.997,-0.949,0.0
10.616,0.944,-0.959,0.0
9.831,0.872,-0.944,0.0
13.742,1.213,-0.934,0.0
12.772,1.125,-0.94,0.0
11.837,1.041,-0.938,0.0
11.163,0.98,-0.949,0.0
10.496,0.92,-0.952,0.0
9.854,0.862,-0.949,0.0
13.59,1.182,-0.927,0.0
12.677,1.101,-0.936,0.0
11.799,1.023,-0.938,0.0
11.052,0.956,-0.942,0.0
10.351,0.894,-0.941,0.0
9.783,0.843,-0.945,0.0
13.641,1.169,-0.934,0.0
12.679,1.085,-0.94,0.0
11.78,1.006,-0.939,0.0
11.016,0.939,-0.942,0.0
10.381,0.883,-0.946,0.0
9.75,0.828,-0.944,0.0
13.565,1.145,-0.932,0.0
12.671,1.067,-0.941,0.0
11.723,0.985,-0.937,0.0
11.017,0.924,-0.944,0.0
10.359,0.867,-0.946,0.0
9.747,0.815,-0.945,0.0
13.527,1.124,-0.931,0.0
12.629,1.047,-0.94,0.0
11.738,0.971,-0.94,0.0
10.983,0.907,-0.943,0.0
10.357,0.853,-0.947,0.0
9.711,0.799,-0.943,0.0
13.502,1.104,-0.931,0.0
12.627,1.03,-0.942,0.0
11.693,0.951,-0.938,0.0
11.018,0.895,-0.947,0.0
10.333,0.837,-0.946,0.0
9.707,0.785,-0.943,0.0
13.568,1.09,-0.937,0.0
12.578,1.009,-0.939,0.0
11.702,0.936,-0.939,0.0
11.037,0.881,-0.949,0.0
10.324,0.822,-0.946,0.0
9.7,0.771,-0.943,0.0
13.498,1.066,-0.932,0.0
12.58,0.991,-0.939,0.0
11.703,0.92,-0.939,0.0
10.934,0.858,-0.94,0.0
10.296,0.806,-0.943,0.0
9.714,0.758,-0.945,0.0
13.638,1.058,-0.942,0.0
12.608,0.976,-0.941,0.0
11.71,0.904,-0.94,0.0
11.002,0.847,-0.946,0.0
10.33,0.794,-0.946,0.0
9.696,0.743,-0.943,0.0
13.61,1.036,-0.94,0.0
12.607,0.958,-0.941,0.0
11.735,0.889,-0.941,0.0
11.038,0.834,-0.948,0.0
10.325,0.779,-0.945,0.0
9.73,0.732,-0.945,0.0
13.624,1.018,-0.939,0.0
12.625,0.941,-0.941,0.0
11.732,0.872,-0.94,0.0
11.021,0.817,-0.946,0.0
10.35,0.766,-0.946,0.0
9.765,0.721,-0.947,0.0
13.653,1.001,-0.94,0.0
12.667,0.926,-0.942,0.0
11.729,0.855,-0.938,0.0
11.025,0.802,-0.944,0.0
10.335,0.75,-0.943,0.0
9.814,0.71,-0.95,0.0
13.545,0.974,-0.93,0.0
12.686,0.909,-0.941,0.0
11.811,0.844,-0.942,0.0
11.043,0.787,-0.944,0.0
10.399,0.739,-0.947,0.0
9.803,0.695,-0.947,0.0
13.804,0.972,-0.945,0.0
12.742,0.895,-0.943,0.0
11.851,0.83,-0.943,0.0
11.014,0.769,-0.939,0.0
10.442,0.727,-0.948,0.0
9.845,0.683,-0.949,0.0
13.629,0.94,-0.929,0.0
12.731,0.875,-0.938,0.0
11.877,0.814,-0.941,0.0
11.112,0.759,-0.944,0.0
10.454,0.712,-0.946,0.0
9.889,0.672,-0.95,0.0
13.866,0.936,-0.941,0.0
12.838,0.864,-0.942,0.0
11.923,0.8,-0.941,0.0
11.193,0.748,-0.947,0.0
10.461,0.697,-0.943,0.0
9.92,0.659,-0.95,0.0
13.941,0.92,-0.941,0.0
12.892,0.848,-0.942,0.0
11.979,0.785,-0.941,0.0
11.225,0.734,-0.946,0.0
10.515,0.685,-0.944,0.0
9.958,0.647,-0.95,0.0
13.99,0.902,-0.939,0.0
12.962,0.833,-0.942,0.0
12.028,0.771,-0.94,0.0
11.256,0.719,-0.944,0.0
10.533,0.67,-0.941,0.0
9.996,0.634,-0.949,0.0
14.02,0.883,-0.935,0.0
13.032,0.818,-0.941,0.0
12.093,0.757,-0.94,0.0
11.303,0.705,-0.942,0.0
10.656,0.662,-0.947,0.0
10.077,0.624,-0.952,0.0
14.138,0.87,-0.936,0.0
13.066,0.801,-0.937,0.0
12.222,0.746,-0.944,0.0
11.412,0.694,-0.946,0.0
10.678,0.647,-0.944,0.0
10.137,0.612,-0.952,0.0
14.23,0.854,-0.935,0.0
13.27,0.793,-0.945,0.0
12.322,0.734,-0.945,0.0
11.51,0.683,-0.948,0.0
10.683,0.632,-0.939,0.0
10.202,0.601,-0.953,0.0
14.381,0.841,-0.937,0.0
13.303,0.775,-0.94,0.0
12.443,0.722,-0.947,0.0
11.53,0.667,-0.943,0.0
10.838,0.624,-0.946,0.0
10.256,0.589,-0.952,0.0
14.466,0.825,-0.934,0.0
13.382,0.76,-0.937,0.0
12.489,0.706,-0.943,0.0
11.643,0.656,-0.945,0.0
10.996,0.617,-0.953,0.0
10.311,0.576,-0.95,0.0
14.574,0.809,-0.932,0.0
13.544,0.748,-0.94,0.0
12.623,0.695,-0.945,0.0
11.719,0.642,-0.943,0.0
11.068,0.604,-0.951,0.0
10.376,0.564,-0.949,0.0
14.789,0.798,-0.935,1.0
13.629,0.732,-0.936,0.0
12.756,0.683,-0.946,0.0
11.834,0.63,-0.944,0.0
11.109,0.589,-0.947,0.0
10.439,0.551,-0.947,0.0
15.021,0.788,-0.939,1.0
0.0,0.0,0.0,0.0
12.876,0.669,-0.945,0.0
11.968,0.619,-0.945,0.0
11.196,0.577,-0.946,0.0
10.533,0.54,-0.947,0.0
15.131,0.771,-0.934,0.0
14.077,0.714,-0.946,0.0
12.992,0.656,-0.943,0.0
12.104,0.608,-0.946,0.0
11.39,0.57,-0.953,0.0
10.598,0.528,-0.945,0.0
15.289,0.756,-0.931,0.0
14.302,0.704,-0.949,0.0
13.154,0.644,-0.944,0.0
12.253,0.597,-0.948,0.0
11.502,0.558,-0.952,0.0
10.761,0.519,-0.95,0.0
15.501,0.743,-0.931,0.0
14.425,0.688,-0.944,0.0
13.337,0.633,-0.946,0.0
12.405,0.586,-0.948,0.0
11.544,0.542,-0.945,0.0
10.924,0.511,-0.954,0.0
15.751,0.731,-0.932,0.0
14.578,0.673,-0.941,0.0
20.185,0.928,-1.413,0.0
12.51,0.572,-0.945,0.0
11.655,0.53,-0.944,0.0
10.998,0.498,-0.95,0.0
16.027,0.72,-0.933,0.0
14.752,0.659,-0.938,0.0
20.227,0.9,-1.396,0.0
12.696,0.562,-0.946,0.0
11.862,0.522,-0.949,0.0
11.121,0.487,-0.95,0.0
16.26,0.707,-0.93,0.0
14.978,0.647,-0.938,0.0
0.0,0.0,0.0,0.0
12.92,0.552,-0.95,0.0
11.985,0.51,-0.946,0.0
11.217,0.474,-0.947,0.0
16.508,0.693,-0.927,0.0
15.197,0.634,-0.936,0.0
14.121,0.586,-0.946,0.0
13.037,0.538,-0.945,0.0
12.191,0.5,-0.95,0.0
11.411,0.466,-0.951,0.0
16.82,0.682,-0.927,0.0
15.43,0.622,-0.934,0.0
14.418,0.577,-0.95,0.0
13.202,0.526,-0.943,0.0
12.347,0.489,-0.948,0.0
11.554,0.455,-0.95,0.0
17.062,0.667,-0.922,0.0
15.717,0.611,-0.933,0.0
14.58,0.563,-0.944,0.0
13.395,0.514,-0.941,0.0
12.522,0.478,-0.947,0.0
11.655,0.442,-0.945,0.0
17.63,0.664,-0.932,0.0
16.08,0.601,-0.937,0.0
14.795,0.55,-0.941,0.0
0.0,0.0,0.0,0.0
12.772,0.469,-0.951,0.0
11.852,0.432,-0.947,0.0
17.936,0.649,-0.927,0.0
16.358,0.589,-0.933,0.0
15.044,0.538,-0.939,0.0
0.0,0.0,0.0,0.0
13.011,0.459,-0.953,0.0
12.095,0.424,-0.951,0.0
18.321,0.638,-0.925,0.0
16.687,0.577,-0.931,0.0
15.307,0.526,-0.936,0.0
14.346,0.489,-0.956,0.0
13.127,0.445,-0.945,0.0
12.28,0.413,-0.95,0.0
18.635,0.623,-0.917,0.0
17.002,0.564,-0.928,0.0
15.647,0.516,-0.937,0.0
14.503,0.475,-0.948,0.0
13.355,0.434,-0.944,0.0
12.489,0.403,-0.95,0.0
18.965,0.607,-0.909,0.0
17.37,0.552,-0.925,0.0
16.019,0.506,-0.938,0.0
14.728,0.461,-0.943,0.0
13.8,0.429,-0.957,0.0
12.782,0.395,-0.955,0.0
19.804,0.607,-0.922,0.0
17.924,0.545,-0.93,0.0
16.381,0.495,-0.937,0.0
15.038,0.451,-0.942,0.0
0.0,0.0,0.0,0.0
12.993,0.384,-0.953,0.0
20.262,0.594,-0.916,0.0
18.296,0.532,-0.924,0.0
16.676,0.481,-0.931,0.0
15.336,0.439,-0.94,0.0
14.316,0.407,-0.953,0.0
13.183,0.372,-0.948,0.0
20.743,0.581,-0.909,0.0
18.751,0.521,-0.921,0.0
17.011,0.469,-0.926,0.0
15.713,0.43,-0.941,0.0
14.555,0.395,-0.949,0.0
13.461,0.362,-0.949,0.0
21.356,0.57,-0.905,0.0
19.233,0.509,-0.917,0.0
17.839,0.468,-0.945,0.0
16.121,0.42,-0.941,0.0
14.818,0.383,-0.944,0.0
13.569,0.347,-0.937,0.0
22.278,0.566,-0.912,0.0
19.968,0.503,-0.923,0.0
18.056,0.451,-0.93,0.0
16.52,0.409,-0.94,0.0
15.207,0.373,-0.946,0.0
14.291,0.348,-0.965,0.0
22.827,0.552,-0.9,0.0
20.523,0.491,-0.917,0.0
18.606,0.441,-0.93,0.0
16.855,0.396,-0.933,0.0
15.492,0.361,-0.94,0.0
14.497,0.335,-0.956,0.0
23.83,0.546,-0.902,0.0
21.035,0.477,-0.908,0.0
18.934,0.426,-0.917,0.0
17.168,0.382,-0.924,0.0
16.037,0.354,-0.948,0.0
14.718,0.322,-0.948,0.0
24.673,0.535,-0.896,0.0
22.124,0.475,-0.92,0.0
19.669,0.419,-0.921,0.0
17.931,0.378,-0.936,0.0
16.419,0.343,-0.944,0.0
15.089,0.312,-0.947,0.0
25.861,0.53,-0.897,0.0
22.639,0.459,-0.905,0.0
20.434,0.41,-0.924,0.0
18.431,0.366,-0.932,0.0
16.764,0.33,-0.936,0.0
15.431,0.3,-0.943,0.0
26.602,0.514,-0.879,0.0
23.435,0.448,-0.898,0.0
20.465,0.387,-0.892,0.0
18.835,0.353,-0.922,0.0
17.151,0.318,-0.93,0.0
15.945,0.292,-0.948,0.0
28.251,0.514,-0.887,0.0
24.635,0.443,-0.903,0.0
20.119,0.358,-0.843,3.0
19.879,0.349,-0.939,0.0
17.927,0.312,-0.941,0.0
16.363,0.281,-0.945,0.0
29.636,0.505,-0.88,0.0
25.701,0.433,-0.898,0.0
20.123,0.335,-0.809,0.0
20.264,0.334,-0.922,9.0
18.335,0.298,-0.931,0.0
16.748,0.269,-0.938,0.0
31.333,0.5,-0.877,1.0
26.658,0.42,-0.885,0.0
23.515,0.366,-0.904,0.0
20.183,0.311,-0.884,9.0
18.821,0.286,-0.923,0.0
17.121,0.257,-0.929,0.0
20.212,0.301,-0.53,0.0
20.227,0.297,-0.636,6.0
20.212,0.293,-0.741,9.0
20.156,0.289,-0.847,11.0
20.152,0.285,-0.952,1.0
17.815,0.249,-0.935,0.0
20.201,0.28,-0.494,16.0
20.216,0.276,-0.6,25.0
20.214,0.272,-0.705,23.0
20.227,0.269,-0.813,25.0
20.264,0.266,-0.921,11.0
18.489,0.239,-0.937,12.0
20.2,0.259,-0.457,18.0
20.192,0.255,-0.562,28.0
20.198,0.252,-0.668,27.0
20.225,0.249,-0.776,28.0
19.306,0.234,-0.842,21.0
18.52,0.221,-0.904,15.0
20.19,0.239,-0.42,29.0
20.191,0.236,-0.525,30.0
20.2,0.232,-0.631,32.0
20.21,0.229,-0.739,27.0
18.586,0.208,-0.776,152.0
18.536,0.204,-0.871,22.0
20.181,0.22,-0.383,34.0
20.178,0.216,-0.487,30.0
20.193,0.213,-0.593,32.0
0.0,0.0,0.0,0.0
18.539,0.19,-0.74,154.0
18.568,0.187,-0.837,150.0
20.175,0.201,-0.345,35.0
20.192,0.198,-0.45,26.0
20.192,0.195,-0.555,28.0
20.195,0.192,-0.662,19.0
18.579,0.173,-0.706,150.0
18.497,0.17,-0.799,161.0
20.175,0.183,-0.306,38.0
20.166,0.18,-0.41,32.0
20.188,0.177,-0.516,26.0
20.23,0.174,-0.624,8.0
21.644,0.183,-0.781,150.0
18.507,0.154,-0.764,167.0
20.174,0.166,-0.267,37.0
20.193,0.163,-0.373,29.0
20.185,0.16,-0.477,19.0
0.0,0.0,0.0,0.0
21.62,0.165,-0.738,162.0
18.563,0.139,-0.73,152.0
20.172,0.149,-0.228,35.0
20.189,0.146,-0.334,29.0
20.185,0.143,-0.438,9.0
32.562,0.227,-0.879,0.0
21.682,0.148,-0.698,151.0
21.618,0.145,-0.808,157.0
20.182,0.133,-0.189,28.0
20.202,0.13,-0.294,28.0
20.197,0.128,-0.399,8.0
33.412,0.207,-0.836,0.0
21.677,0.131,-0.655,27.0
21.616,0.128,-0.765,164.0
20.183,0.118,-0.15,36.0
20.196,0.115,-0.254,27.0
20.208,0.113,-0.359,7.0
0.0,0.0,0.0,0.0
0.0,0.0,0.0,0.0
21.671,0.113,-0.724,151.0
20.189,0.103,-0.11,33.0
20.178,0.101,-0.214,19.0
20.221,0.098,-0.319,3.0
38.459,0.183,-0.81,0.0
32.915,0.152,-0.863,1.0
27.845,0.125,-0.874,0.0
20.197,0.089,-0.069,33.0
20.206,0.087,-0.174,28.0
20.23,0.085,-0.278,2.0
41.27,0.168,-0.785,1.0
0.0,0.0,0.0,0.0
31.224,0.12,-0.918,3.0
20.211,0.076,-0.028,39.0
20.216,0.074,-0.132,26.0
20.212,0.071,-0.237,1.0
20.252,0.069,-0.344,0.0
37.651,0.125,-0.834,0.0
33.045,0.106,-0.903,1.0
20.211,0.063,0.012,27.0
20.219,0.061,-0.091,22.0
20.225,0.059,-0.195,13.0
20.241,0.057,-0.302,1.0
20.232,0.055,-0.406,2.0
33.259,0.087,-0.839,5.0
20.195,0.051,0.054,15.0
20.253,0.049,-0.049,12.0
20.258,0.047,-0.154,60.0
20.261,0.045,-0.26,77.0
20.272,0.043,-0.365,150.0
20.266,0.041,-0.469,81.0
20.147,0.04,0.096,30.0
20.258,0.038,-0.007,151.0
20.259,0.036,-0.111,151.0
20.253,0.034,-0.218,151.0
20.264,0.032,-0.322,150.0
20.269,0.031,-0.427,150.0
20.143,0.029,0.138,28.0
20.253,0.028,0.034,150.0
20.249,0.026,-0.069,152.0
20.251,0.024,-0.175,151.0
20.268,0.022,-0.28,150.0
20.255,0.021,-0.384,150.0
20.123,0.019,0.18,28.0
20.14,0.018,0.077,32.0
20.228,0.016,-0.026,154.0
20.271,0.015,-0.133,150.0
20.268,0.013,-0.237,83.0
20.252,0.012,-0.341,24.0
20.127,0.01,0.223,27.0
20.128,0.009,0.119,29.0
20.266,0.007,0.016,59.0
20.238,0.006,-0.09,24.0
20.223,0.005,-0.194,10.0
20.241,0.003,-0.298,5.0
20.136,0.002,0.266,26.0
20.128,0.001,0.162,28.0
20.139,0.0,0.058,28.0
20.176,-0.001,-0.047,13.0
20.176,-0.002,-0.151,15.0
20.176,-0.003,-0.254,6.0
20.124,-0.005,0.308,30.0
20.113,-0.006,0.204,28.0
20.126,-0.007,0.1,33.0
20.114,-0.008,-0.004,17.0
20.17,-0.009,-0.108,23.0
20.17,-0.01,-0.211,6.0
20.127,-0.011,0.35,30.0
20.127,-0.012,0.247,26.0
20.121,-0.013,0.143,27.0
20.137,-0.014,0.037,33.0
20.137,-0.015,-0.065,25.0
20.17,-0.016,-0.169,24.0
20.122,-0.017,0.393,27.0
20.123,-0.018,0.289,26.0
20.11,-0.019,0.186,33.0
20.128,-0.02,0.08,38.0
20.13,-0.021,-0.022,33.0
20.158,-0.022,-0.126,29.0
20.136,-0.023,0.436,30.0
20.123,-0.023,0.332,29.0
20.116,-0.024,0.228,31.0
20.118,-0.025,0.123,30.0
20.137,-0.026,0.019,38.0
20.144,-0.026,-0.083,31.0
20.136,-0.027,0.479,27.0
20.117,-0.028,0.375,28.0
20.113,-0.028,0.271,26.0
20.112,-0.029,0.166,37.0
20.128,-0.029,0.063,41.0
20.129,-0.03,-0.04,35.0
20.153,-0.031,0.523,23.0
20.123,-0.031,0.418,29.0
20.118,-0.032,0.314,29.0
20.112,-0.032,0.209,32.0
20.124,-0.033,0.106,37.0
20.129,-0.033,0.002,36.0
20.145,-0.034,0.565,19.0
20.123,-0.034,0.461,26.0
20.114,-0.035,0.358,29.0
20.115,-0.035,0.252,28.0
20.118,-0.035,0.149,34.0
20.138,-0.035,0.045,41.0
20.179,-0.036,0.61,17.0
20.144,-0.037,0.505,22.0
20.113,-0.037,0.4,26.0
20.117,-0.037,0.295,28.0
20.109,-0.037,0.192,31.0
20.127,-0.037,0.088,39.0
58.282,-0.111,1.887,147.0
20.135,-0.038,0.548,19.0
20.127,-0.038,0.444,27.0
20.113,-0.038,0.338,29.0
20.107,-0.038,0.235,31.0
20.122,-0.038,0.131,31.0
58.31,-0.113,2.012,154.0
20.153,-0.039,0.591,16.0
20.139,-0.038,0.487,24.0
20.12,-0.038,0.381,27.0
20.108,-0.038,0.278,28.0
20.115,-0.038,0.174,34.0
58.287,-0.113,2.135,100.0
20.187,-0.039,0.635,18.0
20.13,-0.038,0.529,19.0
20.125,-0.038,0.424,29.0
20.116,-0.037,0.32,30.0
20.114,-0.037,0.217,32.0
58.286,-0.111,2.26,9.0
58.311,-0.109,1.96,152.0
20.149,-0.037,0.573,18.0
20.136,-0.037,0.467,25.0
20.119,-0.036,0.363,28.0
20.111,-0.035,0.259,28.0
20.139,-0.036,0.823,23.0
58.281,-0.105,2.083,129.0
20.177,-0.035,0.617,18.0
20.139,-0.035,0.51,21.0
20.122,-0.034,0.406,28.0
20.12,-0.033,0.302,29.0
58.287,-0.1,2.507,12.0
58.297,-0.098,2.207,7.0
58.283,-0.095,1.906,74.0
20.126,-0.032,0.552,19.0
20.126,-0.031,0.448,27.0
20.122,-0.03,0.345,31.0
58.266,-0.091,2.63,250.0
20.127,-0.03,0.804,22.0
58.283,-0.086,2.028,56.0
20.148,-0.028,0.595,17.0
20.132,-0.027,0.49,22.0
20.119,-0.026,0.386,25.0
58.231,-0.08,2.749,255.0
20.122,-0.026,0.846,22.0
20.125,-0.025,0.742,23.0
20.199,-0.024,0.639,26.0
20.159,-0.023,0.533,20.0
20.133,-0.022,0.429,28.0
59.28,-0.068,2.923,56.0
58.296,-0.064,2.573,150.0
20.121,-0.02,0.784,25.0
20.148,-0.019,0.679,20.0
20.172,-0.018,0.575,21.0
20.133,-0.017,0.47,25.0
59.167,-0.052,3.04,34.0
58.245,-0.048,2.691,255.0
20.118,-0.015,0.825,27.0
20.12,-0.014,0.719,27.0
20.197,-0.012,0.618,26.0
20.145,-0.011,0.512,22.0
0.0,0.0,0.0,0.0
58.308,-0.03,2.814,148.0
20.134,-0.009,0.867,22.0
20.118,-0.007,0.76,27.0
20.181,-0.006,0.658,35.0
20.17,-0.004,0.553,24.0
59.939,-0.015,3.326,46.0
59.305,-0.011,2.984,46.0
58.294,-0.006,2.631,192.0
20.117,0.0,0.801,26.0
20.134,0.001,0.698,26.0
20.183,0.002,0.595,26.0
46.127,0.005,2.654,11.0
59.347,0.011,3.107,32.0
58.292,0.016,2.749,171.0
20.125,0.007,0.843,29.0
20.112,0.009,0.738,30.0
20.187,0.01,0.636,48.0
46.118,0.023,2.747,53.0
59.922,0.036,3.258,49.0
67.0,0.046,3.294,42.0
20.086,0.015,0.881,18.0
20.107,0.017,0.778,27.0
20.152,0.019,0.675,32.0
58.661,0.056,3.612,23.0
59.946,0.063,3.379,22.0
66.78,0.076,3.416,10.0
66.733,0.083,3.061,10.0
20.103,0.027,0.817,26.0
20.119,0.029,0.713,33.0
58.674,0.083,3.728,72.0
66.617,0.101,3.886,17.0
59.432,0.096,3.156,50.0
66.762,0.116,3.193,55.0
20.108,0.037,0.857,23.0
20.098,0.039,0.752,23.0
58.674,0.113,3.843,62.0
46.122,0.094,2.78,47.0
59.794,0.128,3.292,34.0
66.728,0.15,3.32,44.0
20.11,0.047,0.895,12.0
20.11,0.05,0.791,24.0
58.623,0.145,3.953,14.0
60.167,0.155,3.743,27.0
60.016,0.162,3.421,21.0
66.734,0.188,3.45,28.0
66.856,0.197,3.108,34.0
20.114,0.061,0.83,23.0
45.518,0.139,3.158,51.0
60.241,0.191,3.864,45.0
46.155,0.152,2.719,22.0
66.826,0.228,3.581,9.0
67.012,0.237,3.242,8.0
20.116,0.073,0.868,15.0
45.555,0.166,3.247,57.0
0.0,0.0,0.0,0.0
46.198,0.18,2.809,57.0
59.449,0.24,3.298,56.0
103.622,0.432,5.207,29.0
66.052,0.284,2.975,11.0
45.613,0.196,3.336,56.0
58.663,0.26,3.983,31.0
46.207,0.211,2.895,47.0
59.46,0.279,3.408,64.0
66.837,0.323,3.482,32.0
66.0,0.328,3.094,15.0
0.0,0.0,0.0,0.0
58.633,0.299,4.089,26.0
46.228,0.242,2.982,8.0
67.16,0.362,3.974,9.0
66.873,0.37,3.606,15.0
103.61,0.587,5.045,16.0
45.518,0.258,3.496,33.0
0.0,0.0,0.0,0.0
104.133,0.621,6.906,29.0
67.18,0.41,4.096,33.0
109.839,0.687,6.121,7.0
103.612,0.663,5.231,18.0
45.478,0.291,3.575,41.0
60.443,0.396,4.434,7.0
103.727,0.696,7.064,9.0
67.18,0.461,4.216,27.0
59.512,0.417,3.422,7.0
66.931,0.479,3.498,19.0
45.456,0.326,3.655,60.0
67.32,0.494,5.058,27.0
58.617,0.439,4.096,23.0
46.243,0.353,2.983,53.0
59.45,0.464,3.523,20.0
66.981,0.532,3.617,27.0
45.416,0.362,3.731,49.0
43.631,0.354,3.354,3.0
58.601,0.485,4.196,30.0
46.264,0.39,3.064,35.0
59.446,0.511,3.624,53.0
67.09,0.588,3.737,14.0
45.167,0.397,3.788,56.0
43.513,0.39,3.419,11.0
58.672,0.535,4.301,26.0
46.259,0.43,3.142,4.0
59.455,0.562,3.725,65.0
101.121,0.972,5.803,9.0
44.374,0.428,3.797,8.0
52.607,0.516,4.223,13.0
58.677,0.585,4.399,5.0
101.154,1.026,7.038,17.0
59.394,0.612,3.819,65.0
101.611,1.065,5.999,20.0
40.408,0.425,3.524,25.0
58.195,0.623,4.768,14.0
101.056,1.099,7.744,13.0
103.924,1.147,7.403,7.0
59.369,0.666,3.915,30.0
116.957,1.333,7.096,4.0
44.104,0.505,3.92,3.0
58.709,0.682,4.907,7.0
43.363,0.511,3.394,3.0
69.183,0.829,5.041,7.0
46.346,0.563,3.131,48.0
110.043,1.356,6.853,10.0
40.495,0.501,3.664,34.0
44.289,0.556,3.772,3.0
52.513,0.669,4.193,8.0
67.846,0.877,5.051,6.0
59.414,0.778,4.107,13.0
101.692,1.35,6.492,7.0
40.453,0.54,3.724,35.0
40.419,0.546,3.505,19.0
43.203,0.592,3.516,2.0
67.686,0.94,5.142,9.0
59.316,0.834,4.191,19.0
59.856,0.853,3.912,2.0
54.049,0.774,5.058,2.0
40.408,0.586,3.566,61.0
67.123,0.986,5.565,15.0
46.433,0.691,3.597,47.0
46.419,0.699,3.349,37.0
101.604,1.549,6.792,14.0
54.082,0.829,5.143,11.0
0.0,0.0,0.0,0.0
44.112,0.692,3.722,8.0
46.422,0.737,3.664,84.0
67.77,1.09,4.989,29.0
67.668,1.101,4.622,35.0
52.56,0.86,5.075,4.0
52.41,0.868,4.78,9.0
40.433,0.677,3.471,2.0
46.424,0.786,3.732,37.0
53.295,0.913,4.001,5.0
101.765,1.763,7.096,6.0
52.556,0.916,5.151,48.0
40.439,0.712,3.746,3.0
46.506,0.828,4.059,4.0
46.509,0.838,3.806,4.0
42.576,0.775,3.256,4.0
67.711,1.246,4.817,2.0
53.142,0.984,5.283,7.0
40.36,0.755,3.795,41.0
40.411,0.764,3.583,13.0
43.312,0.827,3.603,17.0
52.684,1.016,4.1,5.0
53.44,1.042,3.873,5.0
36.369,0.713,3.665,2.0
46.589,0.922,4.443,10.0
46.545,0.931,4.189,5.0
46.513,0.94,3.931,8.0
57.928,1.182,4.585,6.0
67.842,1.398,5.006,23.0
46.659,0.967,4.763,10.0
52.547,1.099,5.081,4.0
40.244,0.85,3.674,15.0
46.48,0.991,3.988,17.0
52.246,1.124,4.203,9.0
60.038,1.305,4.507,7.0
46.538,1.017,4.811,16.0
52.593,1.16,5.152,22.0
46.548,1.036,4.308,18.0
46.57,1.046,4.055,5.0
52.224,1.184,4.266,7.0
67.262,1.538,5.133,13.0
46.527,1.071,4.868,9.0
52.744,1.225,5.233,16.0
40.415,0.946,3.79,22.0
40.396,0.954,3.566,2.0
42.954,1.023,3.56,9.0
57.803,1.389,4.48,12.0
46.524,1.125,4.923,3.0
57.657,1.406,5.788,8.0
40.33,0.991,3.83,43.0
46.387,1.15,4.15,11.0
52.313,1.308,4.397,12.0
52.163,1.314,4.103,9.0
53.223,1.35,5.694,4.0
61.518,1.573,6.247,5.0
52.904,1.363,5.085,7.0
40.416,1.05,3.661,66.0
51.94,1.36,4.424,15.0
52.103,1.375,4.156,15.0
0.0,0.0,0.0,0.0
46.591,1.247,4.783,6.0
53.288,1.437,5.181,8.0
40.363,1.097,3.701,73.0
40.402,1.106,3.485,7.0
43.198,1.192,3.493,4.0
57.942,1.61,6.328,4.0
46.611,1.305,4.835,18.0
54.377,1.533,5.345,1.0
40.372,1.146,3.744,44.0
40.389,1.155,3.526,20.0
43.596,1.256,3.57,2.0
48.396,1.404,5.336,1.0
59.27,1.732,6.21,27.0
52.542,1.546,5.218,2.0
53.002,1.571,4.97,9.0
40.508,1.209,3.577,6.0
43.652,1.311,3.618,5.0
58.728,1.777,6.533,15.0
46.375,1.413,4.905,7.0
52.439,1.608,5.259,4.0
53.168,1.641,5.037,7.0
52.775,1.64,4.712,7.0
50.708,1.587,4.251,7.0
59.061,1.861,6.627,7.0
46.337,1.47,4.945,7.0
52.448,1.675,5.31,4.0
53.194,1.709,5.089,5.0
46.71,1.51,4.214,8.0
51.104,1.664,4.331,14.0
46.662,1.529,5.279,25.0
57.584,1.899,6.198,6.0
58.509,1.942,5.976,7.0
52.859,1.765,5.104,2.0
43.629,1.466,3.974,12.0
46.894,1.585,4.015,6.0
46.691,1.59,5.323,17.0
46.891,1.606,5.087,3.0
58.41,2.013,6.016,4.0
52.479,1.819,5.111,2.0
46.215,1.612,4.248,5.0
46.858,1.644,4.051,8.0
46.76,1.652,5.369,6.0
46.557,1.655,5.089,16.0
46.214,1.652,4.798,3.0
52.407,1.885,5.147,5.0
46.157,1.669,4.28,6.0
46.884,1.706,4.09,6.0
46.706,1.712,5.401,2.0
46.239,1.703,5.091,10.0
60.263,2.232,6.302,18.0
52.426,1.953,5.189,4.0
43.203,1.618,4.039,8.0
46.985,1.77,4.134,3.0
59.923,2.273,6.974,1.0
0.0,0.0,0.0,0.0
46.875,1.798,4.937,5.0
60.239,2.323,6.006,3.0
43.033,1.668,4.053,5.0
46.942,1.829,4.163,11.0
59.967,2.354,7.021,2.0
59.422,2.344,6.628,13.0
66.114,2.622,7.008,8.0
57.17,2.278,5.738,7.0
54.774,2.194,5.195,1.0
59.008,2.376,5.272,4.0
59.769,2.424,7.037,9.0
46.798,1.907,5.249,8.0
46.612,1.908,4.97,5.0
45.951,1.891,4.641,2.0
52.599,2.175,5.021,4.0
53.595,2.227,4.821,6.0
59.292,2.483,7.017,7.0
46.966,1.976,5.297,4.0
66.857,2.826,7.168,6.0
45.89,1.949,4.661,4.0
52.488,2.24,5.041,4.0
49.458,2.12,4.477,3.0
59.361,2.564,7.058,12.0
47.077,2.042,5.335,2.0
46.253,2.015,4.985,3.0
46.347,2.028,4.733,3.0
52.496,2.308,5.07,5.0
59.395,2.624,5.408,6.0
60.288,2.683,7.2,5.0
0.0,0.0,0.0,0.0
46.436,2.085,5.028,8.0
46.967,2.118,4.819,4.0
52.496,2.377,5.095,4.0
45.549,2.072,4.169,3.0
61.412,2.814,7.364,2.0
0.0,0.0,0.0,0.0
46.241,2.137,5.028,10.0
46.474,2.156,4.79,20.0
60.787,2.833,5.927,4.0
50.439,2.361,4.638,2.0
46.717,2.202,5.622,1.0
47.518,2.249,5.452,0.0
46.226,2.197,5.046,13.0
46.71,2.229,4.833,3.0
45.699,2.189,4.474,3.0
46.002,2.213,4.248,2.0
46.716,2.263,5.639,1.0
0.0,0.0,0.0,0.0
46.328,2.262,5.073,17.0
46.676,2.288,4.846,3.0
45.721,2.249,4.492,4.0
45.977,2.271,4.261,5.0
0.0,0.0,0.0,0.0
60.347,3.014,6.966,4.0
46.544,2.333,5.112,16.0
60.615,3.05,6.312,5.0
45.652,2.305,4.499,6.0
45.94,2.328,4.271,5.0
0.0,0.0,0.0,0.0
60.369,3.093,6.986,3.0
46.229,2.377,5.09,2.0
46.707,2.41,4.876,3.0
45.76,2.37,4.521,4.0
45.959,2.389,4.284,2.0
60.468,3.166,7.352,0.0
60.371,3.171,7.0,0.0
45.851,2.417,5.059,0.0
46.981,2.485,4.915,2.0
45.644,2.423,4.52,1.0
45.64,2.431,4.264,2.0
0.0,0.0,0.0,0.0
47.263,2.544,5.489,1.0
46.08,2.488,5.092,4.0
46.556,2.522,4.879,2.0
45.715,2.485,4.534,1.0
45.487,2.481,4.257,4.0
0.0,0.0,0.0,0.0
47.386,2.611,5.51,4.0
0.0,0.0,0.0,0.0
0.0,0.0,0.0,0.0
43.4,2.414,4.31,1.0
45.915,2.562,4.303,3.0
0.0,0.0,0.0,0.0
46.14,2.601,5.37,1.0
0.0,0.0,0.0,0.0
46.265,2.624,4.858,2.0
45.587,2.593,4.531,5.0
45.795,2.613,4.294,1.0
0.0,0.0,0.0,0.0
46.545,2.682,5.42,1.0
46.349,2.679,5.135,3.0
46.552,2.698,4.89,4.0
45.831,2.673,4.299,3.0
47.827,2.809,5.841,5.0
0.0,0.0,0.0,0.0
46.123,2.724,5.11,0.0
45.746,2.709,4.805,3.0
47.415,2.824,4.447,3.0
0.0,0.0,0.0,0.0
46.704,2.808,5.437,0.0
46.209,2.786,5.118,3.0
45.618,2.758,4.79,2.0
45.521,2.767,4.266,2.0
0.0,0.0,0.0,0.0
0.0,0.0,0.0,0.0
46.202,2.841,5.113,3.0
45.77,2.83,4.543,1.0
45.576,2.825,4.267,3.0
0.0,0.0,0.0,0.0
47.116,2.948,5.476,0.0
46.233,2.899,5.11,2.0
45.568,2.879,4.259,3.0
0.0,0.0,0.0,0.0
47.156,3.006,5.472,1.0
0.0,0.0,0.0,0.0
45.743,2.936,4.525,1.0
45.565,2.932,4.25,3.0
0.0,0.0,0.0,0.0
47.095,3.058,5.456,2.0
0.0,0.0,0.0,0.0
45.603,2.981,4.501,4.0
45.561,2.985,4.239,2.0
0.0,0.0,0.0,0.0
0.0,0.0,0.0,0.0
0.0,0.0,0.0,0.0
45.494,3.026,4.477,9.0
47.714,3.18,4.426,1.0
0.0,0.0,0.0,0.0
46.211,3.107,5.327,1.0
0.0,0.0,0.0,0.0
45.632,3.087,4.477,14.0
47.574,3.225,4.397,2.0
0.0,0.0,0.0,0.0
46.207,3.159,5.311,3.0
0.0,0.0,0.0,0.0
45.518,3.129,4.449,4.0
47.399,3.265,4.364,0.0
0.0,0.0,0.0,0.0
46.148,3.205,5.287,1.0
0.0,0.0,0.0,0.0
45.613,3.185,4.44,3.0
45.558,3.187,4.176,3.0
0.0,0.0,0.0,0.0
0.0,0.0,0.0,0.0
0.0,0.0,0.0,0.0
47.857,3.392,4.638,2.0
45.64,3.241,4.164,3.0
0.0,0.0,0.0,0.0
0.0,0.0,0.0,0.0
0.0,0.0,0.0,0.0
45.778,3.293,4.414,1.0
0.0,0.0,0.0,0.0
0.0,0.0,0.0,0.0
46.24,3.363,4.968,1.0
45.826,3.343,4.395,1.0
0.0,0.0,0.0,0.0
0.0,0.0,0.0,0.0
0.0,0.0,0.0,0.0
45.544,3.363,4.602,2.0
0.0,0.0,0.0,0.0
0.0,0.0,0.0,0.0
0.0,0.0,0.0,0.0
0.0,0.0,0.0,0.0
45.539,3.407,4.575,3.0
0.0,0.0,0.0,0.0
0.0,0.0,0.0,0.0
0.0,0.0,0.0,0.0
0.0,0.0,0.0,0.0
0.0,0.0,0.0,0.0
0.0,0.0,0.0,0.0
0.0,0.0,0.0,0.0
0.0,0.0,0.0,0.0
45.43,3.521,4.737,1.0
45.36,3.528,3.946,1.0
0.0,0.0,0.0,0.0
0.0,0.0,0.0,0.0
45.396,3.558,4.7,3.0
114.533,9.005,9.877,6.0
0.0,0.0,0.0,0.0
0.0,0.0,0.0,0.0
45.976,3.645,4.455,1.0
112.114,8.897,10.222,2.0
114.724,9.114,9.803,1.0
0.0,0.0,0.0,0.0
45.35,3.625,4.884,1.0
0.0,0.0,0.0,0.0
46.0,3.683,4.42,1.0
0.0,0.0,0.0,0.0
112.22,9.004,9.497,5.0
45.131,3.639,5.084,2.0
45.295,3.656,4.841,1.0
0.0,0.0,0.0,0.0
46.074,3.724,4.388,0.0
115.966,9.383,10.379,4.0
116.185,9.41,9.733,5.0
45.106,3.672,5.041,0.0
0.0,0.0,0.0,0.0
0.0,0.0,0.0,0.0
116.14,9.474,10.96,13.0
116.121,9.48,10.291,16.0
116.251,9.499,9.635,11.0
0.0,0.0,0.0,0.0
0.0,0.0,0.0,0.0
116.171,9.552,11.537,2.0
114.373,9.411,10.688,2.0
112.51,9.264,9.867,2.0
0.0,0.0,0.0,0.0
0.0,0.0,0.0,0.0
0.0,0.0,0.0,0.0
115.53,9.576,11.365,2.0
114.574,9.504,10.598,9.0
117.955,9.791,10.232,3.0
117.855,9.788,9.548,12.0
0.0,0.0,0.0,0.0
114.961,9.598,11.86,2.0
46.08,3.849,4.487,1.0
115.117,9.621,10.536,11.0
112.618,9.418,9.659,7.0
112.665,9.428,9.016,8.0
0.0,0.0,0.0,0.0
115.103,9.68,11.759,2.0
45.999,3.87,4.433,1.0
115.114,9.69,10.419,8.0
115.565,9.733,9.794,13.0
112.591,9.488,8.895,5.0
0.0,0.0,0.0,0.0
114.769,9.719,11.605,3.0
115.171,9.756,10.979,3.0
114.807,9.729,10.271,6.0
115.519,9.795,9.669,4.0
115.356,9.786,8.992,4.0
0.0,0.0,0.0,0.0
114.795,9.783,11.484,5.0
115.162,9.818,10.855,4.0
114.946,9.802,10.16,5.0
96.246,8.21,7.953,1.0
115.391,9.848,8.871,6.0
0.0,0.0,0.0,0.0
114.894,9.85,11.367,5.0
115.152,9.874,10.726,3.0
114.961,9.86,10.034,3.0
91.86,7.882,7.488,1.0
115.627,9.925,8.76,9.0
0.0,0.0,0.0,0.0
114.919,9.904,11.24,6.0
0.0,0.0,0.0,0.0
115.097,9.924,9.915,3.0
96.665,8.336,7.771,3.0
106.449,9.184,7.944,1.0
0.0,0.0,0.0,0.0
115.067,9.965,11.124,6.0
99.374,8.608,9.031,2.0
114.946,9.958,9.77,22.0
115.04,9.968,9.116,11.0
115.13,9.978,8.461,10.0
115.098,10.013,11.658,13.0
114.923,9.998,10.974,20.0
114.968,10.003,10.313,24.0
115.021,10.007,9.643,14.0
96.412,8.389,7.527,5.0
114.933,10.003,8.309,7.0
114.858,10.032,11.496,11.0
114.903,10.037,10.834,9.0
114.897,10.035,10.169,9.0
109.262,9.542,9.029,2.0
96.493,8.428,7.417,8.0
106.765,9.326,7.593,3.0
114.846,10.066,11.356,6.0
114.729,10.056,10.678,8.0
114.743,10.056,10.016,4.0
109.435,9.59,8.909,2.0
114.526,10.036,8.663,6.0
97.271,8.525,6.797,3.0
115.012,10.113,11.227,2.0
113.933,10.016,10.461,5.0
113.98,10.018,9.806,7.0
99.551,8.75,7.98,1.0
96.526,8.483,7.18,8.0
107.247,9.425,7.361,7.0
115.002,10.139,11.081,3.0
116.211,10.243,10.523,2.0
113.984,10.044,9.663,4.0
112.766,9.935,8.896,5.0
91.399,8.052,6.682,2.0
107.446,9.465,7.237,6.0
115.186,10.176,10.952,2.0
109.654,9.685,9.79,7.0
86.383,7.627,7.212,2.0
112.688,9.947,8.745,4.0
96.625,8.528,6.941,2.0
107.465,9.484,7.101,1.0
115.942,10.26,10.871,2.0
109.607,9.696,9.642,6.0
99.369,8.788,8.166,4.0
96.489,8.53,7.362,5.0
96.622,8.54,6.814,6.0
90.199,7.971,5.842,1.0
109.674,9.718,10.138,2.0
109.682,9.713,9.504,3.0
99.283,8.789,8.028,5.0
96.544,8.544,7.239,6.0
97.085,8.589,6.719,6.0
85.498,7.562,5.424,2.0
114.815,10.181,10.46,4.0
109.754,9.726,9.363,3.0
99.328,8.799,7.898,2.0
96.937,8.583,7.138,4.0
85.028,7.526,5.77,3.0
85.29,7.547,5.297,4.0
86.105,7.636,7.727,3.0
109.767,9.73,9.214,2.0
109.58,9.708,8.564,1.0
91.386,8.092,6.604,1.0
97.206,8.604,6.464,1.0
98.276,8.696,5.969,4.0
86.188,7.642,7.615,4.0
99.459,8.813,8.211,4.0
96.572,8.553,7.414,4.0
96.827,8.57,6.865,6.0
96.973,8.579,6.315,1.0
78.383,6.932,4.653,2.0
109.66,9.716,9.537,4.0
99.223,8.785,8.055,6.0
96.542,8.543,7.279,5.0
96.893,8.568,6.735,8.0
90.133,7.966,5.745,2.0
91.7,8.101,5.317,3.0
109.636,9.702,9.382,7.0
109.725,9.703,8.754,2.0
112.599,9.951,8.332,6.0
84.948,7.502,5.786,3.0
85.353,7.533,5.322,4.0
89.152,7.863,5.045,1.0
86.406,7.633,7.272,1.0
112.763,9.954,8.836,4.0
112.484,9.921,8.165,4.0
107.457,9.471,7.169,3.0
86.565,7.625,5.275,1.0
85.386,7.516,4.712,3.0
91.83,8.094,7.598,1.0
96.438,8.494,7.421,5.0
0.0,0.0,0.0,0.0
109.302,9.612,7.136,6.0
86.968,7.642,5.177,3.0
85.904,7.543,4.619,5.0
109.51,9.628,8.905,5.0
96.559,8.481,7.293,8.0
97.194,8.529,6.779,2.0
85.262,7.476,5.446,5.0
91.55,8.021,5.32,4.0
86.188,7.545,4.512,5.0
92.04,8.066,7.353,1.0
114.546,10.028,8.487,6.0
107.397,9.393,7.337,7.0
91.788,8.02,5.731,12.0
91.283,7.97,5.172,2.0
89.568,7.813,4.56,3.0
96.463,8.421,7.566,5.0
114.885,10.02,8.346,8.0
90.49,7.884,6.051,6.0
83.654,7.282,5.103,2.0
91.482,7.955,5.054,9.0
108.064,9.39,5.348,7.0
96.472,8.388,7.429,8.0
97.008,8.425,6.908,6.0
91.716,7.956,6.001,7.0
91.594,7.938,5.454,3.0
96.765,8.377,5.204,4.0
0.0,0.0,0.0,0.0
115.145,9.963,8.696,11.0
107.496,9.29,7.496,6.0
85.408,7.373,5.462,5.0
91.401,7.881,5.308,1.0
96.925,8.348,5.071,3.0
87.742,7.55,4.086,12.0
115.258,9.92,8.534,7.0
112.274,9.651,7.665,4.0
91.428,7.85,5.713,7.0
99.193,8.507,5.616,3.0
89.569,7.672,4.555,2.0
99.01,8.471,4.466,5.0
85.011,7.274,6.169,3.0
85.532,7.309,5.712,2.0
91.474,7.806,5.582,4.0
91.897,7.833,5.068,2.0
108.255,9.217,5.346,3.0
143.477,12.201,6.261,10.0
96.424,8.198,6.856,4.0
85.439,7.254,5.581,4.0
91.632,7.769,5.457,6.0
92.286,7.814,4.954,5.0
91.871,7.77,4.402,2.0
109.906,9.283,4.635,9.0
96.359,8.136,6.708,7.0
97.793,8.244,6.243,5.0
91.696,7.72,5.325,5.0
96.907,8.147,5.059,5.0
87.429,7.34,4.061,7.0
0.0,0.0,0.0,0.0
111.609,9.353,7.606,5.0
116.027,9.708,7.236,8.0
97.151,8.116,5.498,2.0
88.336,7.37,4.482,2.0
99.291,8.272,4.467,6.0
143.602,11.946,5.635,25.0
116.126,9.654,7.742,7.0
91.255,7.573,5.556,11.0
92.102,7.631,5.077,4.0
97.495,8.066,4.804,3.0
99.357,8.208,4.323,6.0
144.139,11.89,5.445,5.0
91.674,7.554,5.976,4.0
97.325,8.007,5.783,5.0
92.259,7.578,4.951,4.0
87.728,7.193,4.194,5.0
109.879,8.997,4.621,2.0
154.819,12.656,5.622,13.0
91.538,7.474,5.834,6.0
99.084,8.076,5.744,2.0
98.57,8.02,5.146,2.0
96.572,7.844,4.476,3.0
99.872,8.099,4.055,4.0
193.433,15.661,6.742,5.0
97.324,7.868,6.06,6.0
92.073,7.43,5.202,4.0
87.432,7.042,4.435,5.0
110.086,8.851,4.939,3.0
156.99,12.6,6.143,3.0
154.567,12.384,5.162,3.0
108.606,8.689,6.603,6.0
92.141,7.357,5.07,5.0
96.666,7.703,4.763,8.0
109.987,8.747,4.775,6.0
169.608,13.466,6.39,7.0
154.685,12.259,4.941,12.0
91.274,7.221,5.415,4.0
92.384,7.294,4.95,4.0
96.803,7.627,4.63,5.0
110.002,8.65,4.618,6.0
107.014,8.4,3.878,2.0
167.224,13.101,5.101,17.0
96.962,7.581,5.613,4.0
110.848,8.648,5.779,2.0
96.844,7.539,4.492,3.0
108.156,8.403,4.385,2.0
154.482,11.979,5.375,11.0
178.219,13.792,5.179,11.0
92.101,7.11,5.198,3.0
108.234,8.337,5.486,2.0
99.182,7.624,4.457,2.0
154.44,11.846,6.039,11.0
156.923,12.011,5.237,29.0
156.973,11.992,4.339,13.0
91.972,7.008,5.061,1.0
0.0,0.0,0.0,0.0
0.0,0.0,0.0,0.0
156.831,11.869,5.911,6.0
169.672,12.812,5.422,10.0
166.845,12.573,4.376,10.0
110.77,8.324,5.937,4.0
0.0,0.0,0.0,0.0
110.168,8.24,4.639,5.0
163.696,12.214,5.937,12.0
166.504,12.394,5.084,3.0
167.184,12.416,4.147,7.0
120.423,8.916,6.282,3.0
96.295,7.112,4.471,3.0
108.001,7.957,4.395,2.0
166.221,12.216,5.795,3.0
155.205,11.378,4.521,16.0
162.178,11.862,3.795,41.0
108.179,7.887,5.492,3.0
121.599,8.842,5.477,2.0
109.524,7.944,4.304,1.0
160.83,11.635,5.384,17.0
156.152,11.268,4.333,23.0
168.091,12.098,3.702,14.0
196.152,14.07,9.686,5.0
121.366,8.682,5.297,8.0
161.093,11.492,6.108,10.0
156.363,11.124,5.017,4.0
161.889,11.488,4.268,15.0
174.092,12.321,3.594,14.0
107.236,7.561,5.147,2.0
110.418,7.764,4.668,2.0
156.42,10.968,5.717,6.0
161.46,11.288,4.961,16.0
173.101,12.068,4.328,13.0
0.0,0.0,0.0,0.0
121.436,8.411,5.666,3.0
156.145,10.782,6.39,4.0
156.838,10.799,5.52,15.0
169.077,11.607,4.966,10.0
178.642,12.228,4.227,5.0
0.0,0.0,0.0,0.0
121.452,8.256,5.504,2.0
161.985,10.976,6.413,5.0
161.849,10.935,5.482,11.0
162.72,10.96,4.565,18.0
173.773,11.669,3.883,6.0
0.0,0.0,0.0,0.0
107.802,7.185,4.742,1.0
167.715,11.141,6.417,5.0
177.517,11.754,5.778,6.0
178.731,11.796,4.778,16.0
0.0,0.0,0.0,0.0
0.0,0.0,0.0,0.0
110.661,7.223,4.722,2.0
166.257,10.816,6.144,4.0
174.13,11.291,5.441,4.0
195.827,12.654,4.98,7.0
198.239,12.766,3.91,9.0
0.0,0.0,0.0,0.0
174.468,11.145,7.221,4.0
0.0,0.0,0.0,0.0
0.0,0.0,0.0,0.0
195.85,12.378,4.729,7.0
0.0,0.0,0.0,0.0
203.043,12.743,2.589,5.0
0.0,0.0,0.0,0.0
0.0,0.0,0.0,0.0
0.0,0.0,0.0,0.0
0.0,0.0,0.0,0.0
0.0,0.0,0.0,0.0
0.0,0.0,0.0,0.0
0.0,0.0,0.0,0.0
0.0,0.0,0.0,0.0
195.621,11.834,5.371,5.0
198.382,11.954,4.296,5.0
0.0,0.0,0.0,0.0
208.188,12.449,2.138,14.0
156.147,9.285,5.877,3.0
0.0,0.0,0.0,0.0
0.0,0.0,0.0,0.0
0.0,0.0,0.0,0.0
0.0,0.0,0.0,0.0
197.51,11.508,1.789,5.0
192.952,11.173,7.027,5.0
0.0,0.0,0.0,0.0
0.0,0.0,0.0,0.0
0.0,0.0,0.0,0.0
0.0,0.0,0.0,0.0
197.304,11.188,1.552,23.0
192.757,10.858,6.791,5.0
0.0,0.0,0.0,0.0
196.14,10.952,4.678,18.0
196.078,10.9,3.543,34.0
196.061,10.852,2.429,62.0
196.068,10.804,1.315,66.0
195.898,10.724,6.677,8.0
196.043,10.68,5.566,24.0
196.22,10.639,4.455,17.0
0.0,0.0,0.0,0.0
206.839,11.112,2.326,9.0
197.244,10.547,1.098,20.0
193.844,10.292,6.387,5.0
197.425,10.432,5.382,6.0
0.0,0.0,0.0,0.0
0.0,0.0,0.0,0.0
201.886,10.512,2.044,13.0
197.199,10.219,0.878,15.0
193.999,9.977,6.176,17.0
197.592,10.112,5.169,6.0
197.66,10.062,4.048,7.0
197.792,10.017,2.909,14.0
197.586,9.957,1.785,25.0
197.182,9.886,0.665,15.0
194.177,9.66,5.973,20.0
0.0,0.0,0.0,0.0
197.097,9.702,3.828,6.0
0.0,0.0,0.0,0.0
196.975,9.591,1.572,28.0
0.0,0.0,0.0,0.0
194.067,9.321,5.765,12.0
196.018,9.36,4.711,9.0
0.0,0.0,0.0,0.0
205.101,9.685,2.587,6.0
196.984,9.25,1.368,34.0
0.0,0.0,0.0,0.0
193.914,8.977,5.563,4.0
0.0,0.0,0.0,0.0
204.906,9.374,3.558,8.0
204.964,9.32,2.379,49.0
196.853,8.898,1.17,36.0
0.0,0.0,0.0,0.0
193.77,8.627,5.366,21.0
195.444,8.649,4.306,56.0
195.525,8.598,3.203,48.0
195.46,8.543,2.077,23.0
196.763,8.544,0.978,27.0
0.0,0.0,0.0,0.0
193.886,8.286,5.182,5.0
0.0,0.0,0.0,0.0
0.0,0.0,0.0,0.0
0.0,0.0,0.0,0.0
196.727,8.185,0.791,35.0
0.0,0.0,0.0,0.0
193.845,7.934,5.0,5.0
200.689,8.155,4.042,6.0
203.874,8.224,2.954,17.0
196.452,7.868,1.718,19.0
196.676,7.821,0.609,8.0
0.0,0.0,0.0,0.0
195.182,7.623,4.854,8.0
195.141,7.564,3.752,9.0
195.144,7.509,2.651,22.0
195.126,7.45,1.53,34.0
0.0,0.0,0.0,0.0
0.0,0.0,0.0,0.0
195.616,7.274,4.693,7.0
202.896,7.483,3.722,8.0
195.975,7.167,2.49,13.0
196.336,7.121,1.368,35.0
0.0,0.0,0.0,0.0
0.0,0.0,0.0,0.0
195.44,6.894,4.521,6.0
195.252,6.83,3.417,23.0
0.0,0.0,0.0,0.0
196.308,6.746,1.204,37.0
0.0,0.0,0.0,0.0
0.0,0.0,0.0,0.0
195.021,6.505,4.352,18.0
195.173,6.449,3.256,17.0
0.0,0.0,0.0,0.0
196.305,6.369,1.047,30.0
0.0,0.0,0.0,0.0
0.0,0.0,0.0,0.0
193.854,6.091,4.174,28.0
0.0,0.0,0.0,0.0
201.708,6.214,2.074,23.0
196.179,5.981,0.894,32.0
0.0,0.0,0.0,0.0
69.013,2.061,-0.46,5.0
193.477,5.699,4.019,34.0
195.456,5.696,2.962,24.0
0.0,0.0,0.0,0.0
0.0,0.0,0.0,0.0
0.0,0.0,0.0,0.0
68.992,1.924,-0.51,2.0
193.415,5.314,3.879,32.0
195.427,5.307,2.821,23.0
103.161,2.769,0.91,2.0
100.399,2.663,0.313,1.0
0.0,0.0,0.0,0.0
0.0,0.0,0.0,0.0
193.642,4.932,3.749,28.0
195.153,4.906,2.684,21.0
102.872,2.552,0.837,3.0
100.14,2.454,0.244,2.0
0.0,0.0,0.0,0.0
0.0,0.0,0.0,0.0
194.062,4.551,3.63,18.0
195.184,4.514,2.558,6.0
102.821,2.344,0.771,2.0
100.113,2.251,0.18,7.0
0.0,0.0,0.0,0.0
0.0,0.0,0.0,0.0
195.642,4.19,3.539,8.0
103.246,2.178,1.289,8.0
100.182,2.08,0.69,1.0
99.935,2.041,0.119,6.0
0.0,0.0,0.0,0.0
0.0,0.0,0.0,0.0
194.772,3.774,3.409,6.0
103.165,1.965,1.228,26.0
99.883,1.87,0.631,4.0
99.852,1.835,0.063,9.0
0.0,0.0,0.0,0.0
58.838,1.043,-0.62,1.0
194.847,3.376,3.304,33.0
0.0,0.0,0.0,0.0
99.765,1.662,0.577,5.0
99.749,1.629,0.01,4.0
0.0,0.0,0.0,0.0
0.0,0.0,0.0,0.0
194.755,2.972,3.202,42.0
0.0,0.0,0.0,0.0
99.655,1.452,0.526,6.0
99.738,1.42,-0.039,1.0
0.0,0.0,0.0,0.0
0.0,0.0,0.0,0.0
20.305,0.267,0.324,16.0
20.304,0.26,0.21,5.0
20.266,0.253,0.097,0.0
0.0,0.0,0.0,0.0
0.0,0.0,0.0,0.0
20.189,0.231,-0.242,22.0
20.288,0.224,0.314,30.0
20.294,0.218,0.202,28.0
20.331,0.211,0.089,31.0
20.311,0.204,-0.025,17.0
20.195,0.196,-0.138,19.0
20.175,0.189,-0.25,31.0
20.268,0.182,0.306,29.0
20.255,0.175,0.193,24.0
20.244,0.168,0.08,27.0
20.199,0.16,-0.033,23.0
20.182,0.153,-0.145,32.0
20.175,0.146,-0.257,34.0
20.168,0.139,0.297,28.0
20.171,0.131,0.185,26.0
20.196,0.125,0.073,32.0
20.188,0.118,-0.04,33.0
20.18,0.11,-0.152,33.0
20.21,0.104,-0.265,20.0
20.16,0.096,0.29,29.0
20.146,0.089,0.178,29.0
20.199,0.082,0.067,35.0
20.209,0.075,-0.047,34.0
20.217,0.068,-0.159,26.0
20.225,0.061,-0.271,0.0
20.145,0.053,0.284,31.0
20.132,0.046,0.172,27.0
20.196,0.039,0.061,15.0
20.257,0.032,-0.052,151.0
20.255,0.025,-0.165,151.0
20.266,0.018,-0.277,150.0
20.135,0.011,0.279,28.0
20.127,0.004,0.167,28.0
20.15,-0.003,0.056,25.0
20.175,-0.01,-0.057,23.0
20.182,-0.017,-0.169,24.0
20.174,-0.024,-0.28,22.0
20.117,-0.031,0.274,29.0
20.117,-0.038,0.163,34.0
20.134,-0.046,0.051,38.0
20.139,-0.053,-0.061,32.0
20.15,-0.06,-0.172,33.0
20.142,-0.067,-0.284,31.0
20.126,-0.074,0.27,28.0
20.127,-0.081,0.159,26.0
20.128,-0.089,0.048,32.0
20.15,-0.096,-0.064,28.0
20.152,-0.104,-0.176,26.0
20.144,-0.111,-0.287,35.0
20.147,-0.118,0.268,18.0
20.137,-0.125,0.156,16.0
20.146,-0.133,0.045,18.0
20.159,-0.14,-0.067,17.0
20.16,-0.147,-0.178,9.0
20.158,-0.154,-0.289,26.0
66.516,-0.533,0.878,17.0
53.34,-0.447,0.41,4.0
53.344,-0.466,0.116,4.0
56.253,-0.512,-0.193,8.0
52.81,-0.499,-0.472,4.0
44.838,-0.441,-0.648,3.0
64.353,-0.654,0.845,27.0
64.368,-0.678,0.49,6.0
56.229,-0.612,0.119,1.0
56.217,-0.632,-0.196,1.0
52.909,-0.615,-0.476,7.0
39.359,-0.472,-0.57,4.0
20.135,-0.247,0.263,11.0
20.143,-0.255,0.153,10.0
59.537,-0.777,0.124,65.0
56.774,-0.762,-0.199,1.0
52.959,-0.73,-0.477,15.0
38.91,-0.551,-0.564,7.0
20.132,-0.291,0.263,11.0
20.114,-0.298,0.152,15.0
20.138,-0.305,0.042,35.0
59.532,-0.926,-0.207,13.0
52.849,-0.842,-0.474,25.0
38.683,-0.631,-0.559,8.0
176.678,-2.934,2.322,37.0
20.157,-0.342,0.154,2.0
20.128,-0.348,0.043,19.0
52.976,-0.937,-0.181,21.0
52.92,-0.956,-0.471,8.0
38.543,-0.71,-0.555,9.0
53.023,-0.993,0.701,14.0
52.937,-1.01,0.409,62.0
52.936,-1.03,0.119,66.0
45.615,-0.904,-0.151,16.0
38.364,-0.774,-0.338,21.0
38.344,-0.788,-0.548,51.0
38.389,-0.8,0.512,53.0
38.386,-0.814,0.301,18.0
40.424,-0.872,0.096,23.0
40.412,-0.886,-0.129,34.0
40.42,-0.901,-0.35,54.0
38.465,-0.872,-0.544,24.0
40.417,-0.927,0.545,40.0
40.416,-0.941,0.323,38.0
40.421,-0.956,0.102,35.0
0.0,0.0,0.0,0.0
38.801,-0.946,-0.329,27.0
38.456,-0.952,-0.537,22.0
38.722,-0.969,0.529,16.0
38.686,-0.982,0.317,45.0
38.675,-0.995,0.106,51.0
38.66,-1.01,-0.109,45.0
38.684,-1.024,-0.32,55.0
38.439,-1.032,-0.528,20.0
38.642,-1.048,0.537,68.0
38.647,-1.062,0.326,74.0
38.642,-1.076,0.115,70.0
38.651,-1.09,-0.099,92.0
38.64,-1.105,-0.31,66.0
38.491,-1.114,-0.519,23.0
38.635,-1.128,0.547,95.0
38.637,-1.143,0.336,72.0
38.643,-1.157,0.125,65.0
38.646,-1.171,-0.088,61.0
38.646,-1.185,-0.299,56.0
38.539,-1.197,-0.508,25.0
38.659,-1.209,0.559,61.0
38.678,-1.224,0.348,59.0
38.704,-1.239,0.138,45.0
38.714,-1.253,-0.076,41.0
38.718,-1.267,-0.287,32.0
38.593,-1.278,-0.496,17.0
84.484,-2.819,1.25,25.0
80.554,-2.716,0.753,12.0
80.467,-2.743,0.315,34.0
81.106,-2.795,-0.131,22.0
57.068,-1.987,-0.403,0.0
44.982,-1.583,-0.562,10.0
31.378,-1.111,0.476,26.0
31.355,-1.122,0.305,5.0
31.333,-1.132,0.134,9.0
31.312,-1.143,-0.038,37.0
31.35,-1.155,-0.209,49.0
31.335,-1.166,-0.379,40.0
31.244,-1.17,0.486,37.0
31.238,-1.181,0.317,42.0
31.27,-1.193,0.147,13.0
28.463,-1.097,-0.023,62.0
28.462,-1.107,-0.177,65.0
28.461,-1.117,-0.332,66.0
28.445,-1.123,0.455,90.0
28.447,-1.133,0.301,150.0
28.433,-1.143,0.147,153.0
28.454,-1.154,-0.01,131.0
28.45,-1.164,-0.164,109.0
28.446,-1.175,-0.318,102.0
28.443,-1.18,0.469,108.0
28.44,-1.19,0.315,99.0
28.441,-1.2,0.16,69.0
28.444,-1.21,0.004,59.0
28.456,-1.221,-0.15,61.0
28.472,-1.232,-0.304,60.0
31.245,-1.358,0.531,35.0
31.238,-1.369,0.362,37.0
31.233,-1.38,0.193,48.0
31.198,-1.39,0.02,44.0
31.228,-1.402,-0.147,61.0
31.177,-1.411,-0.316,43.0
31.304,-1.423,0.549,6.0
83.123,-3.808,1.009,25.0
31.32,-1.445,0.211,6.0
31.304,-1.456,0.038,21.0
31.249,-1.464,-0.13,31.0
31.213,-1.474,-0.298,41.0
142.343,-6.748,2.581,7.0
82.941,-3.96,1.055,27.0
79.721,-3.835,0.584,2.0
0.0,0.0,0.0,0.0
68.953,-3.366,-0.246,0.0
31.272,-1.537,-0.28,0.0
0.0,0.0,0.0,0.0
82.82,-4.114,1.105,41.0
67.046,-3.355,0.533,1.0
66.571,-3.354,0.163,1.0
66.468,-3.371,-0.195,0.0
56.762,-2.899,-0.473,4.0
85.774,-4.395,1.662,44.0
82.769,-4.269,1.158,2.0
0.0,0.0,0.0,0.0
0.0,0.0,0.0,0.0
66.137,-3.479,-0.15,1.0
55.256,-2.927,-0.423,4.0
84.612,-4.495,1.697,13.0
0.0,0.0,0.0,0.0
65.728,-3.535,0.61,4.0
65.705,-3.556,0.249,0.0
24.607,-1.34,-0.039,2.0
24.582,-1.347,-0.171,26.0
83.956,-4.616,1.743,27.0
24.622,-1.362,0.378,4.0
24.591,-1.368,0.245,28.0
24.582,-1.377,0.111,33.0
24.569,-1.384,-0.02,40.0
24.544,-1.391,-0.152,56.0
24.61,-1.399,0.529,37.0
24.573,-1.404,0.396,44.0
24.547,-1.411,0.264,44.0
24.531,-1.419,0.129,51.0
24.537,-1.428,-0.002,67.0
24.527,-1.435,-0.133,72.0
24.557,-1.441,0.547,69.0
24.548,-1.448,0.415,67.0
24.531,-1.455,0.283,70.0
24.521,-1.463,0.148,58.0
24.526,-1.471,0.017,88.0
24.518,-1.479,-0.114,71.0
24.551,-1.485,0.566,81.0
24.54,-1.492,0.435,67.0
24.524,-1.499,0.303,66.0
24.518,-1.507,0.169,42.0
24.53,-1.516,0.037,79.0
24.529,-1.524,-0.093,70.0
24.555,-1.529,0.587,98.0
24.535,-1.535,0.455,71.0
24.525,-1.543,0.323,50.0
24.528,-1.551,0.19,40.0
24.532,-1.559,0.058,48.0
24.543,-1.568,-0.072,51.0
24.54,-1.571,0.608,52.0
24.551,-1.579,0.477,40.0
24.555,-1.587,0.345,38.0
24.518,-1.593,0.211,27.0
24.561,-1.603,0.08,24.0
24.552,-1.611,-0.05,21.0
24.541,-1.613,0.63,29.0
24.584,-1.624,0.5,25.0
24.617,-1.633,0.368,9.0
65.603,-4.374,0.625,157.0
65.583,-4.393,0.274,1.0
65.769,-4.426,-0.076,2.0
82.525,-5.564,2.195,18.0
83.051,-5.625,1.764,14.0
0.0,0.0,0.0,0.0
65.567,-4.48,0.685,136.0
65.583,-4.501,0.334,2.0
65.633,-4.525,-0.015,1.0
82.676,-5.71,2.277,29.0
82.862,-5.748,1.839,40.0
0.0,0.0,0.0,0.0
65.474,-4.581,0.746,1.0
65.441,-4.599,0.397,2.0
65.438,-4.618,0.048,1.0
82.692,-5.846,2.357,44.0
82.615,-5.865,1.914,43.0
82.897,-5.91,1.478,1.0
0.0,0.0,0.0,0.0
65.501,-4.708,0.462,1.0
65.464,-4.725,0.112,1.0
82.914,-5.994,2.447,67.0
82.446,-5.983,1.992,36.0
83.077,-6.053,1.564,17.0
0.0,0.0,0.0,0.0
65.62,-4.819,0.529,3.0
65.538,-4.833,0.179,194.0
83.085,-6.135,2.536,52.0
82.434,-6.11,2.076,36.0
83.065,-6.18,1.649,41.0
0.0,0.0,0.0,0.0
65.658,-4.922,0.597,8.0
65.578,-4.935,0.247,151.0
82.895,-6.249,2.617,48.0
82.534,-6.243,2.165,39.0
82.622,-6.273,1.727,44.0
81.977,-6.247,1.269,16.0
65.764,-5.029,0.667,6.0
61.977,-4.757,0.299,3.0
82.675,-6.355,2.697,35.0
82.247,-6.343,2.245,41.0
82.518,-6.386,1.812,43.0
81.984,-6.366,1.357,9.0
81.956,-6.387,0.92,40.0
61.559,-4.814,0.363,6.0
82.494,-6.46,2.78,40.0
82.353,-6.47,2.338,46.0
82.447,-6.5,1.902,41.0
82.834,-6.552,1.461,12.0
82.09,-6.515,1.012,39.0
79.442,-6.326,0.557,23.0
82.518,-6.58,2.874,40.0
82.634,-6.611,2.438,43.0
82.353,-6.609,1.992,43.0
83.159,-6.695,1.561,37.0
81.961,-6.62,1.103,35.0
79.392,-6.432,0.646,25.0
82.185,-6.667,2.955,43.0
82.372,-6.703,2.524,44.0
82.403,-6.727,2.087,42.0
82.8,-6.78,1.649,43.0
82.06,-6.74,1.198,40.0
79.331,-6.536,0.737,17.0
82.014,-6.766,3.044,38.0
82.274,-6.806,2.616,49.0
82.732,-6.864,2.192,47.0
82.655,-6.878,1.743,13.0
0.0,0.0,0.0,0.0
65.572,-5.489,0.687,0.0
82.003,-6.872,3.14,34.0
82.187,-6.907,2.71,47.0
82.651,-6.966,2.287,53.0
0.0,0.0,0.0,0.0
0.0,0.0,0.0,0.0
0.0,0.0,0.0,0.0
82.024,-6.98,3.24,38.0
82.317,-7.023,2.814,48.0
82.337,-7.044,2.377,25.0
83.006,-7.12,1.947,22.0
0.0,0.0,0.0,0.0
0.0,0.0,0.0,0.0
81.794,-7.062,3.329,41.0
82.215,-7.116,2.91,46.0
82.234,-7.135,2.474,33.0
83.162,-7.234,2.052,23.0
0.0,0.0,0.0,0.0
0.0,0.0,0.0,0.0
81.668,-7.149,3.424,36.0
82.215,-7.213,3.009,45.0
82.206,-7.229,2.574,31.0
82.548,-7.277,2.138,42.0
83.25,-7.356,1.715,7.0
0.0,0.0,0.0,0.0
81.787,-7.253,3.529,36.0
81.994,-7.287,3.103,49.0
82.227,-7.325,2.675,37.0
82.354,-7.353,2.235,40.0
83.175,-7.444,1.817,40.0
54.946,-4.928,0.909,0.0
81.893,-7.354,3.637,35.0
81.722,-7.355,3.196,44.0
82.151,-7.409,2.776,43.0
82.124,-7.423,2.333,50.0
82.398,-7.464,1.904,42.0
54.932,-4.987,0.978,150.0
81.846,-7.439,3.739,37.0
81.664,-7.437,3.298,40.0
81.928,-7.476,2.874,42.0
82.055,-7.503,2.434,41.0
82.127,-7.526,2.003,49.0
54.956,-5.046,1.049,150.0
82.173,-7.554,3.859,36.0
81.775,-7.531,3.406,39.0
81.888,-7.556,2.976,43.0
82.062,-7.587,2.54,42.0
82.035,-7.6,2.106,45.0
54.962,-5.101,1.12,150.0
82.246,-7.643,3.968,34.0
81.762,-7.611,3.511,26.0
81.981,-7.644,3.086,36.0
81.932,-7.654,2.641,47.0
82.026,-7.677,2.211,40.0
82.959,-7.779,1.798,34.0
82.083,-7.705,4.067,39.0
81.901,-7.701,3.624,25.0
82.499,-7.771,3.213,17.0
81.754,-7.713,2.743,43.0
82.117,-7.761,2.32,43.0
82.585,-7.819,1.897,26.0
81.818,-7.755,4.162,39.0
81.813,-7.767,3.727,32.0
84.816,-8.065,3.415,13.0
81.933,-7.802,2.856,52.0
82.087,-7.83,2.427,53.0
82.211,-7.855,1.996,36.0
81.792,-7.823,4.267,32.0
81.749,-7.83,3.831,34.0
84.771,-8.132,3.524,9.0
82.16,-7.893,2.972,45.0
82.072,-7.896,2.534,40.0
82.049,-7.907,2.1,41.0
81.885,-7.9,4.382,32.0
81.814,-7.904,3.943,33.0
82.085,-7.941,3.521,26.0
82.004,-7.944,3.076,48.0
82.048,-7.96,2.643,42.0
82.329,-7.998,2.217,43.0
0.0,0.0,0.0,0.0
81.98,-7.984,4.061,38.0
81.766,-7.972,3.617,38.0
82.075,-8.013,3.187,43.0
81.959,-8.012,2.749,48.0
82.296,-8.055,2.325,41.0
83.42,-8.176,4.687,34.0
82.1,-8.055,4.176,36.0
81.818,-8.037,3.728,44.0
82.703,-8.133,3.323,34.0
81.851,-8.059,2.855,37.0
82.289,-8.112,2.435,42.0
83.617,-8.253,4.81,30.0
82.256,-8.127,4.295,31.0
81.974,-8.107,3.845,34.0
83.341,-8.251,3.459,40.0
81.91,-8.118,2.967,41.0
82.301,-8.166,2.545,37.0
83.892,-8.334,4.939,30.0
82.509,-8.205,4.419,28.0
82.085,-8.17,3.961,37.0
81.979,-8.168,3.513,31.0
82.051,-8.182,3.082,42.0
82.218,-8.207,2.654,60.0
84.115,-8.408,5.065,35.0
82.315,-8.235,4.52,21.0
82.442,-8.254,4.09,31.0
81.985,-8.215,3.624,42.0
82.296,-8.254,3.202,39.0
81.915,-8.224,2.754,44.0
84.523,-8.496,5.205,34.0
83.246,-8.374,4.683,24.0
82.508,-8.306,4.204,39.0
82.117,-8.272,3.74,31.0
82.051,-8.272,3.303,40.0
81.902,-8.264,2.863,38.0
84.928,-8.581,5.344,14.0
83.991,-8.491,4.839,25.0
82.159,-8.311,4.297,29.0
0.0,0.0,0.0,0.0
81.995,-8.306,3.41,40.0
82.048,-8.317,2.978,39.0
109.419,-11.108,7.033,25.0
84.729,-8.606,4.996,36.0
82.147,-8.347,4.407,24.0
83.394,-8.479,4.023,43.0
81.971,-8.339,3.52,38.0
82.389,-8.387,3.101,37.0
109.396,-11.152,7.18,36.0
84.803,-8.648,5.115,34.0
83.167,-8.485,4.575,26.0
82.881,-8.46,4.111,38.0
82.001,-8.374,3.632,32.0
82.223,-8.401,3.206,42.0
109.402,-11.195,7.329,27.0
84.883,-8.688,5.235,19.0
83.495,-8.549,4.704,27.0
83.258,-8.528,4.24,30.0
82.004,-8.402,3.741,11.0
81.927,-8.398,3.304,41.0
109.423,-11.234,7.476,24.0
84.889,-8.717,5.348,8.0
84.346,-8.663,4.864,30.0
83.663,-8.595,4.371,28.0
83.881,-8.62,3.937,23.0
81.993,-8.429,3.415,37.0
109.582,-11.282,7.633,18.0
109.389,-11.264,7.035,32.0
84.402,-8.691,4.98,34.0
83.843,-8.635,4.492,38.0
83.486,-8.601,4.029,37.0
81.953,-8.445,3.52,35.0
109.155,-11.265,7.747,24.0
109.392,-11.29,7.181,21.0
84.175,-8.688,5.076,22.0
83.827,-8.652,4.601,50.0
83.109,-8.579,4.12,32.0
81.97,-8.463,3.628,22.0
109.093,-11.28,7.887,38.0
109.398,-11.311,7.325,16.0
84.458,-8.732,5.205,14.0
83.873,-8.672,4.713,32.0
83.492,-8.632,4.248,42.0
84.56,-8.743,3.853,12.0
109.024,-11.29,8.026,27.0
109.438,-11.331,7.471,13.0
109.462,-11.333,6.888,16.0
84.259,-8.722,4.844,35.0
83.782,-8.672,4.372,34.0
84.354,-8.731,3.952,30.0
109.214,-11.323,8.181,17.0
109.381,-11.337,7.609,17.0
109.443,-11.341,7.029,27.0
84.105,-8.713,4.945,33.0
84.022,-8.703,4.492,42.0
83.671,-8.666,4.028,26.0
143.687,-14.906,10.95,10.0
109.1,-11.314,7.731,27.0
109.455,-11.348,7.171,17.0
84.141,-8.72,5.055,26.0
83.969,-8.7,4.597,46.0
83.494,-8.649,4.126,40.0
108.548,-11.263,8.411,21.0
109.08,-11.314,7.867,32.0
112.143,-11.627,7.488,10.0
84.369,-8.743,5.175,18.0
83.982,-8.7,4.703,36.0
83.55,-8.653,4.233,35.0
108.341,-11.24,8.532,30.0
109.01,-11.303,8.0,26.0
109.494,-11.347,7.45,11.0
109.376,-11.33,6.846,11.0
84.253,-8.724,4.823,34.0
83.743,-8.667,4.348,35.0
108.27,-11.225,8.662,26.0
109.104,-11.305,8.143,19.0
109.46,-11.335,7.583,16.0
109.442,-11.327,6.985,29.0
84.187,-8.708,4.923,38.0
83.948,-8.679,4.461,37.0
108.017,-11.187,8.776,31.0
108.826,-11.263,8.256,9.0
109.168,-11.291,7.697,24.0
109.387,-11.306,7.115,23.0
84.176,-8.695,5.025,25.0
83.806,-8.652,4.555,43.0
107.964,-11.166,8.902,35.0
108.589,-11.221,8.371,23.0
109.12,-11.267,7.825,33.0
109.395,-11.288,7.247,20.0
84.496,-8.712,5.145,14.0
83.458,-8.6,4.635,28.0
107.94,-11.142,9.03,27.0
108.498,-11.189,8.494,34.0
109.085,-11.241,7.953,29.0
109.363,-11.26,7.374,32.0
84.866,-8.73,5.268,8.0
83.942,-8.629,4.761,23.0
107.86,-11.108,9.151,33.0
108.405,-11.154,8.614,30.0
109.274,-11.232,8.095,20.0
109.54,-11.25,7.514,23.0
84.889,-8.71,5.368,10.0
84.333,-8.645,4.881,35.0
107.88,-11.08,9.279,35.0
108.171,-11.098,8.721,33.0
109.03,-11.174,8.203,24.0
109.723,-11.234,7.654,19.0
109.39,-11.189,7.043,27.0
84.689,-8.655,4.998,44.0
107.809,-11.038,9.397,38.0
108.073,-11.052,8.836,38.0
108.677,-11.102,8.299,34.0
109.901,-11.215,7.789,19.0
109.412,-11.152,7.167,35.0
84.895,-8.644,5.105,30.0
107.737,-10.991,9.513,38.0
107.957,-11.0,8.948,44.0
108.55,-11.047,8.411,41.0
109.775,-11.159,7.902,23.0
109.375,-11.105,7.285,36.0
84.874,-8.608,5.196,34.0
107.766,-10.951,9.633,40.0
107.908,-10.95,9.063,38.0
108.335,-10.979,8.513,38.0
109.632,-11.097,8.011,28.0
109.328,-11.053,7.4,42.0
84.803,-8.563,5.284,16.0
107.751,-10.901,9.749,32.0
107.886,-10.899,9.176,32.0
108.249,-10.92,8.622,41.0
109.641,-11.046,8.129,25.0
109.424,-11.009,7.522,26.0
84.864,-8.527,5.376,11.0
108.511,-10.925,9.932,27.0
107.825,-10.839,9.284,31.0
108.305,-10.872,8.737,38.0
109.537,-10.98,8.233,17.0
109.677,-10.978,7.652,25.0
109.57,-10.953,7.053,19.0
108.704,-10.887,10.061,36.0
107.763,-10.776,9.389,36.0
108.383,-10.821,8.855,28.0
109.207,-10.887,8.319,17.0
109.733,-10.923,7.766,32.0
109.505,-10.885,7.157,16.0
108.686,-10.824,10.168,26.0
107.792,-10.718,9.497,38.0
108.352,-10.755,8.959,31.0
112.548,-11.154,8.683,20.0
109.714,-10.857,7.87,27.0
109.625,-10.831,7.271,17.0
112.061,-11.092,10.593,12.0
107.889,-10.662,9.61,35.0
108.138,-10.668,9.044,35.0
112.343,-11.064,8.775,25.0
109.899,-10.805,7.988,29.0
86.448,-8.486,5.815,12.0
112.059,-11.02,10.699,15.0
108.455,-10.647,9.763,29.0
108.13,-10.596,9.145,38.0
112.111,-10.966,8.861,26.0
109.986,-10.74,8.096,23.0
109.523,-10.677,7.467,20.0
112.143,-10.954,10.809,14.0
108.791,-10.604,9.894,13.0
108.698,-10.576,9.292,35.0
112.162,-10.893,8.966,24.0
112.79,-10.935,8.402,12.0
109.611,-10.609,7.569,39.0
110.629,-10.727,10.762,12.0
111.426,-10.783,10.229,22.0
108.928,-10.521,9.405,33.0
112.158,-10.812,9.061,24.0
112.476,-10.823,8.473,13.0
109.639,-10.53,7.664,31.0
110.651,-10.646,10.859,23.0
112.025,-10.757,10.38,19.0
0.0,0.0,0.0,0.0
112.024,-10.713,9.144,29.0
112.778,-10.763,8.591,22.0
109.924,-10.471,7.775,39.0
24.535,-2.341,2.428,23.0
111.928,-10.658,10.463,11.0
110.757,-10.524,9.747,40.0
112.386,-10.657,9.264,20.0
112.257,-10.623,8.64,29.0
110.07,-10.395,7.872,20.0
24.536,-2.321,2.447,58.0
24.548,-2.317,2.314,15.0
111.0,-10.455,9.855,22.0
120.817,-11.356,10.052,12.0
112.315,-10.534,8.731,30.0
112.789,-10.556,8.152,25.0
24.532,-2.3,2.466,73.0
24.559,-2.297,2.333,46.0
112.164,-10.469,10.042,19.0
120.839,-11.254,10.143,14.0
112.433,-10.447,8.822,37.0
112.881,-10.467,8.24,25.0
24.552,-2.28,2.485,35.0
24.541,-2.274,2.349,62.0
24.582,-2.272,2.218,7.0
114.613,-10.572,9.7,8.0
112.507,-10.353,8.906,24.0
112.894,-10.365,8.319,23.0
24.578,-2.26,2.505,21.0
24.547,-2.252,2.366,78.0
24.581,-2.249,2.235,42.0
114.483,-10.452,9.767,10.0
112.494,-10.247,8.979,17.0
112.954,-10.263,8.398,19.0
24.617,-2.24,2.525,4.0
24.553,-2.229,2.383,39.0
24.557,-2.223,2.248,73.0
24.58,-2.22,2.112,11.0
114.589,-10.326,9.219,16.0
112.531,-10.116,8.436,14.0
39.271,-3.536,4.054,2.0
24.562,-2.206,2.399,1.0
24.56,-2.2,2.263,56.0
24.58,-2.196,2.127,43.0
114.199,-10.177,9.255,19.0
112.483,-10.0,8.497,5.0
39.291,-3.498,4.079,1.0
114.51,-10.168,11.253,4.0
24.564,-2.175,2.278,23.0
24.577,-2.17,2.141,62.0
60.652,-5.343,4.949,7.0
121.206,-10.65,9.223,26.0
112.287,-9.882,11.718,23.0
114.057,-10.009,11.27,8.0
46.516,-4.071,4.338,4.0
24.58,-2.145,2.154,58.0
24.607,-2.141,2.02,4.0
120.971,-10.501,9.268,25.0
112.239,-9.758,11.771,32.0
114.041,-9.885,11.327,11.0
46.483,-4.017,4.359,6.0
24.599,-2.12,2.168,50.0
24.6,-2.114,2.032,18.0
121.17,-10.387,9.34,17.0
23.824,-2.045,2.51,3.0
23.95,-2.05,2.39,0.0
46.504,-3.968,4.382,4.0
24.607,-2.094,2.179,42.0
24.615,-2.088,2.044,36.0
60.553,-5.123,4.694,8.0
23.818,-2.018,2.519,43.0
23.831,-2.013,2.388,12.0
46.87,-3.947,4.436,1.0
24.605,-2.066,2.189,20.0
24.622,-2.061,2.054,42.0
121.388,-10.133,9.458,14.0
23.824,-1.991,2.53,76.0
23.822,-1.985,2.396,66.0
23.891,-1.984,2.27,28.0
24.002,-1.987,2.145,12.0
24.316,-2.007,2.038,24.0
115.421,-9.502,9.034,11.0
23.823,-1.963,2.538,53.0
23.832,-1.957,2.406,69.0
23.875,-1.955,2.277,65.0
23.913,-1.952,2.145,54.0
23.989,-1.952,2.018,33.0
120.985,-9.816,9.509,22.0
23.832,-1.935,2.546,14.0
23.844,-1.93,2.414,53.0
23.883,-1.927,2.285,54.0
23.925,-1.924,2.153,54.0
23.975,-1.922,2.024,42.0
115.509,-9.232,9.11,11.0
47.762,-3.821,5.117,4.0
23.841,-1.901,2.42,21.0
23.898,-1.899,2.292,22.0
23.897,-1.893,2.156,28.0
23.978,-1.893,2.03,31.0
24.051,-1.893,1.902,0.0
112.467,-8.86,12.076,23.0
53.952,-4.235,5.49,3.0
111.588,-8.73,10.731,22.0
23.965,-1.868,2.168,13.0
23.975,-1.863,2.035,22.0
24.018,-1.86,1.904,3.0
30.922,-2.397,3.326,2.0
47.594,-3.677,4.852,3.0
58.125,-4.474,5.6,5.0
46.49,-3.566,4.213,6.0
24.034,-1.837,2.043,23.0
24.253,-1.848,1.927,14.0
30.946,-2.359,3.333,32.0
47.595,-3.616,4.859,4.0
58.962,-4.463,5.688,5.0
46.582,-3.513,4.228,9.0
24.108,-1.812,2.053,19.0
24.257,-1.817,1.93,36.0
30.967,-2.321,3.339,13.0
47.626,-3.556,4.867,10.0
53.966,-4.015,5.211,6.0
46.936,-3.479,4.264,7.0
24.247,-1.791,2.066,8.0
24.191,-1.78,1.926,37.0
36.213,-2.667,3.907,3.0
30.987,-2.273,3.168,6.0
111.231,-8.129,10.747,20.0
24.94,-1.816,2.266,4.0
24.52,-1.779,2.09,5.0
24.196,-1.749,1.927,45.0
36.244,-2.621,3.911,3.0
30.999,-2.233,3.17,47.0
111.496,-8.002,10.772,15.0
24.861,-1.777,2.259,26.0
24.764,-1.764,2.111,16.0
24.211,-1.718,1.928,39.0
30.404,-2.158,3.28,16.0
38.943,-2.753,3.981,2.0
24.967,-1.758,2.411,25.0
24.866,-1.744,2.259,35.0
24.752,-1.73,2.109,36.0
24.232,-1.687,1.928,36.0
30.408,-2.117,3.278,33.0
25.02,-1.735,2.556,47.0
24.971,-1.724,2.409,63.0
24.84,-1.708,2.254,26.0
24.768,-1.697,2.108,39.0
24.274,-1.657,1.929,41.0
25.04,-1.709,2.697,52.0
25.013,-1.7,2.552,59.0
24.986,-1.691,2.408,28.0
31.08,-2.095,2.816,10.0
24.789,-1.665,2.106,38.0
24.292,-1.625,1.927,42.0
25.054,-1.675,2.694,52.0
25.013,-1.666,2.548,3.0
47.606,-3.157,4.58,4.0
28.404,-1.876,2.569,35.0
28.435,-1.87,2.411,33.0
24.306,-1.592,1.924,40.0
30.412,-1.992,3.265,2.0
30.444,-1.985,3.095,35.0
45.133,-2.931,4.332,6.0
28.435,-1.839,2.565,48.0
28.425,-1.83,2.404,62.0
24.32,-1.559,1.919,32.0
30.4,-1.948,3.256,49.0
30.467,-1.944,3.09,54.0
47.528,-3.02,4.55,4.0
28.435,-1.799,2.558,54.0
28.428,-1.791,2.396,63.0
24.336,-1.526,1.914,44.0
30.405,-1.906,3.248,40.0
30.463,-1.901,3.08,67.0
47.467,-2.949,4.53,6.0
28.432,-1.758,2.549,58.0
28.425,-1.75,2.387,62.0
24.352,-1.493,1.907,57.0
31.678,-1.94,3.373,22.0
30.48,-1.858,3.072,67.0
47.474,-2.881,4.514,7.0
28.427,-1.718,2.538,62.0
28.416,-1.709,2.376,54.0
24.364,-1.459,1.899,71.0
31.731,-1.898,3.367,50.0
30.495,-1.816,3.061,69.0
47.493,-2.816,4.497,3.0
28.425,-1.677,2.527,68.0
28.429,-1.67,2.365,15.0
24.373,-1.425,1.89,50.0
31.722,-1.853,3.352,50.0
30.493,-1.773,3.048,66.0
45.74,-2.647,4.311,3.0
28.418,-1.637,2.514,67.0
24.279,-1.392,2.009,53.0
24.431,-1.394,1.883,56.0
31.738,-1.809,3.34,6.0
30.504,-1.73,3.035,44.0
53.213,-3.004,4.99,27.0
24.209,-1.36,2.13,26.0
24.284,-1.358,1.998,47.0
24.46,-1.361,1.873,43.0
46.128,-2.563,4.83,4.0
30.627,-1.693,3.031,41.0
24.155,-1.328,2.252,29.0
24.246,-1.327,2.12,32.0
24.355,-1.327,1.99,35.0
24.513,-1.329,1.864,40.0
46.116,-2.496,4.803,5.0
24.07,-1.296,2.369,29.0
24.136,-1.293,2.237,48.0
24.208,-1.29,2.103,24.0
24.502,-1.299,1.988,42.0
28.425,-1.5,2.145,37.0
23.995,-1.264,2.485,21.0
24.072,-1.261,2.354,63.0
24.147,-1.259,2.223,15.0
28.402,-1.473,2.449,66.0
24.512,-1.265,1.974,56.0
28.421,-1.459,2.127,70.0
24.008,-1.23,2.47,45.0
30.605,-1.56,2.973,1.0
28.396,-1.44,2.596,66.0
28.406,-1.433,2.431,75.0
24.523,-1.23,1.958,61.0
28.415,-1.419,2.107,68.0
24.029,-1.196,2.456,40.0
30.56,-1.514,2.948,31.0
30.628,-1.509,2.778,46.0
30.666,-1.503,2.603,53.0
24.555,-1.197,1.943,49.0
28.396,-1.377,2.085,33.0
38.695,-1.872,3.927,64.0
30.627,-1.473,2.932,27.0
30.662,-1.467,2.759,27.0
30.711,-1.462,2.584,2.0
30.742,-1.455,2.41,25.0
30.87,-1.454,2.243,32.0
46.306,-2.174,4.663,43.0
31.43,-1.467,2.984,44.0
31.477,-1.461,2.807,45.0
24.568,-1.134,2.047,49.0
46.288,-2.126,3.592,6.0
30.927,-1.413,2.222,39.0
46.209,-2.103,4.616,26.0
31.508,-1.426,2.965,5.0
24.647,-1.109,2.177,43.0
24.575,-1.1,2.027,50.0
31.258,-1.391,2.399,26.0
30.984,-1.371,2.2,44.0
24.645,-1.087,2.44,24.0
24.645,-1.08,2.298,60.0
24.628,-1.074,2.154,60.0
24.597,-1.066,2.008,45.0
31.404,-1.354,2.383,45.0
31.054,-1.331,2.178,24.0
24.66,-1.053,2.419,78.0
24.643,-1.046,2.276,77.0
24.645,-1.04,2.133,39.0
24.61,-1.033,1.986,42.0
28.414,-1.185,2.13,67.0
28.415,-1.179,1.967,97.0
24.662,-1.018,2.396,73.0
28.401,-1.166,2.596,18.0
28.398,-1.159,2.431,88.0
28.428,-1.153,2.267,9.0
28.424,-1.146,2.103,113.0
28.42,-1.14,1.939,117.0
28.398,-1.133,2.731,62.0
28.4,-1.127,2.567,103.0
28.407,-1.12,2.404,69.0
28.414,-1.113,2.237,50.0
28.433,-1.107,2.075,68.0
28.435,-1.101,1.912,64.0
28.427,-1.095,2.705,67.0
28.404,-1.087,2.538,29.0
31.602,-1.202,2.641,31.0
31.574,-1.194,2.453,38.0
31.156,-1.171,2.241,21.0
31.164,-1.164,2.062,35.0
37.267,-1.385,3.506,26.0
28.361,-1.047,2.504,36.0
37.831,-1.388,3.121,37.0
59.69,-2.176,4.573,16.0
31.03,-1.124,2.198,34.0
31.197,-1.123,2.03,31.0
37.291,-1.335,3.467,19.0
28.383,-1.009,2.474,61.0
28.382,-1.003,2.309,71.0
28.381,-0.996,2.142,75.0
28.392,-0.99,1.979,76.0
28.394,-0.984,1.816,75.0
28.375,-0.977,2.605,67.0
28.371,-0.971,2.44,76.0
28.381,-0.965,2.277,72.0
28.383,-0.958,2.11,74.0
28.388,-0.952,1.946,76.0
28.387,-0.946,1.782,71.0
28.376,-0.94,2.572,72.0
28.374,-0.933,2.406,74.0
28.381,-0.927,2.243,70.0
28.376,-0.921,2.075,73.0
28.379,-0.915,1.911,76.0
28.38,-0.909,1.747,82.0
28.371,-0.902,2.536,76.0
28.38,-0.896,2.372,77.0
28.37,-0.89,2.207,74.0
28.374,-0.884,2.04,76.0
28.379,-0.878,1.876,84.0
28.382,-0.872,1.712,78.0
28.37,-0.865,2.5,76.0
28.375,-0.86,2.336,72.0
28.369,-0.853,2.171,72.0
28.374,-0.847,2.003,76.0
28.368,-0.841,1.839,76.0
28.377,-0.836,1.675,75.0
28.37,-0.829,2.463,94.0
28.372,-0.823,2.298,74.0
28.373,-0.817,2.133,69.0
28.368,-0.811,1.966,72.0
28.363,-0.805,1.801,74.0
28.383,-0.8,1.638,75.0
28.363,-0.793,2.425,75.0
28.374,-0.787,2.26,73.0
28.369,-0.781,2.095,69.0
28.369,-0.776,1.927,70.0
28.369,-0.77,1.763,72.0
28.381,-0.764,1.599,75.0
28.374,-0.758,2.386,79.0
28.365,-0.752,2.22,69.0
28.368,-0.746,2.055,66.0
28.366,-0.74,1.887,71.0
28.369,-0.735,1.723,69.0
28.379,-0.729,1.559,71.0
28.371,-0.722,2.345,75.0
28.357,-0.717,2.179,70.0
28.358,-0.711,2.014,66.0
28.362,-0.705,1.847,71.0
28.368,-0.7,1.682,70.0
28.373,-0.695,1.518,69.0
28.363,-0.688,2.304,77.0
28.357,-0.683,2.138,67.0
28.35,-0.677,1.972,71.0
28.355,-0.671,1.804,69.0
28.364,-0.666,1.641,73.0
28.382,-0.661,1.477,65.0
28.355,-0.654,2.261,74.0
28.351,-0.649,2.095,70.0
28.35,-0.643,1.93,70.0
28.357,-0.638,1.762,70.0
28.37,-0.633,1.598,70.0
40.397,-0.895,2.042,28.0
28.361,-0.621,2.218,75.0
28.345,-0.616,2.051,70.0
28.351,-0.611,1.887,69.0
28.353,-0.605,1.719,73.0
28.366,-0.601,1.554,71.0
45.719,-0.96,2.241,12.0
28.353,-0.589,2.173,77.0
28.351,-0.583,2.007,72.0
28.344,-0.578,1.842,72.0
28.361,-0.573,1.675,74.0
28.364,-0.569,1.51,63.0
45.705,-0.909,2.168,58.0
28.351,-0.557,2.128,79.0
28.343,-0.552,1.962,73.0
28.346,-0.547,1.797,73.0
28.358,-0.542,1.629,73.0
28.336,-0.537,1.463,29.0
45.724,-0.859,2.096,53.0
28.349,-0.526,2.082,71.0
28.35,-0.521,1.917,76.0
28.344,-0.516,1.751,73.0
28.359,-0.512,1.583,72.0
45.675,-0.816,2.284,62.0
45.856,-0.812,2.027,24.0
53.881,-0.942,3.868,22.0
51.861,-0.898,3.419,20.0
58.845,-1.009,3.537,8.0
58.987,-1.002,3.196,7.0
45.688,-0.769,2.209,55.0
64.306,-1.072,2.736,8.0
38.629,-0.635,2.708,40.0
46.431,-0.755,2.983,18.0
52.254,-0.842,3.052,13.0
59.063,-0.942,3.1,10.0
46.025,-0.727,2.148,50.0
59.175,-0.926,2.416,75.0
46.508,-0.717,3.18,7.0
46.361,-0.707,2.899,20.0
46.294,-0.699,2.625,14.0
45.585,-0.681,2.313,31.0
58.826,-0.871,2.643,33.0
58.72,-0.86,2.297,145.0
46.498,-0.671,3.098,7.0
46.283,-0.66,2.814,68.0
46.224,-0.653,2.54,73.0
45.865,-0.641,2.248,37.0
64.306,-0.889,2.778,5.0
58.317,-0.798,2.179,173.0
44.861,-0.604,2.91,61.0
45.502,-0.606,2.686,21.0
45.702,-0.602,2.431,49.0
58.278,-0.76,2.754,62.0
58.306,-0.752,2.416,255.0
58.338,-0.744,2.077,6.0
60.373,-0.757,3.809,15.0
52.86,-0.655,3.025,17.0
45.514,-0.557,2.339,41.0
58.225,-0.705,2.646,255.0
58.226,-0.697,2.306,255.0
53.513,-0.634,1.808,59.0
60.29,-0.701,3.693,16.0
60.054,-0.69,3.327,8.0
45.946,-0.522,2.277,57.0
58.304,-0.654,2.543,255.0
58.299,-0.647,2.203,197.0
53.426,-0.586,1.707,13.0
52.834,-0.568,3.139,43.0
45.497,-0.483,2.437,19.0
58.239,-0.611,2.779,255.0
58.31,-0.604,2.435,255.0
58.321,-0.597,2.096,61.0
53.49,-0.541,1.61,91.0
64.325,-0.637,3.701,15.0
45.654,-0.446,2.36,41.0
58.29,-0.563,2.672,255.0
58.302,-0.556,2.326,255.0
53.513,-0.504,1.822,121.0
53.487,-0.497,1.509,7.0
45.303,-0.412,2.521,38.0
0.0,0.0,0.0,0.0
58.291,-0.516,2.561,255.0
58.213,-0.508,2.212,255.0
53.513,-0.461,1.721,90.0
20.154,-0.171,0.53,7.0
45.296,-0.376,2.434,36.0
58.275,-0.478,2.791,255.0
58.297,-0.472,2.451,255.0
58.289,-0.465,2.103,197.0
53.507,-0.421,1.618,20.0
20.172,-0.156,0.492,15.0
59.692,-0.452,3.092,13.0
58.29,-0.435,2.678,255.0
58.288,-0.428,2.338,255.0
58.296,-0.422,1.991,11.0
20.153,-0.144,0.57,14.0
20.18,-0.142,0.453,18.0
58.393,-0.4,2.91,56.0
58.295,-0.393,2.564,255.0
58.284,-0.387,2.222,255.0
53.507,-0.35,1.722,37.0
20.127,-0.129,0.53,17.0
20.126,-0.127,0.412,16.0
58.269,-0.359,2.789,255.0
58.296,-0.354,2.449,255.0
58.228,-0.348,2.105,255.0
20.136,-0.118,0.608,10.0
20.123,-0.116,0.49,20.0
20.129,-0.114,0.373,24.0
58.29,-0.321,2.674,255.0
58.234,-0.316,2.331,255.0
58.227,-0.31,1.989,255.0
20.122,-0.105,0.568,14.0
20.117,-0.103,0.45,27.0
20.117,-0.101,0.332,29.0
58.293,-0.286,2.557,255.0
58.233,-0.28,2.213,255.0
58.296,-0.275,1.874,150.0
20.106,-0.093,0.526,19.0
20.121,-0.091,0.409,29.0
20.113,-0.089,0.291,26.0
58.239,-0.251,2.436,255.0
58.231,-0.246,2.094,255.0
20.147,-0.083,0.606,13.0
20.122,-0.082,0.486,23.0
20.116,-0.08,0.368,32.0
20.111,-0.078,0.25,25.0
58.301,-0.22,2.318,176.0
58.248,-0.215,1.975,255.0
20.13,-0.072,0.564,16.0
20.112,-0.071,0.444,28.0
20.108,-0.069,0.326,29.0
20.113,-0.068,0.209,28.0
58.298,-0.19,2.198,167.0
20.185,-0.064,0.642,14.0
20.124,-0.062,0.523,20.0
20.11,-0.061,0.403,28.0
20.107,-0.059,0.285,29.0
20.119,-0.058,0.167,32.0
58.306,-0.162,2.077,165.0
20.156,-0.054,0.599,16.0
20.128,-0.053,0.481,25.0
20.106,-0.051,0.361,29.0
20.106,-0.05,0.243,31.0
20.118,-0.049,0.125,34.0
58.286,-0.136,1.956,114.0
20.138,-0.046,0.557,19.0
20.126,-0.044,0.439,28.0
20.115,-0.043,0.319,27.0
20.109,-0.042,0.201,39.0
20.131,-0.041,0.084,41.0
20.197,-0.039,0.635,22.0
20.151,-0.038,0.515,21.0
20.124,-0.036,0.397,26.0
20.113,-0.035,0.277,24.0
20.115,-0.034,0.159,30.0
20.142,-0.033,0.041,34.0
20.17,-0.031,0.591,22.0
20.124,-0.03,0.472,26.0
20.107,-0.029,0.354,28.0
20.112,-0.028,0.234,28.0
20.125,-0.027,0.116,35.0
20.136,-0.026,0.0,24.0
20.159,-0.024,0.548,22.0
20.135,-0.024,0.43,28.0
20.118,-0.023,0.312,28.0
20.11,-0.022,0.192,28.0
20.123,-0.021,0.074,30.0
20.164,-0.02,-0.043,18.0
20.15,-0.019,0.505,26.0
20.133,-0.018,0.387,25.0
20.119,-0.017,0.269,24.0
20.118,-0.016,0.149,26.0
20.149,-0.015,0.031,14.0
20.194,-0.015,-0.086,14.0
20.132,-0.013,0.462,29.0
20.128,-0.013,0.344,28.0
20.117,-0.012,0.226,26.0
20.12,-0.011,0.106,31.0
20.202,-0.011,-0.011,16.0
20.207,-0.01,-0.129,17.0
20.133,-0.009,0.419,28.0
20.131,-0.008,0.301,27.0
20.123,-0.008,0.183,27.0
20.16,-0.007,0.063,26.0
20.229,-0.007,-0.054,33.0
20.227,-0.006,-0.173,12.0
20.124,-0.005,0.376,26.0
20.124,-0.005,0.258,26.0
20.117,-0.004,0.14,29.0
20.274,-0.004,0.02,110.0
20.275,-0.003,-0.098,68.0
20.248,-0.003,-0.216,19.0
20.122,-0.002,0.333,28.0
20.124,-0.002,0.215,26.0
20.135,-0.002,0.097,29.0
20.257,-0.001,-0.022,150.0
20.268,-0.001,-0.141,79.0
20.255,-0.001,-0.259,48.0
20.126,0.0,0.29,28.0
20.122,0.0,0.171,26.0
20.243,0.0,0.054,62.0
20.255,0.0,-0.066,150.0
20.272,0.0,-0.185,150.0
20.272,0.0,-0.304,62.0
20.128,0.0,0.246,27.0
20.121,0.0,0.128,29.0
20.263,0.001,0.01,152.0
20.264,0.001,-0.109,150.0
20.274,0.001,-0.228,150.0
20.268,0.001,-0.347,55.0
20.126,0.001,0.203,28.0
20.167,0.001,0.085,41.0
20.263,0.001,-0.032,151.0
20.262,0.001,-0.153,150.0
20.272,0.001,-0.272,81.0
20.254,0.001,-0.39,49.0
20.132,0.001,0.159,28.0
20.255,0.001,0.042,151.0
20.26,0.001,-0.076,151.0
20.264,0.001,-0.196,147.0
20.27,0.001,-0.315,63.0
20.253,0.001,-0.434,20.0
20.14,0.0,0.116,33.0
20.259,0.0,-0.001,151.0
20.269,0.0,-0.12,150.0
20.278,0.0,-0.24,74.0
20.256,0.0,-0.359,23.0
20.245,0.0,-0.477,10.0
20.173,-0.001,0.073,30.0
20.266,-0.001,-0.044,150.0
20.266,-0.001,-0.162,70.0
20.22,-0.001,-0.283,18.0
20.229,-0.002,-0.401,8.0
20.24,-0.002,-0.52,5.0
20.287,-0.003,0.031,85.0
20.261,-0.003,-0.087,50.0
20.231,-0.004,-0.206,12.0
20.243,-0.004,-0.326,6.0
20.247,-0.004,-0.445,4.0
20.233,-0.005,-0.563,2.0
20.248,-0.006,-0.012,25.0
20.217,-0.006,-0.13,15.0
20.229,-0.007,-0.249,9.0
20.224,-0.007,-0.369,3.0
20.255,-0.008,-0.489,2.0
20.229,-0.008,-0.606,1.0
20.233,-0.01,-0.055,20.0
20.225,-0.01,-0.173,9.0
20.266,-0.011,-0.292,2.0
20.249,-0.012,-0.413,0.0
32.264,-0.02,-0.847,4.0
58.402,-0.038,-1.877,1.0
20.18,-0.015,-0.098,17.0
20.203,-0.015,-0.216,3.0
43.331,-0.035,-0.718,3.0
37.205,-0.031,-0.838,0.0
32.233,-0.028,-0.914,0.0
58.379,-0.053,-1.998,3.0
20.197,-0.02,-0.14,22.0
20.167,-0.021,-0.258,10.0
41.644,-0.045,-0.777,4.0
34.657,-0.038,-0.853,0.0
28.772,-0.033,-0.877,0.0
24.659,-0.029,-0.896,0.0
20.165,-0.026,-0.183,13.0
20.183,-0.027,-0.301,5.0
37.521,-0.052,-0.78,2.0
32.089,-0.046,-0.858,9.0
58.396,-0.086,-1.903,2.0
20.164,-0.033,-0.225,15.0
20.176,-0.034,-0.343,3.0
34.6,-0.06,-0.791,0.0
58.569,-0.105,-1.688,0.0
20.177,-0.04,-0.267,27.0
20.182,-0.041,-0.385,1.0
34.637,-0.073,-0.864,1.0
28.275,-0.061,-0.874,0.0
24.45,-0.054,-0.899,0.0
20.187,-0.049,-0.309,25.0
20.173,-0.05,-0.427,0.0
31.886,-0.081,-0.861,1.0
26.732,-0.069,-0.881,0.0
20.279,-0.055,-0.906,71.0
20.155,-0.058,-0.35,19.0
20.192,-0.059,-0.469,0.0
30.273,-0.091,-0.88,1.0
25.327,-0.077,-0.887,0.0
20.195,-0.067,-0.392,24.0
33.156,-0.113,-0.837,5.0
28.04,-0.097,-0.872,4.0
24.401,-0.087,-0.904,0.0
20.186,-0.078,-0.433,25.0
33.07,-0.13,-0.902,0.0
26.302,-0.105,-0.871,0.0
22.902,-0.093,-0.895,0.0
20.28,-0.084,-0.911,68.0
20.202,-0.089,-0.473,23.0
58.417,-0.263,-1.711,1.0
25.557,-0.117,-0.898,0.0
20.188,-0.101,-0.513,18.0
28.049,-0.142,-0.877,19.0
24.125,-0.124,-0.896,0.0
20.196,-0.113,-0.553,13.0
58.351,-0.333,-1.94,1.0
22.651,-0.131,-0.885,3.0
20.268,-0.119,-0.913,56.0
18.308,-0.109,-0.931,0.0
16.573,-0.1,-0.94,0.0
20.196,-0.126,-0.592,10.0
22.567,-0.146,-0.926,11.0
16.054,-0.108,-0.942,0.0
20.214,-0.14,-0.632,10.0
20.25,-0.145,-0.87,9.0
18.737,-0.136,-0.916,0.0
17.005,-0.125,-0.931,0.0
15.565,-0.116,-0.943,0.0
20.217,-0.155,-0.671,9.0
22.608,-0.175,-0.882,25.0
20.289,-0.159,-0.91,72.0
18.281,-0.146,-0.928,0.0
16.593,-0.134,-0.94,0.0
15.06,-0.123,-0.941,0.0
20.221,-0.17,-0.708,4.0
22.621,-0.192,-0.924,4.0
20.157,-0.173,-0.941,3.0
17.662,-0.154,-0.93,0.0
16.17,-0.143,-0.946,0.0
14.694,-0.131,-0.945,0.0
24.568,-0.225,-0.906,12.0
20.274,-0.188,-0.866,6.0
18.807,-0.177,-0.913,0.0
17.106,-0.163,-0.932,0.0
15.583,-0.15,-0.94,0.0
14.369,-0.14,-0.951,0.0
22.724,-0.227,-0.88,22.0
20.298,-0.205,-0.904,73.0
18.363,-0.187,-0.925,0.0
16.647,-0.172,-0.937,0.0
15.165,-0.158,-0.943,0.0
22.704,-0.245,-0.92,12.0
20.249,-0.221,-0.939,19.0
17.844,-0.197,-0.931,0.0
16.195,-0.181,-0.941,0.0
14.78,-0.167,-0.945,0.0
20.226,-0.236,-0.855,5.0
19.422,-0.229,-0.935,0.0
20.215,-0.241,-1.091,0.0
15.693,-0.189,-0.94,0.0
13.266,-0.164,-0.95,0.0
20.282,-0.255,-0.894,48.0
18.483,-0.235,-0.922,0.0
16.846,-0.216,-0.939,0.0
15.298,-0.198,-0.943,0.0
12.993,-0.172,-0.953,0.0
20.276,-0.273,-0.929,27.0
17.972,-0.245,-0.928,0.0
16.308,-0.225,-0.937,0.0
14.835,-0.206,-0.94,0.0
12.679,-0.18,-0.952,0.0
19.65,-0.284,-0.934,1.0
17.361,-0.253,-0.926,0.0
15.962,-0.235,-0.944,0.0
14.52,-0.216,-0.945,0.0
13.383,-0.201,-0.949,0.0
12.396,-0.188,-0.952,0.0
19.182,-0.296,-0.944,0.0
16.937,-0.264,-0.932,0.0
15.527,-0.244,-0.944,0.0
14.082,-0.224,-0.94,0.0
13.078,-0.21,-0.949,0.0
12.161,-0.197,-0.954,0.0
18.298,-0.301,-0.93,0.0
16.589,-0.275,-0.94,0.0
15.093,-0.253,-0.943,0.0
13.936,-0.236,-0.953,0.0
12.77,-0.218,-0.948,0.0
11.846,-0.204,-0.949,0.0
17.94,-0.313,-0.941,0.0
16.148,-0.285,-0.941,0.0
14.718,-0.262,-0.943,0.0
13.473,-0.242,-0.943,0.0
12.528,-0.227,-0.95,0.0
11.598,-0.212,-0.947,0.0
17.257,-0.319,-0.932,0.0
15.762,-0.294,-0.943,0.0
14.43,-0.272,-0.947,0.0
13.279,-0.252,-0.95,0.0
12.313,-0.236,-0.953,0.0
11.38,-0.22,-0.947,0.0
16.928,-0.332,-0.941,0.0
15.478,-0.306,-0.95,0.0
14.038,-0.28,-0.943,0.0
12.948,-0.26,-0.947,0.0
12.068,-0.245,-0.953,0.0
11.178,-0.229,-0.948,0.0
16.545,-0.343,-0.944,0.0
14.94,-0.312,-0.94,0.0
13.86,-0.292,-0.952,0.0
12.707,-0.27,-0.948,0.0
11.823,-0.253,-0.951,0.0
10.977,-0.237,-0.947,0.0
16.118,-0.352,-0.944,0.0
14.582,-0.321,-0.939,0.0
13.402,-0.297,-0.941,0.0
12.498,-0.279,-0.951,0.0
11.568,-0.261,-0.947,0.0
10.867,-0.247,-0.953,0.0
15.659,-0.36,-0.939,0.0
14.349,-0.332,-0.944,0.0
13.238,-0.309,-0.948,0.0
12.326,-0.29,-0.955,0.0
11.38,-0.27,-0.948,0.0
10.629,-0.254,-0.948,0.0
15.455,-0.373,-0.949,0.0
14.114,-0.343,-0.948,0.0
13.025,-0.319,-0.951,0.0
12.105,-0.299,-0.955,0.0
11.229,-0.279,-0.951,0.0
10.463,-0.262,-0.947,0.0
14.957,-0.379,-0.939,0.0
13.885,-0.354,-0.952,0.0
12.775,-0.328,-0.95,0.0
11.87,-0.307,-0.953,0.0
11.003,-0.287,-0.947,0.0
10.341,-0.272,-0.95,0.0
14.705,-0.39,-0.943,0.0
13.599,-0.363,-0.951,0.0
12.543,-0.337,-0.949,0.0
11.626,-0.315,-0.949,0.0
10.867,-0.297,-0.95,0.0
10.213,-0.281,-0.952,0.0
14.401,-0.4,-0.942,0.0
13.314,-0.372,-0.948,0.0
12.344,-0.347,-0.95,0.0
11.442,-0.324,-0.948,0.0
10.744,-0.307,-0.953,0.0
10.063,-0.289,-0.951,0.0
14.212,-0.412,-0.948,0.0
13.19,-0.385,-0.956,0.0
12.191,-0.358,-0.954,0.0
11.257,-0.333,-0.947,0.0
10.548,-0.314,-0.949,0.0
9.927,-0.298,-0.951,0.0
13.983,-0.423,-0.949,0.0
12.894,-0.393,-0.95,0.0
11.988,-0.368,-0.953,0.0
11.112,-0.343,-0.948,0.0
10.418,-0.324,-0.95,0.0
9.796,-0.307,-0.95,0.0
13.757,-0.434,-0.95,0.0
12.717,-0.404,-0.952,0.0
11.773,-0.376,-0.949,0.0
10.969,-0.353,-0.949,0.0
10.321,-0.334,-0.953,0.0
9.671,-0.315,-0.949,0.0
13.462,-0.442,-0.945,0.0
12.527,-0.414,-0.952,0.0
11.588,-0.385,-0.948,0.0
10.836,-0.363,-0.95,0.0
10.162,-0.342,-0.95,0.0
9.561,-0.324,-0.949,0.0
13.335,-0.455,-0.951,0.0
12.38,-0.425,-0.955,0.0
11.442,-0.395,-0.948,0.0
10.69,-0.372,-0.949,0.0
10.069,-0.353,-0.952,0.0
9.468,-0.334,-0.95,0.0
13.146,-0.466,-0.952,0.0
12.227,-0.436,-0.956,0.0
11.283,-0.405,-0.947,0.0
10.582,-0.382,-0.95,0.0
9.952,-0.362,-0.952,0.0
9.372,-0.343,-0.95,0.0
12.997,-0.478,-0.955,0.0
12.07,-0.447,-0.956,0.0
11.186,-0.416,-0.95,0.0
10.457,-0.392,-0.95,0.0
9.855,-0.371,-0.952,0.0
9.29,-0.352,-0.951,0.0
12.816,-0.488,-0.954,0.0
11.848,-0.454,-0.95,0.0
11.082,-0.427,-0.952,0.0
10.367,-0.402,-0.952,0.0
9.734,-0.38,-0.95,0.0
9.158,-0.36,-0.947,0.0
12.634,-0.498,-0.952,0.0
11.732,-0.466,-0.951,0.0
10.976,-0.438,-0.953,0.0
10.262,-0.412,-0.951,0.0
9.678,-0.391,-0.953,0.0
9.071,-0.368,-0.946,0.0
12.543,-0.512,-0.956,0.0
11.601,-0.476,-0.951,0.0
10.786,-0.445,-0.946,0.0
10.175,-0.422,-0.952,0.0
9.589,-0.4,-0.953,0.0
8.999,-0.378,-0.946,0.0
12.446,-0.525,-0.96,0.0
11.467,-0.486,-0.95,0.0
10.735,-0.458,-0.951,0.0
10.046,-0.431,-0.949,0.0
9.51,-0.41,-0.953,0.0
8.911,-0.386,-0.944,0.0
12.321,-0.536,-0.96,0.0
11.387,-0.498,-0.952,0.0
10.649,-0.468,-0.952,0.0
9.968,-0.441,-0.949,0.0
9.428,-0.419,-0.952,0.0
8.847,-0.396,-0.944,0.0
12.198,-0.547,-0.96,0.0
11.299,-0.51,-0.953,0.0
10.585,-0.48,-0.954,0.0
9.913,-0.452,-0.951,0.0
9.317,-0.427,-0.948,0.0
8.783,-0.405,-0.944,0.0
12.024,-0.556,-0.955,0.0
11.177,-0.52,-0.951,0.0
10.466,-0.489,-0.951,0.0
9.835,-0.462,-0.951,0.0
9.252,-0.437,-0.947,0.0
8.725,-0.414,-0.944,0.0
11.924,-0.568,-0.955,0.0
11.11,-0.532,-0.953,0.0
10.432,-0.502,-0.954,0.0
9.8,-0.474,-0.954,0.0
9.208,-0.448,-0.949,0.0
8.684,-0.424,-0.945,0.0
11.812,-0.579,-0.953,0.0
11.086,-0.546,-0.958,0.0
10.346,-0.512,-0.953,0.0
9.748,-0.485,-0.955,0.0
9.17,-0.458,-0.951,0.0
8.629,-0.434,-0.944,0.0
11.748,-0.592,-0.955,0.0
10.938,-0.554,-0.951,0.0
10.294,-0.524,-0.954,0.0
9.704,-0.496,-0.956,0.0
9.124,-0.469,-0.951,0.0
8.585,-0.443,-0.944,0.0
11.639,-0.602,-0.952,0.0
10.905,-0.567,-0.954,0.0
10.276,-0.537,-0.958,0.0
9.622,-0.505,-0.953,0.0
9.072,-0.479,-0.95,0.0
8.54,-0.453,-0.944,0.0
11.589,-0.616,-0.954,0.0
10.837,-0.578,-0.954,0.0
10.148,-0.544,-0.951,0.0
9.556,-0.515,-0.951,0.0
9.024,-0.489,-0.95,0.0
8.511,-0.463,-0.944,0.0
11.528,-0.628,-0.954,0.0
10.717,-0.587,-0.948,0.0
10.114,-0.556,-0.952,0.0
9.51,-0.526,-0.951,0.0
8.976,-0.498,-0.948,0.0
8.481,-0.473,-0.945,0.0
11.477,-0.641,-0.955,0.0
10.728,-0.602,-0.953,0.0
10.076,-0.568,-0.953,0.0
9.482,-0.537,-0.951,0.0
8.941,-0.509,-0.948,0.0
8.453,-0.483,-0.945,0.0
11.43,-0.655,-0.955,0.0
10.613,-0.61,-0.947,0.0
10.013,-0.578,-0.95,0.0
9.44,-0.548,-0.951,0.0
8.921,-0.52,-0.949,0.0
8.414,-0.493,-0.943,0.0
11.398,-0.668,-0.956,0.0
10.593,-0.624,-0.949,0.0
9.993,-0.591,-0.952,0.0
9.422,-0.56,-0.952,0.0
8.891,-0.53,-0.949,0.0
8.411,-0.504,-0.945,0.0
11.359,-0.681,-0.956,0.0
10.562,-0.636,-0.949,0.0
9.989,-0.604,-0.954,0.0
9.426,-0.573,-0.954,0.0
8.871,-0.541,-0.949,0.0
8.389,-0.514,-0.945,0.0
11.364,-0.697,-0.959,0.0
10.55,-0.65,-0.95,0.0
9.969,-0.616,-0.954,0.0
9.408,-0.584,-0.955,0.0
8.829,-0.551,-0.946,0.0
8.38,-0.525,-0.946,0.0
11.259,-0.706,-0.953,0.0
10.543,-0.663,-0.951,0.0
9.949,-0.629,-0.954,0.0
9.4,-0.596,-0.955,0.0
8.845,-0.564,-0.949,0.0
8.343,-0.534,-0.943,0.0
11.229,-0.719,-0.952,0.0
10.551,-0.678,-0.954,0.0
9.961,-0.643,-0.956,0.0
9.356,-0.606,-0.952,0.0
8.824,-0.574,-0.948,0.0
8.337,-0.545,-0.943,0.0
11.217,-0.733,-0.952,0.0
10.555,-0.692,-0.955,0.0
9.943,-0.655,-0.956,0.0
9.388,-0.621,-0.956,0.0
8.832,-0.586,-0.95,0.0
8.33,-0.555,-0.943,0.0
11.256,-0.75,-0.956,0.0
10.508,-0.703,-0.951,0.0
9.984,-0.67,-0.96,0.0
9.337,-0.629,-0.951,0.0
8.826,-0.597,-0.949,0.0
8.33,-0.566,-0.943,0.0
11.217,-0.762,-0.953,0.0
10.559,-0.72,-0.956,0.0
9.943,-0.681,-0.956,0.0
9.38,-0.645,-0.956,0.0
8.831,-0.609,-0.949,0.0
8.349,-0.578,-0.945,0.0
11.226,-0.777,-0.953,0.0
10.557,-0.733,-0.955,0.0
9.977,-0.696,-0.959,0.0
9.374,-0.656,-0.955,0.0
8.843,-0.621,-0.95,0.0
8.361,-0.59,-0.946,0.0
11.238,-0.792,-0.953,0.0
10.579,-0.748,-0.957,0.0
10.003,-0.71,-0.961,0.0
9.4,-0.67,-0.956,0.0
8.836,-0.632,-0.949,0.0
8.343,-0.599,-0.943,0.0
11.29,-0.81,-0.956,0.0
10.576,-0.761,-0.955,0.0
10.005,-0.723,-0.959,0.0
9.389,-0.681,-0.954,0.0
8.864,-0.645,-0.95,0.0
8.379,-0.612,-0.945,0.0
11.308,-0.825,-0.956,0.0
10.625,-0.778,-0.958,0.0
10.011,-0.736,-0.958,0.0
9.419,-0.694,-0.955,0.0
8.89,-0.658,-0.952,0.0
8.4,-0.624,-0.946,0.0
11.342,-0.842,-0.957,0.0
10.601,-0.789,-0.953,0.0
10.009,-0.748,-0.956,0.0
9.449,-0.708,-0.956,0.0
8.902,-0.669,-0.951,0.0
8.424,-0.636,-0.947,0.0
11.42,-0.861,-0.961,0.0
10.697,-0.809,-0.959,0.0
10.036,-0.762,-0.956,0.0
9.47,-0.721,-0.956,0.0
8.919,-0.681,-0.95,0.0
8.45,-0.648,-0.947,0.0
11.41,-0.874,-0.957,0.0
10.633,-0.817,-0.951,0.0
10.12,-0.78,-0.961,0.0
9.508,-0.735,-0.957,0.0
8.961,-0.695,-0.952,0.0
8.488,-0.66,-0.949,0.0
11.491,-0.893,-0.96,0.0
10.694,-0.834,-0.952,0.0
10.151,-0.794,-0.961,0.0
9.553,-0.749,-0.958,0.0
9.001,-0.708,-0.953,0.0
8.508,-0.672,-0.948,0.0
11.564,-0.912,-0.962,0.0
10.788,-0.853,-0.957,0.0
10.162,-0.806,-0.958,0.0
9.6,-0.764,-0.959,0.0
9.04,-0.722,-0.953,0.0
8.556,-0.685,-0.95,0.0
11.609,-0.928,-0.961,0.0
10.866,-0.871,-0.959,0.0
10.214,-0.821,-0.958,0.0
9.618,-0.776,-0.957,0.0
9.088,-0.735,-0.955,0.0
8.614,-0.699,-0.953,0.0
11.685,-0.947,-0.962,0.0
10.908,-0.887,-0.958,0.0
10.276,-0.838,-0.959,0.0
9.652,-0.789,-0.956,0.0
9.137,-0.749,-0.955,0.0
8.639,-0.71,-0.951,0.0
11.757,-0.966,-0.962,0.0
10.992,-0.905,-0.96,0.0
10.288,-0.85,-0.955,0.0
9.718,-0.805,-0.957,0.0
9.188,-0.763,-0.956,0.0
8.69,-0.724,-0.952,0.0
11.841,-0.985,-0.963,0.0
11.044,-0.921,-0.959,0.0
10.394,-0.869,-0.96,0.0
9.786,-0.82,-0.959,0.0
9.23,-0.776,-0.955,0.0
8.741,-0.737,-0.953,0.0
11.914,-1.003,-0.962,0.0
11.138,-0.94,-0.961,0.0
10.446,-0.884,-0.959,0.0
9.847,-0.835,-0.959,0.0
9.316,-0.792,-0.959,0.0
8.793,-0.75,-0.954,0.0
12.009,-1.023,-0.963,0.0
11.212,-0.957,-0.96,0.0
10.513,-0.9,-0.958,0.0
9.896,-0.849,-0.958,0.0
9.384,-0.807,-0.96,0.0
8.845,-0.763,-0.954,0.0
12.102,-1.042,-0.963,0.0
11.272,-0.973,-0.958,0.0
10.652,-0.921,-0.964,0.0
9.961,-0.864,-0.957,0.0
9.438,-0.82,-0.959,0.0
8.933,-0.779,-0.957,0.0
12.239,-1.065,-0.965,0.0
11.405,-0.995,-0.962,0.0
10.719,-0.937,-0.963,0.0
10.002,-0.876,-0.954,0.0
9.505,-0.835,-0.959,0.0
8.981,-0.791,-0.956,0.0
12.395,-1.09,-0.969,0.0
11.555,-1.018,-0.967,0.0
0.0,0.0,0.0,0.0
10.177,-0.901,-0.964,0.0
9.59,-0.851,-0.961,0.0
9.048,-0.805,-0.956,0.0
12.503,-1.11,-0.968,0.0
11.692,-1.04,-0.969,0.0
10.944,-0.976,-0.967,0.0
10.24,-0.915,-0.962,0.0
9.679,-0.867,-0.962,0.0
9.125,-0.819,-0.957,0.0
12.614,-1.13,-0.967,0.0
11.765,-1.056,-0.966,0.0
10.999,-0.989,-0.963,0.0
10.277,-0.927,-0.957,0.0
9.754,-0.881,-0.962,0.0
9.199,-0.833,-0.958,0.0
12.765,-1.154,-0.969,0.0
11.884,-1.076,-0.966,0.0
11.088,-1.006,-0.962,0.0
10.355,-0.942,-0.956,0.0
9.853,-0.898,-0.964,0.0
9.298,-0.849,-0.96,0.0
12.861,-1.172,-0.965,0.0
12.001,-1.096,-0.966,0.0
11.188,-1.024,-0.961,0.0
10.458,-0.959,-0.957,0.0
9.898,-0.91,-0.959,0.0
9.395,-0.865,-0.962,0.0
13.098,-1.204,-0.971,0.0
12.168,-1.12,-0.969,0.0
11.31,-1.043,-0.962,0.0
10.551,-0.975,-0.956,0.0
10.009,-0.927,-0.961,0.0
9.463,-0.878,-0.961,0.0
13.258,-1.228,-0.971,0.0
12.306,-1.142,-0.968,0.0
11.49,-1.068,-0.966,0.0
10.81,-1.006,-0.969,0.0
10.111,-0.943,-0.961,0.0
9.576,-0.895,-0.963,0.0
13.429,-1.253,-0.971,0.0
12.506,-1.168,-0.972,0.0
11.633,-1.089,-0.968,0.0
10.828,-1.015,-0.96,0.0
10.256,-0.963,-0.965,0.0
9.668,-0.909,-0.963,0.0
13.772,-1.293,-0.983,0.0
12.636,-1.188,-0.97,0.0
11.775,-1.109,-0.968,0.0
10.974,-1.035,-0.963,0.0
10.31,-0.974,-0.96,0.0
9.782,-0.926,-0.964,0.0
13.799,-1.304,-0.971,2.0
12.816,-1.213,-0.971,0.0
11.958,-1.133,-0.971,0.0
11.128,-1.056,-0.965,0.0
10.439,-0.992,-0.962,0.0
9.869,-0.94,-0.963,0.0
13.798,-1.311,-0.957,1.0
13.034,-1.24,-0.975,0.0
12.031,-1.147,-0.965,0.0
11.234,-1.072,-0.963,0.0
10.579,-1.011,-0.964,0.0
9.98,-0.955,-0.963,0.0
13.781,-1.317,-0.942,1.0
13.262,-1.269,-0.978,0.0
12.14,-1.163,-0.961,0.0
11.412,-1.095,-0.966,0.0
10.676,-1.026,-0.961,0.0
10.104,-0.972,-0.965,0.0
13.757,-1.321,-0.926,1.0
13.493,-1.297,-0.98,1.0
12.55,-1.208,-0.98,0.0
11.595,-1.118,-0.969,0.0
10.886,-1.051,-0.968,0.0
10.183,-0.984,-0.961,0.0
13.745,-1.326,-0.91,1.0
13.641,-1.317,-0.976,1.0
12.727,-1.23,-0.979,0.0
11.786,-1.141,-0.972,0.0
11.018,-1.068,-0.968,0.0
10.347,-1.004,-0.965,0.0
13.76,-1.333,-0.895,1.0
13.719,-1.33,-0.966,1.0
12.868,-1.249,-0.976,0.0
11.946,-1.161,-0.971,0.0
11.167,-1.086,-0.968,0.0
10.49,-1.022,-0.966,0.0
13.751,-1.337,-0.879,1.0
13.729,-1.336,-0.951,1.0
13.127,-1.279,-0.98,0.0
12.084,-1.178,-0.968,0.0
11.323,-1.105,-0.968,0.0
10.61,-1.037,-0.965,0.0
13.747,-1.341,-0.863,1.0
13.727,-1.34,-0.935,1.0
13.373,-1.307,-0.983,1.0
12.254,-1.198,-0.968,0.0
11.49,-1.125,-0.969,0.0
10.847,-1.063,-0.973,0.0
13.833,-1.353,-0.852,0.0
13.703,-1.341,-0.917,1.0
13.518,-1.324,-0.977,1.0
12.581,-1.234,-0.978,0.0
11.673,-1.146,-0.97,0.0
10.954,-1.076,-0.97,0.0
14.006,-1.373,-0.846,0.0
13.72,-1.346,-0.902,1.0
13.64,-1.339,-0.97,1.0
12.811,-1.259,-0.981,0.0
11.912,-1.171,-0.976,0.0
11.093,-1.092,-0.968,0.0
14.194,-1.394,-0.84,0.0
13.71,-1.348,-0.884,1.0
13.702,-1.348,-0.957,1.0
13.108,-1.29,-0.987,0.0
12.028,-1.185,-0.97,0.0
11.241,-1.108,-0.967,0.0
14.47,-1.424,-0.838,0.0
13.729,-1.351,-0.868,1.0
13.71,-1.35,-0.941,1.0
13.278,-1.308,-0.983,0.0
12.22,-1.205,-0.97,0.0
11.438,-1.129,-0.97,0.0
14.648,-1.443,-0.83,0.0
13.799,-1.36,-0.856,0.0
13.712,-1.352,-0.923,1.0
13.509,-1.332,-0.983,1.0
13.485,-1.331,-1.054,0.0
11.656,-1.151,-0.973,0.0
14.991,-1.477,-0.831,1.0
13.981,-1.378,-0.849,0.0
13.711,-1.352,-0.906,1.0
13.589,-1.341,-0.972,2.0
12.872,-1.27,-0.989,0.0
11.885,-1.174,-0.977,0.0
15.194,-1.498,-0.822,1.0
14.184,-1.399,-0.843,0.0
13.708,-1.352,-0.888,1.0
13.693,-1.351,-0.961,1.0
13.045,-1.287,-0.985,0.0
12.047,-1.189,-0.975,0.0
15.431,-1.521,-0.815,1.0
14.43,-1.422,-0.839,0.0
13.701,-1.351,-0.87,1.0
13.7,-1.351,-0.944,1.0
13.295,-1.311,-0.987,0.0
12.202,-1.204,-0.971,0.0
15.643,-1.541,-0.806,1.0
14.643,-1.442,-0.832,0.0
13.772,-1.357,-0.856,0.0
13.704,-1.35,-0.926,1.0
13.487,-1.329,-0.983,1.0
12.618,-1.243,-0.987,0.0
15.948,-1.569,-0.8,1.0
14.97,-1.473,-0.831,1.0
13.976,-1.375,-0.85,1.0
13.696,-1.347,-0.907,1.0
13.617,-1.34,-0.974,2.0
12.808,-1.26,-0.985,0.0
16.253,-1.596,-0.794,1.0
15.204,-1.493,-0.824,1.0
14.191,-1.393,-0.844,0.0
13.714,-1.346,-0.89,1.0
13.697,-1.345,-0.962,1.0
13.061,-1.282,-0.987,0.0
16.569,-1.624,-0.787,1.0
15.489,-1.518,-0.818,1.0
14.459,-1.417,-0.84,0.0
13.716,-1.344,-0.871,1.0
13.713,-1.343,-0.944,1.0
13.32,-1.305,-0.988,0.0
16.956,-1.658,-0.783,1.0
15.671,-1.532,-0.807,1.0
14.692,-1.436,-0.834,0.0
13.776,-1.346,-0.856,0.0
13.733,-1.341,-0.927,1.0
13.488,-1.317,-0.982,1.0
17.441,-1.7,-0.781,1.0
16.011,-1.56,-0.802,1.0
15.02,-1.463,-0.832,1.0
14.004,-1.364,-0.851,0.0
13.723,-1.336,-0.907,1.0
13.67,-1.33,-0.976,1.0
17.887,-1.738,-0.777,0.0
16.311,-1.584,-0.795,1.0
15.23,-1.478,-0.823,1.0
14.232,-1.381,-0.846,0.0
13.731,-1.331,-0.889,1.0
13.732,-1.331,-0.962,1.0
18.403,-1.781,-0.774,1.0
16.637,-1.609,-0.788,1.0
15.5,-1.498,-0.816,1.0
14.488,-1.4,-0.841,0.0
13.77,-1.329,-0.872,1.0
13.751,-1.327,-0.944,1.0
18.989,-1.83,-0.773,1.0
17.041,-1.641,-0.783,0.0
15.78,-1.518,-0.809,1.0
14.795,-1.423,-0.838,0.0
13.841,-1.33,-0.858,0.0
13.76,-1.321,-0.926,1.0
19.457,-1.866,-0.765,1.0
17.56,-1.682,-0.783,0.0
16.084,-1.54,-0.802,1.0
15.066,-1.441,-0.833,1.0
14.092,-1.347,-0.854,0.0
13.786,-1.317,-0.908,1.0
20.109,-1.918,-0.763,1.0
18.075,-1.722,-0.781,0.0
16.376,-1.559,-0.794,1.0
15.308,-1.456,-0.825,1.0
14.352,-1.364,-0.849,0.0
13.788,-1.309,-0.889,1.0
20.481,-1.942,-0.748,2.0
18.562,-1.758,-0.776,0.0
16.781,-1.588,-0.791,0.0
15.564,-1.471,-0.817,1.0
14.543,-1.373,-0.84,0.0
13.811,-1.303,-0.871,1.0
21.435,-2.019,-0.754,2.0
19.14,-1.801,-0.774,1.0
17.184,-1.615,-0.786,0.0
15.845,-1.488,-0.81,1.0
14.915,-1.399,-0.841,0.0
13.917,-1.304,-0.858,0.0
21.863,-2.046,-0.738,3.0
19.639,-1.835,-0.767,1.0
17.722,-1.654,-0.786,0.0
16.229,-1.513,-0.807,1.0
15.203,-1.416,-0.836,1.0
14.195,-1.32,-0.856,0.0
22.67,-2.106,-0.734,2.0
20.229,-1.876,-0.762,1.0
18.29,-1.694,-0.786,1.0
16.435,-1.52,-0.794,1.0
15.382,-1.421,-0.825,1.0
14.426,-1.331,-0.85,0.0
23.7,-2.184,-0.735,7.0
20.866,-1.92,-0.757,0.0
18.759,-1.724,-0.78,1.0
16.877,-1.549,-0.792,0.0
15.635,-1.433,-0.817,1.0
14.627,-1.338,-0.842,0.0
23.833,-2.178,-0.707,13.0
21.648,-1.975,-0.756,0.0
19.189,-1.748,-0.771,1.0
17.354,-1.578,-0.791,0.0
15.93,-1.447,-0.81,1.0
14.957,-1.356,-0.84,0.0
23.996,-2.173,-0.679,5.0
22.153,-2.003,-0.743,1.0
19.846,-1.791,-0.771,1.0
17.84,-1.607,-0.789,1.0
16.276,-1.464,-0.806,2.0
15.258,-1.37,-0.836,1.0
26.537,-2.38,-0.714,4.0
23.303,-2.086,-0.75,5.0
20.366,-1.82,-0.763,1.0
18.311,-1.634,-0.785,1.0
16.524,-1.472,-0.796,1.0
15.413,-1.37,-0.823,1.0
27.264,-2.421,-0.697,7.0
23.779,-2.107,-0.734,12.0
21.075,-1.864,-0.761,1.0
18.834,-1.663,-0.782,1.0
17.036,-1.501,-0.797,0.0
15.709,-1.382,-0.818,1.0
27.852,-2.447,-0.675,2.0
23.846,-2.091,-0.704,15.0
21.695,-1.898,-0.755,1.0
19.379,-1.692,-0.778,1.0
17.459,-1.521,-0.794,0.0
16.06,-1.397,-0.815,1.0
29.442,-2.557,-0.674,5.0
24.258,-2.103,-0.683,6.0
22.425,-1.939,-0.75,2.0
19.911,-1.718,-0.773,1.0
17.925,-1.544,-0.791,0.0
16.319,-1.402,-0.806,2.0
30.498,-2.618,-0.658,5.0
24.771,-2.121,-0.665,1.0
23.48,-2.006,-0.754,5.0
20.415,-1.74,-0.766,1.0
18.442,-1.568,-0.789,1.0
16.674,-1.415,-0.802,1.0
31.314,-2.654,-0.634,2.0
27.629,-2.336,-0.705,7.0
23.807,-2.008,-0.733,13.0
21.17,-1.781,-0.766,2.0
18.929,-1.589,-0.785,1.0
17.109,-1.433,-0.8,0.0
32.743,-2.738,-0.62,1.0
28.466,-2.374,-0.689,4.0
24.058,-2.002,-0.71,16.0
21.572,-1.79,-0.753,0.0
19.321,-1.599,-0.776,0.0
17.484,-1.444,-0.795,0.0
34.521,-2.847,-0.609,2.0
29.735,-2.446,-0.682,8.0
24.678,-2.024,-0.696,17.0
22.6,-1.849,-0.759,1.0
20.093,-1.639,-0.782,1.0
18.049,-1.469,-0.798,0.0
35.912,-2.919,-0.588,1.0
30.611,-2.481,-0.663,6.0
25.234,-2.04,-0.68,6.0
23.455,-1.89,-0.759,5.0
20.461,-1.645,-0.77,2.0
18.461,-1.48,-0.793,1.0
39.292,-3.146,-0.595,3.0
31.379,-2.505,-0.641,2.0
27.486,-2.188,-0.706,1.0
23.777,-1.887,-0.74,11.0
21.058,-1.666,-0.767,1.0
18.885,-1.49,-0.787,0.0
40.298,-3.175,-0.56,14.0
33.026,-2.594,-0.634,1.0
28.645,-2.243,-0.701,3.0
23.931,-1.868,-0.715,14.0
21.655,-1.685,-0.762,1.0
19.469,-1.51,-0.788,0.0
42.043,-3.258,-0.533,5.0
34.196,-2.641,-0.614,2.0
29.662,-2.283,-0.69,4.0
24.381,-1.871,-0.699,13.0
22.437,-1.716,-0.762,1.0
19.988,-1.524,-0.785,1.0
0.0,0.0,0.0,0.0
35.876,-2.722,-0.601,2.0
30.526,-2.308,-0.673,4.0
24.768,-1.866,-0.68,5.0
23.479,-1.764,-0.769,5.0
20.415,-1.528,-0.777,2.0
46.843,-3.501,-0.481,21.0
38.538,-2.87,-0.6,3.0
31.219,-2.317,-0.652,2.0
24.807,-1.834,-0.652,1.0
23.762,-1.751,-0.751,15.0
21.094,-1.549,-0.778,2.0
49.365,-3.62,-0.45,24.0
39.466,-2.883,-0.569,2.0
32.767,-2.385,-0.646,2.0
28.165,-2.042,-0.708,1.0
23.868,-1.724,-0.726,15.0
21.544,-1.551,-0.77,0.0
53.388,-3.838,-0.426,6.0
41.734,-2.988,-0.554,1.0
34.074,-2.43,-0.633,2.0
28.536,-2.027,-0.685,1.0
24.117,-1.707,-0.707,14.0
22.229,-1.567,-0.77,1.0
53.586,-3.772,-0.367,7.0
46.94,-3.291,-0.571,2.0
0.0,0.0,0.0,0.0
30.388,-2.113,-0.695,8.0
24.401,-1.69,-0.688,17.0
23.188,-1.599,-0.777,5.0
57.132,-3.934,-0.328,15.0
49.319,-3.382,-0.545,1.0
36.62,-2.5,-0.599,2.0
24.515,-1.666,-0.534,16.0
24.444,-1.655,-0.662,21.0
23.618,-1.592,-0.766,6.0
24.61,-1.656,-0.114,1.0
24.599,-1.648,-0.245,4.0
24.527,-1.635,-0.375,25.0
24.47,-1.625,-0.507,28.0
24.42,-1.614,-0.636,26.0
23.824,-1.568,-0.747,13.0
24.562,-1.614,-0.088,37.0
24.535,-1.604,-0.219,32.0
24.521,-1.596,-0.349,43.0
24.495,-1.587,-0.482,40.0
24.44,-1.576,-0.611,30.0
23.943,-1.537,-0.726,15.0
24.538,-1.572,-0.063,55.0
24.513,-1.563,-0.193,43.0
24.498,-1.554,-0.324,58.0
24.49,-1.547,-0.457,46.0
24.441,-1.536,-0.586,33.0
24.143,-1.51,-0.708,15.0
24.537,-1.532,-0.038,85.0
24.503,-1.522,-0.169,47.0
24.492,-1.513,-0.299,54.0
24.499,-1.506,-0.432,56.0
24.444,-1.495,-0.562,38.0
24.349,-1.482,-0.69,28.0
24.543,-1.49,-0.014,93.0
24.506,-1.481,-0.145,65.0
24.504,-1.473,-0.276,67.0
24.5,-1.465,-0.409,59.0
24.468,-1.455,-0.539,37.0
24.365,-1.442,-0.667,23.0
24.541,-1.448,0.008,71.0
24.528,-1.44,-0.122,69.0
24.514,-1.431,-0.253,60.0
24.509,-1.423,-0.386,57.0
24.502,-1.415,-0.517,52.0
24.417,-1.402,-0.646,26.0
24.564,-1.407,0.031,42.0
24.558,-1.398,-0.099,42.0
24.546,-1.389,-0.23,43.0
24.538,-1.381,-0.364,44.0
24.529,-1.373,-0.495,37.0
24.462,-1.361,-0.625,24.0
65.552,-3.637,0.143,150.0
24.599,-1.356,-0.077,7.0
24.581,-1.347,-0.209,9.0
24.563,-1.338,-0.342,22.0
24.555,-1.33,-0.474,20.0
24.536,-1.321,-0.605,31.0
0.0,0.0,0.0,0.0
65.838,-3.512,-0.151,0.0
56.109,-2.975,-0.429,7.0
43.482,-2.291,-0.57,3.0
31.22,-1.634,-0.577,24.0
30.388,-1.581,-0.724,10.0
0.0,0.0,0.0,0.0
66.483,-3.425,-0.098,1.0
57.375,-2.936,-0.392,4.0
44.681,-2.271,-0.549,2.0
31.262,-1.579,-0.552,23.0
30.524,-1.531,-0.702,27.0
0.0,0.0,0.0,0.0
0.0,0.0,0.0,0.0
65.61,-3.236,-0.396,4.0
31.242,-1.53,-0.359,26.0
31.199,-1.518,-0.526,38.0
30.566,-1.477,-0.68,32.0
68.747,-3.309,0.375,0.0
31.33,-1.497,0.002,1.0
31.242,-1.482,-0.164,34.0
31.171,-1.468,-0.335,42.0
31.175,-1.457,-0.502,46.0
30.63,-1.422,-0.658,33.0
31.282,-1.446,0.194,32.0
31.229,-1.433,0.026,43.0
31.223,-1.421,-0.141,62.0
31.166,-1.408,-0.312,52.0
31.178,-1.398,-0.48,58.0
28.471,-1.267,-0.591,46.0
31.231,-1.384,0.216,43.0
28.47,-1.251,0.044,57.0
28.457,-1.241,-0.109,59.0
28.445,-1.23,-0.265,58.0
28.438,-1.22,-0.418,88.0
28.45,-1.211,-0.571,113.0
28.446,-1.205,0.216,111.0
28.448,-1.195,0.063,118.0
28.43,-1.184,-0.089,113.0
28.451,-1.174,-0.246,122.0
28.458,-1.165,-0.399,129.0
28.446,-1.155,-0.553,75.0
28.448,-1.149,0.234,128.0
28.445,-1.138,0.081,69.0
28.462,-1.129,-0.071,60.0
28.476,-1.119,-0.228,61.0
31.297,-1.219,-0.42,13.0
31.121,-1.202,-0.585,25.0
31.246,-1.2,0.277,43.0
31.265,-1.189,0.108,43.0
31.298,-1.179,-0.06,64.0
31.337,-1.17,-0.232,37.0
44.959,-1.662,-0.576,10.0
31.24,-1.143,-0.569,25.0
31.372,-1.141,0.296,2.0
80.52,-2.902,0.326,19.0
81.256,-2.899,-0.11,41.0
60.716,-2.145,-0.417,0.0
45.055,-1.576,-0.553,18.0
37.969,-1.314,-0.671,6.0
83.297,-2.863,0.833,14.0
80.413,-2.735,0.368,26.0
38.748,-1.304,-0.031,20.0
38.702,-1.288,-0.245,33.0
38.659,-1.272,-0.454,34.0
37.944,-1.235,-0.651,10.0
38.671,-1.25,0.406,62.0
38.671,-1.236,0.197,61.0
38.663,-1.221,-0.012,60.0
38.647,-1.207,-0.225,60.0
38.622,-1.192,-0.434,39.0
37.974,-1.159,-0.633,24.0
38.639,-1.169,0.424,73.0
38.646,-1.155,0.215,72.0
38.643,-1.142,0.005,73.0
38.661,-1.128,-0.208,106.0
38.647,-1.113,-0.417,48.0
38.09,-1.083,-0.618,21.0
38.634,-1.089,0.441,72.0
38.646,-1.075,0.231,72.0
38.656,-1.061,0.022,68.0
38.664,-1.048,-0.191,46.0
38.703,-1.035,-0.402,44.0
38.151,-1.006,-0.604,19.0
38.705,-1.012,0.457,35.0
38.71,-0.997,0.247,26.0
38.753,-0.984,0.037,12.0
38.793,-0.97,-0.177,14.0
0.0,0.0,0.0,0.0
38.294,-0.93,-0.591,22.0
40.411,-0.971,0.493,37.0
40.412,-0.955,0.273,40.0
40.413,-0.941,0.053,46.0
40.405,-0.926,-0.17,52.0
40.422,-0.912,-0.391,27.0
38.383,-0.852,-0.58,18.0
38.402,-0.842,0.481,22.0
38.376,-0.827,0.271,54.0
38.373,-0.813,0.062,36.0
38.372,-0.799,-0.15,12.0
45.496,-0.932,-0.426,19.0
38.434,-0.773,-0.569,12.0
52.992,-1.05,0.679,29.0
52.961,-1.03,0.39,45.0
53.002,-1.012,0.101,23.0
52.973,-0.992,-0.192,32.0
52.925,-0.971,-0.481,30.0
44.892,-0.808,-0.653,6.0
193.085,-3.42,2.526,6.0
20.149,-0.349,0.153,3.0
20.146,-0.342,0.043,49.0
20.117,-0.334,-0.068,8.0
52.945,-0.86,-0.469,21.0
44.828,-0.711,-0.642,13.0
20.144,-0.314,0.268,9.0
20.119,-0.306,0.157,14.0
20.132,-0.298,0.047,17.0
56.82,-0.822,-0.181,2.0
53.081,-0.749,-0.46,4.0
44.879,-0.617,-0.634,15.0
20.138,-0.27,0.271,12.0
20.147,-0.263,0.161,10.0
59.56,-0.756,0.151,17.0
56.304,-0.694,-0.17,1.0
53.413,-0.639,-0.454,2.0
44.846,-0.52,-0.627,20.0
20.161,-0.227,0.274,13.0
64.342,-0.703,0.524,30.0
56.178,-0.594,0.15,4.0
56.228,-0.574,-0.163,15.0
56.592,-0.557,-0.474,1.0
44.893,-0.426,-0.622,9.0
64.354,-0.588,0.884,44.0
66.521,-0.584,0.549,32.0
58.34,-0.491,0.161,11.0
20.175,-0.162,-0.056,9.0
20.153,-0.155,-0.167,18.0
20.152,-0.147,-0.277,31.0
20.158,-0.141,0.278,16.0
20.142,-0.133,0.167,19.0
20.143,-0.126,0.057,30.0
20.149,-0.118,-0.055,28.0
20.146,-0.111,-0.166,30.0
20.138,-0.104,-0.276,38.0
20.129,-0.097,0.278,29.0
20.121,-0.089,0.168,28.0
20.129,-0.082,0.057,39.0
20.13,-0.075,-0.055,30.0
20.156,-0.068,-0.166,37.0
20.153,-0.061,-0.277,28.0
20.123,-0.054,0.278,31.0
20.116,-0.046,0.167,37.0
20.131,-0.039,0.057,40.0
20.134,-0.031,-0.055,28.0
20.177,-0.025,-0.166,22.0
20.193,-0.017,-0.278,5.0
20.125,-0.01,0.277,28.0
20.123,-0.003,0.166,28.0
20.186,0.003,0.056,39.0
20.254,0.01,-0.057,151.0
20.258,0.018,-0.168,151.0
20.269,0.025,-0.28,150.0
20.146,0.032,0.276,31.0
20.15,0.04,0.165,28.0
20.187,0.047,0.054,20.0
20.214,0.054,-0.059,33.0
20.213,0.061,-0.17,27.0
20.254,0.068,-0.282,1.0
20.145,0.075,0.274,28.0
20.163,0.082,0.163,28.0
20.19,0.09,0.051,36.0
20.187,0.097,-0.061,35.0
20.18,0.104,-0.173,30.0
20.187,0.111,-0.284,27.0
20.169,0.119,0.271,29.0
20.174,0.126,0.159,25.0
20.204,0.133,0.048,24.0
20.196,0.14,-0.065,23.0
20.184,0.147,-0.176,21.0
20.176,0.155,-0.288,35.0
20.275,0.163,0.269,27.0
20.289,0.17,0.156,28.0
20.329,0.178,0.044,32.0
20.258,0.184,-0.069,3.0
20.178,0.191,-0.181,9.0
20.181,0.198,-0.293,28.0
20.286,0.207,0.264,28.0
20.315,0.214,0.152,22.0
20.312,0.221,0.039,3.0
0.0,0.0,0.0,0.0
20.233,0.234,-0.186,1.0
20.193,0.24,-0.298,14.0
20.292,0.25,0.259,11.0
99.824,1.264,0.721,1.0
99.586,1.296,0.167,5.0
0.0,0.0,0.0,0.0
0.0,0.0,0.0,0.0
0.0,0.0,0.0,0.0
0.0,0.0,0.0,0.0
99.85,1.478,0.69,1.0
99.715,1.51,0.135,5.0
0.0,0.0,0.0,0.0
60.08,0.951,-0.591,0.0
0.0,0.0,0.0,0.0
0.0,0.0,0.0,0.0
99.828,1.687,0.656,2.0
99.883,1.722,0.101,14.0
99.935,1.757,-0.464,1.0
0.0,0.0,0.0,0.0
0.0,0.0,0.0,0.0
103.18,1.927,1.212,26.0
99.945,1.899,0.618,3.0
99.925,1.933,0.062,6.0
0.0,0.0,0.0,0.0
0.0,0.0,0.0,0.0
0.0,0.0,0.0,0.0
103.108,2.141,1.169,2.0
100.124,2.113,0.577,2.0
100.09,2.144,0.02,14.0
0.0,0.0,0.0,0.0
0.0,0.0,0.0,0.0
0.0,0.0,0.0,0.0
0.0,0.0,0.0,0.0
100.209,2.324,0.532,2.0
100.187,2.357,-0.026,9.0
0.0,0.0,0.0,0.0
0.0,0.0,0.0,0.0
0.0,0.0,0.0,0.0
0.0,0.0,0.0,0.0
100.495,2.538,0.485,1.0
0.0,0.0,0.0,0.0
0.0,0.0,0.0,0.0
0.0,0.0,0.0,0.0
0.0,0.0,0.0,0.0
195.608,5.28,1.934,5.0
0.0,0.0,0.0,0.0
0.0,0.0,0.0,0.0
68.993,1.928,-0.481,4.0
0.0,0.0,0.0,0.0
0.0,0.0,0.0,0.0
0.0,0.0,0.0,0.0
196.134,5.749,0.736,27.0
0.0,0.0,0.0,0.0
68.969,2.065,-0.519,7.0
0.0,0.0,0.0,0.0
0.0,0.0,0.0,0.0
196.112,6.08,1.717,8.0
196.344,6.15,0.62,18.0
0.0,0.0,0.0,0.0
68.895,2.201,-0.56,0.0
0.0,0.0,0.0,0.0
0.0,0.0,0.0,0.0
196.215,6.474,1.597,19.0
0.0,0.0,0.0,0.0
0.0,0.0,0.0,0.0
0.0,0.0,0.0,0.0
0.0,0.0,0.0,0.0
0.0,0.0,0.0,0.0
196.311,6.867,1.47,34.0
0.0,0.0,0.0,0.0
0.0,0.0,0.0,0.0
0.0,0.0,0.0,0.0
0.0,0.0,0.0,0.0
0.0,0.0,0.0,0.0
196.356,7.252,1.336,18.0
0.0,0.0,0.0,0.0
0.0,0.0,0.0,0.0
0.0,0.0,0.0,0.0
0.0,0.0,0.0,0.0
37.166,1.428,-0.794,0.0
196.587,7.643,1.196,34.0
0.0,0.0,0.0,0.0
0.0,0.0,0.0,0.0
0.0,0.0,0.0,0.0
0.0,0.0,0.0,0.0
36.912,1.49,-0.816,0.0
196.655,8.028,1.048,33.0
0.0,0.0,0.0,0.0
0.0,0.0,0.0,0.0
0.0,0.0,0.0,0.0
43.115,1.81,-0.744,0.0
35.951,1.52,-0.823,0.0
196.814,8.409,0.894,23.0
0.0,0.0,0.0,0.0
69.026,2.988,-0.462,5.0
0.0,0.0,0.0,0.0
0.0,0.0,0.0,0.0
34.309,1.515,-0.813,0.0
196.947,8.787,0.733,23.0
0.0,0.0,0.0,0.0
68.879,3.112,-0.519,1.0
0.0,0.0,0.0,0.0
42.438,1.941,-0.802,0.0
33.809,1.556,-0.83,0.0
196.802,9.146,0.566,5.0
0.0,0.0,0.0,0.0
0.0,0.0,0.0,0.0
46.45,2.197,-0.657,0.0
0.0,0.0,0.0,0.0
32.538,1.558,-0.827,0.0
0.0,0.0,0.0,0.0
0.0,0.0,0.0,0.0
0.0,0.0,0.0,0.0
0.0,0.0,0.0,0.0
0.0,0.0,0.0,0.0
31.994,1.59,-0.842,0.0
0.0,0.0,0.0,0.0
0.0,0.0,0.0,0.0
0.0,0.0,0.0,0.0
0.0,0.0,0.0,0.0
37.863,1.938,-0.818,0.0
31.424,1.617,-0.856,0.0
0.0,0.0,0.0,0.0
0.0,0.0,0.0,0.0
0.0,0.0,0.0,0.0
0.0,0.0,0.0,0.0
35.889,1.901,-0.81,0.0
30.405,1.619,-0.858,0.0
0.0,0.0,0.0,0.0
0.0,0.0,0.0,0.0
0.0,0.0,0.0,0.0
0.0,0.0,0.0,0.0
34.002,1.86,-0.8,0.0
29.294,1.61,-0.856,1.0
0.0,0.0,0.0,0.0
69.181,3.85,-0.516,0.0
0.0,0.0,0.0,0.0
0.0,0.0,0.0,0.0
33.254,1.876,-0.816,1.0
28.505,1.615,-0.861,0.0
0.0,0.0,0.0,0.0
68.781,3.945,-0.584,0.0
0.0,0.0,0.0,0.0
38.67,2.237,-0.77,0.0
32.251,1.874,-0.826,0.0
27.874,1.627,-0.872,0.0
0.0,0.0,0.0,0.0
0.0,0.0,0.0,0.0
0.0,0.0,0.0,0.0
37.409,2.226,-0.785,0.0
31.692,1.894,-0.845,1.0
27.076,1.625,-0.876,0.0
0.0,0.0,0.0,0.0
0.0,0.0,0.0,0.0
0.0,0.0,0.0,0.0
35.565,2.175,-0.785,0.0
30.628,1.88,-0.85,0.0
26.082,1.608,-0.872,0.0
68.872,4.273,-0.417,0.0
0.0,0.0,0.0,0.0
0.0,0.0,0.0,0.0
35.061,2.199,-0.813,0.0
29.52,1.859,-0.852,0.0
25.443,1.608,-0.879,0.0
68.846,4.379,-0.494,2.0
0.0,0.0,0.0,0.0
0.0,0.0,0.0,0.0
33.154,2.132,-0.806,1.0
28.795,1.858,-0.864,0.0
24.736,1.602,-0.883,0.0
69.003,4.495,-0.574,1.0
0.0,0.0,0.0,0.0
38.334,2.515,-0.755,0.0
32.333,2.128,-0.824,1.0
27.948,1.846,-0.871,0.0
23.819,1.579,-0.878,0.0
0.0,0.0,0.0,0.0
0.0,0.0,0.0,0.0
37.322,2.504,-0.779,0.0
31.231,2.102,-0.832,0.0
26.99,1.823,-0.873,0.0
23.481,1.591,-0.893,0.0
0.0,0.0,0.0,0.0
0.0,0.0,0.0,0.0
35.175,2.411,-0.776,0.0
30.054,2.067,-0.837,1.0
26.177,1.806,-0.878,0.0
21.864,1.513,-0.858,0.0
0.0,0.0,0.0,0.0
0.0,0.0,0.0,0.0
33.49,2.343,-0.779,0.0
29.423,2.065,-0.855,0.0
25.184,1.773,-0.876,0.0
21.818,1.541,-0.883,1.0
0.0,0.0,0.0,0.0
0.0,0.0,0.0,0.0
32.89,2.347,-0.806,1.0
28.238,2.021,-0.856,0.0
24.593,1.765,-0.886,0.0
21.754,1.566,-0.908,1.0
0.0,0.0,0.0,0.0
0.0,0.0,0.0,0.0
32.131,2.336,-0.827,0.0
27.361,1.995,-0.863,0.0
23.574,1.723,-0.878,0.0
21.296,1.561,-0.915,0.0
0.0,0.0,0.0,0.0
36.683,2.708,-0.782,0.0
30.13,2.23,-0.814,0.0
26.48,1.965,-0.869,0.0
23.318,1.735,-0.899,0.0
20.456,1.526,-0.905,0.0
0.0,0.0,0.0,0.0
0.0,0.0,0.0,0.0
29.931,2.254,-0.847,0.0
25.608,1.933,-0.874,0.0
21.829,1.652,-0.87,0.0
19.747,1.498,-0.899,0.0
0.0,0.0,0.0,0.0
32.977,2.518,-0.788,0.0
28.725,2.199,-0.851,0.0
24.57,1.885,-0.87,0.0
21.779,1.675,-0.896,1.0
19.445,1.499,-0.911,0.0
0.0,0.0,0.0,0.0
32.627,2.53,-0.822,1.0
27.689,2.152,-0.856,0.0
23.921,1.864,-0.879,0.0
21.562,1.684,-0.916,0.0
18.613,1.457,-0.897,0.0
37.219,2.923,-0.775,0.0
31.369,2.469,-0.832,0.0
26.892,2.121,-0.867,0.0
21.889,1.731,-0.834,1.0
20.689,1.64,-0.906,0.0
18.545,1.473,-0.919,0.0
34.935,2.784,-0.774,0.0
29.792,2.379,-0.83,0.0
25.943,2.075,-0.871,0.0
21.886,1.755,-0.863,4.0
19.835,1.594,-0.895,0.0
0.0,0.0,0.0,0.0
33.066,2.67,-0.777,0.0
28.941,2.342,-0.846,0.0
24.658,1.999,-0.862,0.0
21.802,1.771,-0.889,8.0
19.491,1.587,-0.906,0.0
17.398,1.42,-0.909,0.0
32.575,2.665,-0.81,1.0
27.748,2.274,-0.849,0.0
24.223,1.989,-0.879,1.0
21.741,1.789,-0.916,1.0
19.302,1.591,-0.924,0.0
17.208,1.422,-0.923,0.0
31.249,2.588,-0.82,0.0
26.94,2.235,-0.861,0.0
21.968,1.826,-0.828,0.0
20.643,1.719,-0.898,0.0
0.0,0.0,0.0,0.0
16.807,1.405,-0.924,0.0
30.226,2.532,-0.835,0.0
25.947,2.177,-0.865,0.0
21.895,1.841,-0.855,6.0
19.909,1.677,-0.894,0.0
18.083,1.526,-0.916,0.0
16.416,1.388,-0.926,0.0
29.008,2.457,-0.841,0.0
24.821,2.106,-0.862,0.0
21.826,1.855,-0.883,8.0
19.506,1.661,-0.903,0.0
17.533,1.495,-0.913,0.0
16.041,1.371,-0.927,0.0
27.757,2.376,-0.844,0.0
24.207,2.075,-0.875,1.0
21.772,1.869,-0.912,2.0
19.275,1.658,-0.92,0.0
17.118,1.475,-0.915,0.0
15.683,1.353,-0.929,0.0
26.764,2.313,-0.851,0.0
21.966,1.901,-0.825,0.0
20.649,1.79,-0.894,0.0
0.0,0.0,0.0,0.0
16.804,1.461,-0.922,0.0
15.338,1.336,-0.93,0.0
25.94,2.263,-0.862,0.0
21.894,1.912,-0.853,5.0
19.965,1.746,-0.892,0.0
18.096,1.585,-0.915,0.0
16.409,1.44,-0.924,0.0
14.997,1.318,-0.931,0.0
24.762,2.179,-0.858,0.0
21.826,1.923,-0.881,8.0
19.483,1.719,-0.898,0.0
17.491,1.545,-0.909,0.0
16.061,1.421,-0.927,0.0
14.717,1.304,-0.934,0.0
24.18,2.145,-0.872,1.0
21.76,1.932,-0.909,2.0
19.233,1.71,-0.914,0.0
17.218,1.533,-0.919,0.0
15.702,1.4,-0.928,0.0
14.438,1.289,-0.937,0.0
21.954,1.962,-0.822,0.0
20.78,1.859,-0.898,0.0
18.842,1.688,-0.922,0.0
16.803,1.507,-0.921,0.0
15.312,1.375,-0.927,0.0
14.221,1.279,-0.943,0.0
21.872,1.968,-0.851,2.0
19.76,1.78,-0.882,0.0
18.125,1.635,-0.913,0.0
16.4,1.481,-0.922,0.0
14.992,1.355,-0.93,0.0
0.0,0.0,0.0,0.0
21.821,1.976,-0.88,1.0
19.493,1.767,-0.898,0.0
17.478,1.586,-0.906,0.0
15.928,1.447,-0.919,0.0
14.694,1.337,-0.932,0.0
13.519,1.231,-0.936,0.0
21.638,1.971,-0.903,0.0
19.187,1.75,-0.911,0.0
17.254,1.575,-0.919,0.0
15.705,1.435,-0.928,0.0
14.422,1.319,-0.936,0.0
13.341,1.222,-0.942,0.0
20.723,1.898,-0.894,0.0
18.665,1.711,-0.913,0.0
16.846,1.546,-0.921,0.0
15.294,1.405,-0.925,0.0
14.22,1.307,-0.942,0.0
13.059,1.202,-0.941,0.0
19.969,1.838,-0.89,0.0
18.044,1.662,-0.908,0.0
16.389,1.511,-0.919,0.0
14.961,1.381,-0.926,0.0
13.903,1.284,-0.941,0.0
12.833,1.187,-0.943,0.0
19.473,1.8,-0.895,0.0
17.585,1.627,-0.909,0.0
16.069,1.488,-0.923,0.0
14.741,1.366,-0.933,0.0
13.595,1.261,-0.939,0.0
12.594,1.169,-0.943,0.0
19.275,1.789,-0.913,0.0
17.196,1.597,-0.914,0.0
15.696,1.459,-0.924,0.0
14.452,1.344,-0.936,0.0
13.349,1.243,-0.941,0.0
12.363,1.152,-0.943,0.0
18.636,1.735,-0.909,0.0
16.894,1.574,-0.921,0.0
15.321,1.428,-0.923,0.0
14.137,1.319,-0.935,0.0
13.097,1.223,-0.942,0.0
12.071,1.128,-0.938,0.0
18.018,1.682,-0.904,0.0
16.431,1.535,-0.919,0.0
15.032,1.405,-0.927,0.0
13.991,1.309,-0.945,0.0
12.851,1.203,-0.942,0.0
11.887,1.114,-0.94,0.0
17.625,1.65,-0.908,0.0
16.11,1.509,-0.923,0.0
14.772,1.384,-0.931,0.0
13.61,1.276,-0.938,0.0
12.585,1.181,-0.94,0.0
11.708,1.099,-0.942,0.0
17.228,1.615,-0.911,0.0
15.73,1.476,-0.923,0.0
14.5,1.361,-0.934,0.0
13.346,1.254,-0.938,0.0
12.394,1.165,-0.943,0.0
11.526,1.084,-0.943,0.0
16.888,1.586,-0.916,0.0
15.36,1.443,-0.922,0.0
14.241,1.339,-0.937,0.0
13.11,1.233,-0.939,0.0
12.125,1.141,-0.939,0.0
11.315,1.065,-0.941,0.0
16.469,1.548,-0.916,0.0
15.04,1.414,-0.923,0.0
14.031,1.32,-0.942,0.0
12.88,1.212,-0.94,0.0
11.894,1.12,-0.937,0.0
11.231,1.058,-0.95,0.0
16.159,1.52,-0.92,0.0
14.838,1.396,-0.93,0.0
13.633,1.283,-0.933,0.0
12.616,1.188,-0.938,0.0
11.777,1.109,-0.944,0.0
11.013,1.038,-0.946,0.0
15.818,1.488,-0.922,0.0
14.565,1.37,-0.933,0.0
13.413,1.262,-0.936,0.0
12.438,1.171,-0.941,0.0
11.555,1.088,-0.941,0.0
10.854,1.023,-0.947,0.0
15.491,1.457,-0.923,0.0
14.357,1.35,-0.938,0.0
13.158,1.238,-0.936,0.0
12.184,1.147,-0.938,0.0
11.341,1.068,-0.939,0.0
10.717,1.009,-0.949,0.0
15.154,1.424,-0.923,0.0
14.08,1.323,-0.938,0.0
12.92,1.214,-0.935,0.0
11.931,1.122,-0.934,0.0
11.229,1.056,-0.944,0.0
10.547,0.992,-0.947,0.0
14.876,1.396,-0.925,0.0
13.664,1.282,-0.928,0.0
12.756,1.197,-0.94,0.0
11.819,1.109,-0.94,0.0
11.078,1.04,-0.945,0.0
10.354,0.972,-0.943,0.0
14.675,1.374,-0.931,0.0
13.521,1.266,-0.935,0.0
12.516,1.172,-0.938,0.0
11.628,1.089,-0.939,0.0
10.917,1.023,-0.945,0.0
10.237,0.959,-0.946,0.0
14.432,1.349,-0.933,0.0
13.274,1.24,-0.935,0.0
12.324,1.152,-0.939,0.0
11.471,1.072,-0.941,0.0
10.806,1.01,-0.949,0.0
10.143,0.948,-0.949,0.0
14.235,1.327,-0.938,0.0
13.1,1.221,-0.938,0.0
12.068,1.125,-0.934,0.0
11.302,1.053,-0.941,0.0
10.67,0.994,-0.95,0.0
9.992,0.931,-0.947,0.0
13.924,1.294,-0.934,0.0
12.848,1.194,-0.935,0.0
11.901,1.106,-0.935,0.0
11.193,1.04,-0.945,0.0
10.563,0.981,-0.953,0.0
9.855,0.915,-0.946,0.0
13.562,1.256,-0.925,0.0
12.662,1.172,-0.937,0.0
11.808,1.093,-0.941,0.0
11.033,1.021,-0.944,0.0
10.349,0.958,-0.946,0.0
9.726,0.9,-0.945,0.0
13.543,1.249,-0.939,0.0
12.494,1.152,-0.938,0.0
11.611,1.07,-0.939,0.0
10.886,1.003,-0.944,0.0
10.18,0.938,-0.942,0.0
9.603,0.885,-0.944,0.0
13.283,1.22,-0.936,0.0
12.308,1.13,-0.938,0.0
11.425,1.048,-0.937,0.0
10.676,0.98,-0.938,0.0
10.136,0.93,-0.949,0.0
9.508,0.872,-0.945,0.0
13.088,1.196,-0.937,0.0
12.074,1.103,-0.934,0.0
11.31,1.033,-0.94,0.0
10.693,0.976,-0.951,0.0
9.981,0.911,-0.945,0.0
9.397,0.857,-0.944,0.0
12.874,1.17,-0.935,0.0
11.953,1.086,-0.937,0.0
11.238,1.021,-0.946,0.0
0.0,0.0,0.0,0.0
9.815,0.891,-0.94,0.0
9.289,0.843,-0.943,0.0
12.685,1.146,-0.935,0.0
11.786,1.065,-0.936,0.0
11.101,1.002,-0.946,0.0
0.0,0.0,0.0,0.0
9.752,0.88,-0.944,0.0
9.212,0.831,-0.945,0.0
12.547,1.127,-0.938,0.0
11.661,1.047,-0.938,0.0
10.943,0.982,-0.943,0.0
0.0,0.0,0.0,0.0
9.65,0.865,-0.944,0.0
9.095,0.815,-0.942,0.0
12.362,1.103,-0.936,0.0
11.53,1.028,-0.939,0.0
10.823,0.964,-0.944,0.0
10.102,0.9,-0.94,0.0
9.57,0.852,-0.946,0.0
8.999,0.801,-0.941,0.0
12.224,1.083,-0.937,0.0
11.389,1.008,-0.939,0.0
10.751,0.951,-0.948,0.0
10.002,0.884,-0.94,0.0
9.449,0.835,-0.943,0.0
8.919,0.788,-0.941,0.0
12.083,1.062,-0.938,0.0
11.314,0.994,-0.943,0.0
10.669,0.937,-0.95,0.0
9.948,0.873,-0.945,0.0
9.371,0.822,-0.944,0.0
8.826,0.773,-0.94,0.0
11.915,1.039,-0.936,0.0
11.145,0.971,-0.939,0.0
10.507,0.915,-0.946,0.0
9.853,0.857,-0.944,0.0
9.306,0.809,-0.945,0.0
8.729,0.759,-0.937,0.0
11.796,1.02,-0.937,0.0
11.121,0.961,-0.947,0.0
10.353,0.894,-0.941,0.0
9.721,0.839,-0.94,0.0
9.207,0.794,-0.943,0.0
8.693,0.749,-0.941,0.0
11.668,1.0,-0.936,0.0
10.902,0.934,-0.937,0.0
10.267,0.878,-0.941,0.0
9.652,0.825,-0.941,0.0
9.124,0.779,-0.942,0.0
8.656,0.739,-0.944,0.0
11.571,0.982,-0.938,0.0
10.876,0.923,-0.944,0.0
10.184,0.863,-0.942,0.0
9.559,0.809,-0.94,0.0
9.062,0.766,-0.943,0.0
8.591,0.726,-0.944,0.0
11.459,0.963,-0.938,0.0
10.763,0.904,-0.942,0.0
10.118,0.849,-0.943,0.0
9.511,0.797,-0.943,0.0
8.995,0.753,-0.943,0.0
8.518,0.712,-0.942,0.0
11.372,0.946,-0.939,0.0
10.68,0.888,-0.943,0.0
10.031,0.833,-0.943,0.0
9.438,0.783,-0.942,0.0
8.909,0.738,-0.94,0.0
8.464,0.7,-0.942,0.0
11.297,0.93,-0.94,0.0
10.539,0.866,-0.938,0.0
9.919,0.814,-0.939,0.0
9.366,0.768,-0.941,0.0
8.824,0.723,-0.937,0.0
8.436,0.69,-0.945,0.0
11.223,0.914,-0.942,0.0
10.471,0.851,-0.938,0.0
9.896,0.803,-0.943,0.0
9.311,0.755,-0.942,0.0
8.799,0.713,-0.94,0.0
8.388,0.678,-0.945,0.0
11.19,0.9,-0.946,0.0
10.421,0.837,-0.94,0.0
9.753,0.782,-0.936,0.0
9.241,0.74,-0.94,0.0
8.778,0.702,-0.943,0.0
8.312,0.664,-0.941,0.0
11.02,0.876,-0.938,0.0
10.352,0.821,-0.94,0.0
9.756,0.773,-0.942,0.0
9.194,0.727,-0.941,0.0
8.739,0.691,-0.944,0.0
8.282,0.654,-0.943,0.0
10.991,0.862,-0.942,0.0
10.317,0.808,-0.943,0.0
9.689,0.758,-0.94,0.0
9.17,0.716,-0.943,0.0
8.687,0.678,-0.943,0.0
8.261,0.643,-0.944,0.0
10.954,0.848,-0.944,0.0
10.25,0.792,-0.942,0.0
9.634,0.743,-0.94,0.0
9.132,0.704,-0.944,0.0
8.654,0.666,-0.944,0.0
8.221,0.632,-0.944,0.0
10.825,0.827,-0.938,0.0
10.195,0.777,-0.941,0.0
9.601,0.731,-0.941,0.0
9.065,0.689,-0.941,0.0
8.612,0.653,-0.943,0.0
8.175,0.619,-0.942,0.0
10.834,0.816,-0.944,0.0
10.145,0.762,-0.941,0.0
9.548,0.716,-0.94,0.0
9.027,0.676,-0.941,0.0
8.583,0.641,-0.944,0.0
8.154,0.608,-0.943,0.0
10.789,0.8,-0.944,0.0
10.07,0.745,-0.938,0.0
9.549,0.705,-0.944,0.0
8.978,0.662,-0.939,0.0
8.539,0.629,-0.942,0.0
8.136,0.598,-0.944,0.0
10.72,0.783,-0.942,0.0
10.09,0.735,-0.943,0.0
9.488,0.69,-0.941,0.0
8.966,0.651,-0.941,0.0
8.534,0.618,-0.944,0.0
8.09,0.585,-0.941,0.0
10.624,0.764,-0.937,0.0
10.064,0.722,-0.944,0.0
9.483,0.679,-0.943,0.0
8.958,0.64,-0.943,0.0
8.505,0.606,-0.944,0.0
8.095,0.576,-0.944,0.0
10.632,0.752,-0.94,0.0
10.045,0.709,-0.945,0.0
9.448,0.665,-0.942,0.0
8.923,0.627,-0.941,0.0
8.466,0.594,-0.941,0.0
8.07,0.565,-0.943,0.0
10.518,0.731,-0.932,0.0
10.017,0.695,-0.945,0.0
9.446,0.654,-0.944,0.0
8.919,0.616,-0.943,0.0
8.484,0.585,-0.945,0.0
8.072,0.555,-0.945,0.0
10.542,0.72,-0.937,0.0
9.993,0.681,-0.944,0.0
9.406,0.64,-0.942,0.0
8.922,0.605,-0.945,0.0
8.448,0.572,-0.942,0.0
8.047,0.544,-0.943,0.0
10.57,0.709,-0.941,0.0
9.977,0.668,-0.944,0.0
9.395,0.628,-0.942,0.0
8.855,0.59,-0.939,0.0
8.456,0.562,-0.944,0.0
8.054,0.534,-0.945,0.0
10.583,0.697,-0.943,0.0
9.976,0.656,-0.945,0.0
9.387,0.615,-0.942,0.0
8.869,0.58,-0.941,0.0
8.455,0.551,-0.945,0.0
8.055,0.524,-0.946,0.0
10.537,0.681,-0.939,0.0
9.989,0.644,-0.946,0.0
9.377,0.603,-0.941,0.0
8.89,0.57,-0.943,0.0
8.437,0.539,-0.943,0.0
8.05,0.513,-0.945,0.0
10.553,0.669,-0.941,0.0
9.971,0.63,-0.945,0.0
9.395,0.592,-0.943,0.0
8.885,0.558,-0.943,0.0
8.463,0.53,-0.946,0.0
8.054,0.503,-0.946,0.0
10.58,0.657,-0.943,0.0
9.973,0.617,-0.944,0.0
9.414,0.581,-0.944,0.0
8.878,0.546,-0.942,0.0
8.442,0.518,-0.943,0.0
8.076,0.494,-0.948,0.0
10.59,0.644,-0.943,0.0
9.972,0.604,-0.944,0.0
9.422,0.569,-0.944,0.0
8.912,0.537,-0.944,0.0
8.48,0.51,-0.946,0.0
8.082,0.484,-0.947,0.0
10.582,0.63,-0.941,0.0
10.013,0.594,-0.946,0.0
9.405,0.556,-0.941,0.0
8.924,0.526,-0.944,0.0
8.463,0.498,-0.943,0.0
8.07,0.473,-0.945,0.0
10.605,0.617,-0.941,0.0
10.03,0.582,-0.946,0.0
9.447,0.546,-0.944,0.0
8.924,0.515,-0.943,0.0
8.493,0.488,-0.945,0.0
8.087,0.463,-0.945,0.0
10.611,0.604,-0.939,0.0
10.033,0.569,-0.944,0.0
9.476,0.536,-0.945,0.0
8.948,0.504,-0.943,0.0
8.489,0.477,-0.942,0.0
8.072,0.452,-0.941,0.0
10.684,0.594,-0.943,0.0
10.095,0.559,-0.947,0.0
9.516,0.525,-0.946,0.0
8.95,0.492,-0.941,0.0
8.535,0.468,-0.945,0.0
8.115,0.443,-0.944,0.0
10.672,0.579,-0.939,0.0
10.129,0.547,-0.948,0.0
9.536,0.514,-0.945,0.0
9.014,0.484,-0.945,0.0
8.525,0.456,-0.941,0.0
8.13,0.433,-0.943,0.0
10.738,0.568,-0.941,0.0
10.148,0.535,-0.946,0.0
9.575,0.503,-0.945,0.0
9.04,0.473,-0.944,0.0
8.573,0.447,-0.943,0.0
8.18,0.425,-0.946,0.0
10.819,0.558,-0.944,0.0
10.213,0.525,-0.948,0.0
9.603,0.492,-0.944,0.0
9.084,0.463,-0.945,0.0
8.603,0.437,-0.943,0.0
8.226,0.416,-0.947,0.0
10.921,0.549,-0.948,0.0
10.256,0.513,-0.947,0.0
9.657,0.482,-0.945,0.0
9.127,0.453,-0.945,0.0
8.659,0.428,-0.945,0.0
8.243,0.406,-0.945,0.0
10.921,0.534,-0.943,0.0
10.303,0.502,-0.947,0.0
9.705,0.471,-0.945,0.0
9.168,0.443,-0.945,0.0
8.706,0.419,-0.946,0.0
8.274,0.396,-0.945,0.0
11.06,0.526,-0.949,0.0
10.358,0.491,-0.946,0.0
9.773,0.461,-0.947,0.0
9.228,0.433,-0.946,0.0
8.724,0.408,-0.943,0.0
8.338,0.388,-0.947,0.0
11.088,0.513,-0.945,0.0
10.406,0.479,-0.945,0.0
9.833,0.451,-0.947,0.0
9.293,0.424,-0.947,0.0
8.757,0.398,-0.941,0.0
8.356,0.378,-0.944,0.0
11.134,0.5,-0.943,0.0
10.442,0.467,-0.941,0.0
9.879,0.439,-0.945,0.0
9.345,0.414,-0.947,0.0
8.842,0.39,-0.944,0.0
8.407,0.369,-0.945,0.0
11.247,0.49,-0.945,0.0
10.59,0.459,-0.948,0.0
9.942,0.429,-0.944,0.0
9.395,0.403,-0.945,0.0
8.909,0.381,-0.945,0.0
8.468,0.36,-0.945,0.0
11.323,0.478,-0.943,0.0
10.684,0.449,-0.949,0.0
10.024,0.419,-0.945,0.0
9.446,0.393,-0.943,0.0
8.957,0.371,-0.944,0.0
8.507,0.35,-0.943,0.0
11.459,0.469,-0.946,0.0
10.704,0.435,-0.942,0.0
10.122,0.409,-0.947,0.0
9.57,0.385,-0.948,0.0
9.065,0.363,-0.948,0.0
8.589,0.342,-0.946,0.0
11.553,0.457,-0.945,0.0
10.856,0.427,-0.947,0.0
10.194,0.399,-0.945,0.0
9.644,0.375,-0.948,0.0
9.106,0.352,-0.945,0.0
8.643,0.333,-0.945,0.0
11.64,0.445,-0.942,0.0
11.025,0.419,-0.953,0.0
10.286,0.389,-0.945,0.0
9.724,0.366,-0.947,0.0
9.153,0.342,-0.942,0.0
8.704,0.323,-0.944,0.0
11.752,0.434,-0.941,0.0
11.098,0.407,-0.949,0.0
10.401,0.379,-0.946,0.0
9.811,0.356,-0.947,0.0
9.284,0.335,-0.947,0.0
8.757,0.314,-0.941,0.0
11.934,0.425,-0.945,0.0
11.21,0.397,-0.948,0.0
10.439,0.367,-0.94,0.0
9.9,0.346,-0.946,0.0
9.387,0.326,-0.949,0.0
8.867,0.306,-0.945,0.0
12.087,0.415,-0.945,0.0
11.286,0.385,-0.944,0.0
10.597,0.359,-0.944,0.0
9.985,0.336,-0.945,0.0
9.482,0.317,-0.949,0.0
8.975,0.298,-0.947,0.0
12.249,0.405,-0.946,0.0
11.444,0.376,-0.946,0.0
10.665,0.348,-0.939,0.0
10.144,0.329,-0.949,0.0
9.59,0.309,-0.95,0.0
9.068,0.29,-0.948,0.0
12.365,0.393,-0.942,0.0
11.566,0.365,-0.943,0.0
10.97,0.344,-0.954,0.0
10.248,0.319,-0.948,0.0
9.679,0.299,-0.948,0.0
9.148,0.281,-0.946,0.0
12.62,0.385,-0.948,0.0
11.778,0.357,-0.948,0.0
11.026,0.332,-0.947,0.0
10.373,0.31,-0.948,0.0
9.81,0.291,-0.95,0.0
9.278,0.273,-0.949,0.0
12.801,0.374,-0.947,0.0
11.929,0.346,-0.947,0.0
11.203,0.323,-0.949,0.0
10.499,0.3,-0.948,0.0
9.914,0.281,-0.949,0.0
9.388,0.265,-0.949,0.0
13.028,0.365,-0.948,0.0
12.119,0.337,-0.948,0.0
11.319,0.312,-0.946,0.0
10.6,0.29,-0.944,0.0
10.062,0.274,-0.951,0.0
9.496,0.256,-0.949,0.0
13.211,0.354,-0.946,0.0
12.302,0.327,-0.947,0.0
11.434,0.302,-0.942,0.0
10.689,0.28,-0.939,0.0
10.208,0.265,-0.952,0.0
9.604,0.247,-0.947,0.0
13.436,0.344,-0.945,0.0
12.501,0.317,-0.947,0.0
11.641,0.293,-0.944,0.0
10.918,0.272,-0.945,0.0
10.344,0.256,-0.951,0.0
9.779,0.24,-0.952,0.0
13.648,0.333,-0.943,0.0
12.742,0.308,-0.949,0.0
11.859,0.284,-0.946,0.0
11.175,0.266,-0.953,0.0
10.473,0.247,-0.949,0.0
9.893,0.231,-0.95,0.0
13.89,0.323,-0.941,0.0
12.968,0.299,-0.948,0.0
12.088,0.276,-0.949,0.0
11.298,0.256,-0.948,0.0
10.698,0.24,-0.955,0.0
10.022,0.223,-0.949,0.0
14.307,0.316,-0.95,0.0
13.202,0.289,-0.947,0.0
12.287,0.266,-0.947,0.0
11.493,0.247,-0.949,0.0
10.769,0.229,-0.947,0.0
10.192,0.215,-0.95,0.0
14.566,0.305,-0.947,0.0
13.372,0.278,-0.941,0.0
12.54,0.258,-0.949,0.0
11.653,0.237,-0.945,0.0
11.021,0.222,-0.953,0.0
10.35,0.206,-0.95,0.0
14.833,0.294,-0.943,0.0
0.0,0.0,0.0,0.0
12.772,0.248,-0.948,0.0
11.857,0.228,-0.945,0.0
11.223,0.214,-0.954,0.0
10.535,0.199,-0.952,0.0
15.175,0.285,-0.943,0.0
14.077,0.261,-0.949,0.0
13.061,0.24,-0.95,0.0
12.129,0.221,-0.948,0.0
11.345,0.204,-0.947,0.0
10.685,0.19,-0.949,0.0
15.45,0.273,-0.937,0.0
14.416,0.252,-0.95,0.0
13.284,0.23,-0.946,0.0
12.403,0.212,-0.951,0.0
11.573,0.196,-0.949,0.0
10.908,0.183,-0.952,0.0
15.919,0.265,-0.941,0.0
14.672,0.241,-0.945,0.0
13.469,0.219,-0.939,0.0
12.693,0.204,-0.953,0.0
11.823,0.188,-0.95,0.0
11.182,0.176,-0.958,0.0
16.321,0.255,-0.939,0.0
15.034,0.232,-0.944,0.0
13.892,0.212,-0.946,0.0
12.986,0.196,-0.955,0.0
12.067,0.18,-0.951,0.0
11.317,0.167,-0.952,0.0
16.667,0.244,-0.932,0.0
15.413,0.223,-0.944,0.0
14.296,0.204,-0.951,0.0
13.252,0.187,-0.953,0.0
12.387,0.172,-0.956,0.0
11.538,0.159,-0.952,0.0
17.223,0.236,-0.935,0.0
15.85,0.214,-0.944,0.0
14.604,0.195,-0.947,0.0
13.503,0.177,-0.948,0.0
12.652,0.164,-0.955,0.0
11.817,0.151,-0.955,0.0
17.694,0.225,-0.931,2.0
16.235,0.204,-0.94,0.0
14.968,0.185,-0.946,0.0
20.148,0.246,-1.381,0.0
12.943,0.156,-0.956,0.0
12.074,0.143,-0.955,0.0
18.368,0.217,-0.936,4.0
16.662,0.194,-0.937,0.0
15.391,0.177,-0.946,0.0
20.143,0.228,-1.346,0.0
13.263,0.148,-0.956,0.0
12.342,0.136,-0.955,0.0
18.526,0.203,-0.912,34.0
18.365,0.198,-1.001,3.0
15.818,0.168,-0.945,0.0
14.632,0.153,-0.952,0.0
13.579,0.14,-0.955,0.0
12.667,0.128,-0.958,0.0
18.553,0.187,-0.881,58.0
18.187,0.18,-0.959,3.0
16.287,0.159,-0.944,0.0
14.965,0.144,-0.947,0.0
18.54,0.175,-1.271,1.0
12.935,0.12,-0.955,0.0
18.557,0.172,-0.848,57.0
18.486,0.168,-0.942,7.0
18.533,0.166,-1.041,0.0
15.373,0.135,-0.945,0.0
18.522,0.16,-1.237,0.0
13.286,0.113,-0.957,0.0
18.537,0.157,-0.814,153.0
18.535,0.154,-0.911,62.0
18.483,0.151,-1.005,6.0
15.887,0.127,-0.948,0.0
14.644,0.115,-0.951,0.0
18.607,0.143,-1.306,0.0
18.511,0.142,-0.779,159.0
18.534,0.14,-0.877,45.0
18.484,0.137,-0.971,1.0
16.363,0.119,-0.946,0.0
15.043,0.107,-0.949,0.0
18.507,0.129,-1.264,0.0
21.603,0.15,-0.869,23.0
18.537,0.126,-0.842,16.0
18.48,0.123,-0.936,13.0
16.807,0.11,-0.941,0.0
15.476,0.099,-0.947,0.0
14.416,0.09,-0.957,0.0
21.661,0.135,-0.831,150.0
21.565,0.132,-0.939,32.0
18.515,0.111,-0.903,13.0
18.239,0.107,-0.987,0.0
16.01,0.091,-0.95,0.0
14.741,0.082,-0.951,0.0
21.632,0.121,-0.789,156.0
21.621,0.118,-0.901,151.0
0.0,0.0,0.0,0.0
18.337,0.095,-0.957,0.0
16.485,0.083,-0.946,0.0
15.248,0.075,-0.955,0.0
21.677,0.107,-0.749,152.0
21.664,0.104,-0.861,57.0
20.253,0.095,-0.91,15.0
18.501,0.084,-0.929,4.0
16.936,0.075,-0.939,0.0
15.691,0.068,-0.952,0.0
21.657,0.094,-0.706,2.0
21.673,0.091,-0.819,10.0
21.619,0.088,-0.929,150.0
18.563,0.074,-0.896,0.0
17.581,0.068,-0.94,0.0
16.145,0.06,-0.948,0.0
28.326,0.106,-0.868,0.0
21.651,0.079,-0.776,2.0
21.595,0.076,-0.886,12.0
20.227,0.069,-0.937,6.0
18.331,0.061,-0.944,0.0
16.662,0.053,-0.945,0.0
31.053,0.1,-0.89,0.0
20.205,0.063,-0.684,0.0
20.257,0.061,-0.791,2.0
20.231,0.059,-0.897,16.0
18.798,0.053,-0.931,0.0
17.153,0.046,-0.939,0.0
33.225,0.09,-0.887,4.0
20.239,0.053,-0.644,9.0
20.231,0.051,-0.749,11.0
20.265,0.049,-0.857,47.0
20.141,0.047,-0.957,3.0
20.336,0.045,-1.071,0.0
20.266,0.045,-0.5,45.0
20.265,0.043,-0.605,65.0
20.258,0.041,-0.71,74.0
20.26,0.04,-0.816,150.0
20.199,0.038,-0.918,4.0
18.551,0.033,-0.94,0.0
20.271,0.036,-0.459,150.0
20.266,0.035,-0.564,150.0
20.259,0.033,-0.668,150.0
20.262,0.031,-0.775,92.0
20.252,0.03,-0.879,38.0
19.774,0.027,-0.961,3.0
20.267,0.028,-0.418,150.0
20.268,0.027,-0.522,150.0
20.266,0.025,-0.627,150.0
20.261,0.023,-0.734,83.0
20.269,0.022,-0.839,70.0
20.022,0.02,-0.932,2.0
20.264,0.021,-0.376,150.0
20.265,0.019,-0.48,150.0
20.267,0.018,-0.585,79.0
20.236,0.016,-0.69,41.0
20.232,0.015,-0.795,18.0
20.243,0.014,-0.9,23.0
20.273,0.014,-0.334,76.0
20.254,0.013,-0.438,28.0
20.242,0.011,-0.542,11.0
20.233,0.01,-0.648,7.0
20.246,0.009,-0.753,3.0
20.246,0.008,-0.29,15.0
20.241,0.007,-0.395,8.0
20.247,0.006,-0.499,4.0
20.238,0.004,-0.605,2.0
20.227,0.003,-0.71,1.0
20.221,0.002,-0.814,0.0
20.244,0.003,-0.248,9.0
20.247,0.002,-0.352,3.0
20.258,0.001,-0.456,2.0
32.187,0.0,-0.895,2.0
20.201,0.0,-0.666,0.0
24.133,-0.002,-0.92,0.0
20.236,-0.001,-0.205,4.0
20.232,-0.002,-0.309,1.0
20.225,-0.003,-0.413,0.0
20.233,-0.003,-0.52,0.0
20.275,-0.004,-0.625,0.0
20.186,-0.005,-0.162,14.0
20.185,-0.005,-0.266,8.0
41.946,-0.013,-0.769,5.0
20.291,-0.007,-0.479,0.0
32.155,-0.012,-0.924,1.0
58.43,-0.024,-1.98,2.0
20.199,-0.008,-0.119,24.0
20.186,-0.008,-0.223,2.0
20.195,-0.009,-0.327,0.0
37.438,-0.018,-0.803,0.0
32.283,-0.016,-0.859,7.0
58.418,-0.031,-1.854,1.0
20.204,-0.01,-0.076,23.0
20.171,-0.01,-0.18,16.0
20.184,-0.011,-0.283,8.0
41.591,-0.023,-0.803,7.0
34.63,-0.02,-0.847,0.0
29.701,-0.017,-0.879,0.0
20.133,-0.011,-0.033,19.0
20.182,-0.011,-0.137,25.0
20.175,-0.012,-0.24,7.0
43.285,-0.026,-0.744,4.0
37.396,-0.023,-0.835,1.0
32.234,-0.02,-0.885,9.0
20.147,-0.012,0.009,21.0
20.18,-0.012,-0.094,24.0
20.167,-0.012,-0.197,11.0
20.164,-0.012,-0.303,5.0
41.657,-0.026,-0.84,2.0
34.619,-0.022,-0.877,0.0
20.14,-0.012,0.053,33.0
20.137,-0.012,-0.05,19.0
20.17,-0.012,-0.154,24.0
20.155,-0.012,-0.26,13.0
0.0,0.0,0.0,0.0
37.337,-0.022,-0.866,0.0
20.127,-0.011,0.095,38.0
20.122,-0.011,-0.007,18.0
20.178,-0.011,-0.111,22.0
20.173,-0.011,-0.217,3.0
20.19,-0.01,-0.32,1.0
20.158,-0.01,-0.424,0.0
20.128,-0.009,0.139,29.0
20.143,-0.009,0.035,25.0
20.184,-0.009,-0.067,19.0
20.159,-0.009,-0.173,15.0
20.183,-0.008,-0.277,9.0
41.615,-0.017,-0.784,4.0
20.13,-0.007,0.182,31.0
20.135,-0.007,0.079,32.0
20.135,-0.006,-0.023,13.0
20.149,-0.006,-0.129,18.0
20.199,-0.005,-0.233,2.0
20.211,-0.005,-0.337,0.0
20.125,-0.004,0.226,27.0
20.126,-0.003,0.122,29.0
20.16,-0.003,0.019,14.0
20.193,-0.002,-0.086,16.0
20.198,-0.002,-0.189,9.0
20.234,-0.001,-0.294,2.0
20.129,0.0,0.269,27.0
20.12,0.0,0.166,28.0
20.137,0.0,0.062,29.0
20.204,0.001,-0.042,18.0
20.206,0.002,-0.146,15.0
20.235,0.003,-0.251,8.0
20.129,0.004,0.313,28.0
20.12,0.004,0.209,26.0
20.132,0.005,0.105,29.0
20.269,0.006,0.0,150.0
20.27,0.007,-0.104,119.0
20.262,0.008,-0.208,58.0
20.139,0.009,0.356,26.0
20.125,0.01,0.252,26.0
20.124,0.011,0.148,26.0
20.21,0.012,0.043,150.0
20.247,0.013,-0.06,151.0
20.256,0.014,-0.165,150.0
20.141,0.015,0.398,28.0
20.13,0.016,0.294,27.0
20.114,0.017,0.191,27.0
20.125,0.018,0.085,31.0
20.236,0.02,-0.017,152.0
20.255,0.021,-0.122,151.0
20.138,0.022,0.441,29.0
20.134,0.023,0.337,26.0
20.132,0.024,0.233,27.0
20.132,0.026,0.128,26.0
20.26,0.027,0.024,144.0
20.251,0.029,-0.079,150.0
20.158,0.029,0.484,26.0
20.134,0.031,0.38,26.0
20.137,0.032,0.276,28.0
20.128,0.034,0.171,27.0
20.146,0.035,0.067,24.0
20.261,0.037,-0.036,82.0
20.168,0.038,0.527,27.0
20.137,0.039,0.423,28.0
20.137,0.041,0.319,28.0
20.133,0.043,0.213,26.0
20.149,0.044,0.109,28.0
20.294,0.046,0.006,7.0
20.178,0.047,0.57,29.0
20.152,0.049,0.465,28.0
20.139,0.05,0.361,26.0
20.122,0.052,0.255,27.0
20.139,0.054,0.151,26.0
20.186,0.056,0.048,19.0
20.191,0.057,0.612,29.0
20.16,0.059,0.507,26.0
20.149,0.06,0.403,28.0
20.139,0.062,0.296,27.0
20.139,0.064,0.193,27.0
20.151,0.066,0.089,26.0
20.212,0.067,0.654,30.0
20.189,0.069,0.549,27.0
20.141,0.071,0.444,28.0
20.142,0.073,0.338,27.0
20.147,0.075,0.234,27.0
20.141,0.077,0.13,26.0
20.184,0.079,0.695,27.0
20.2,0.081,0.591,24.0
20.158,0.083,0.486,23.0
20.147,0.085,0.379,26.0
20.147,0.087,0.275,26.0
20.157,0.089,0.171,28.0
20.153,0.09,0.735,28.0
20.217,0.093,0.633,11.0
20.184,0.095,0.528,24.0
20.153,0.097,0.42,28.0
20.154,0.099,0.316,27.0
20.155,0.102,0.212,26.0
20.156,0.103,0.776,22.0
102.605,0.538,3.424,16.0
20.183,0.108,0.568,19.0
20.158,0.11,0.461,26.0
20.152,0.112,0.356,27.0
20.163,0.115,0.252,28.0
20.152,0.116,0.816,10.0
102.496,0.605,3.622,51.0
20.209,0.121,0.609,11.0
20.145,0.123,0.5,20.0
20.162,0.126,0.397,26.0
20.158,0.129,0.292,26.0
101.863,0.659,4.331,35.0
102.337,0.676,3.82,40.0
20.242,0.136,0.65,0.0
20.164,0.138,0.541,17.0
20.16,0.141,0.437,24.0
20.167,0.143,0.332,24.0
142.295,1.025,6.333,12.0
102.083,0.749,4.013,34.0
117.573,0.879,4.011,36.0
20.199,0.153,0.582,11.0
20.158,0.156,0.476,18.0
20.172,0.159,0.372,24.0
65.855,0.525,3.06,7.0
102.054,0.827,4.212,44.0
126.4,1.043,4.56,30.0
20.275,0.17,0.624,3.0
20.22,0.172,0.517,19.0
20.257,0.176,0.413,25.0
65.886,0.577,3.19,12.0
102.025,0.909,4.408,11.0
117.205,1.062,4.455,27.0
103.768,0.956,3.395,51.0
20.259,0.189,0.557,16.0
20.274,0.193,0.452,31.0
65.937,0.633,3.321,22.0
111.634,1.089,5.04,14.0
117.108,1.16,4.677,11.0
103.873,1.045,3.598,24.0
20.274,0.207,0.596,13.0
20.267,0.21,0.491,31.0
66.011,0.691,3.451,31.0
111.624,1.187,5.254,15.0
126.632,1.366,5.3,16.0
103.944,1.138,3.796,31.0
117.989,1.311,3.695,21.0
20.273,0.228,0.529,24.0
66.311,0.753,3.592,42.0
102.017,1.176,4.992,6.0
110.342,1.29,4.824,10.0
103.969,1.233,3.992,23.0
133.283,1.602,4.422,23.0
20.278,0.247,0.567,16.0
66.911,0.822,3.748,24.0
111.748,1.391,5.675,15.0
124.907,1.576,5.69,19.0
103.951,1.33,4.181,16.0
117.843,1.528,4.125,16.0
125.089,1.643,3.725,28.0
67.381,0.892,3.898,37.0
69.35,0.93,3.649,11.0
110.374,1.499,5.229,9.0
103.932,1.43,4.369,17.0
117.795,1.641,4.335,16.0
125.057,1.765,3.949,28.0
67.475,0.959,4.025,28.0
66.139,0.952,3.597,15.0
110.639,1.612,5.438,3.0
69.33,1.023,3.038,5.0
103.003,1.538,3.973,16.0
125.213,1.892,4.174,20.0
67.534,1.029,4.148,62.0
66.209,1.02,3.719,41.0
140.609,2.193,7.161,5.0
69.361,1.094,3.16,1.0
117.682,1.878,4.745,13.0
125.394,2.025,4.4,3.0
67.547,1.099,4.267,37.0
66.24,1.089,3.835,35.0
69.722,1.16,3.671,2.0
103.705,1.744,4.903,24.0
0.0,0.0,0.0,0.0
102.924,1.77,3.785,1.0
67.621,1.171,4.387,46.0
66.22,1.159,3.947,26.0
69.239,1.226,3.763,7.0
103.627,1.855,5.075,31.0
125.601,2.273,5.492,6.0
118.43,2.165,4.555,8.0
67.783,1.249,4.513,19.0
66.218,1.233,4.059,12.0
103.765,1.951,5.813,4.0
69.341,1.317,3.512,7.0
102.815,1.974,4.666,2.0
124.742,2.419,5.003,11.0
68.278,1.334,4.659,12.0
66.25,1.307,4.169,11.0
103.559,2.063,5.97,12.0
103.221,2.077,5.396,8.0
118.28,2.403,5.558,16.0
124.448,2.553,5.191,3.0
68.878,1.423,4.811,8.0
66.617,1.39,4.301,6.0
104.312,2.197,6.181,8.0
103.222,2.195,5.56,8.0
69.264,1.487,3.364,1.0
118.782,2.575,5.144,3.0
66.334,1.448,4.739,24.0
102.269,2.253,6.764,4.0
104.458,2.322,6.354,6.0
68.668,1.54,3.806,6.0
103.802,2.35,5.204,9.0
116.549,2.664,5.228,5.0
66.323,1.526,4.841,9.0
66.038,1.533,4.47,30.0
67.499,1.581,4.21,4.0
103.198,2.438,5.878,4.0
103.859,2.476,5.366,10.0
117.085,2.815,5.428,2.0
52.848,1.279,3.938,5.0
65.973,1.612,4.566,9.0
104.514,2.575,6.676,3.0
69.34,1.722,4.054,7.0
124.509,3.12,6.619,7.0
110.507,2.792,5.288,4.0
65.972,1.679,5.015,14.0
68.058,1.746,4.81,9.0
102.868,2.661,6.724,3.0
103.257,2.694,6.189,3.0
69.129,1.818,3.775,8.0
117.932,3.127,5.815,5.0
52.531,1.403,4.071,4.0
68.146,1.835,4.916,16.0
68.385,1.856,4.569,5.0
67.467,1.846,4.142,4.0
69.109,1.906,3.875,1.0
103.444,2.875,5.25,11.0
57.866,1.62,4.567,10.0
52.569,1.483,3.867,25.0
67.974,1.932,4.638,7.0
110.068,3.153,6.912,2.0
69.176,1.996,3.974,1.0
116.633,3.392,6.08,2.0
57.7,1.69,4.634,9.0
68.273,2.015,5.117,8.0
53.412,1.587,3.717,6.0
69.38,2.077,4.451,4.0
67.471,2.035,3.967,2.0
103.285,3.138,5.523,1.0
57.849,1.77,4.724,8.0
68.242,2.102,5.206,8.0
68.485,2.125,4.858,8.0
68.048,2.126,4.455,3.0
0.0,0.0,0.0,0.0
103.113,3.269,5.648,4.0
50.423,1.61,4.184,5.0
51.918,1.669,4.029,4.0
68.434,2.214,4.943,7.0
68.536,2.233,4.575,9.0
69.15,2.268,4.246,6.0
103.115,3.405,5.778,4.0
51.09,1.699,4.305,7.0
43.667,1.462,3.444,4.0
51.718,1.743,3.8,1.0
53.224,1.806,3.62,6.0
68.454,2.338,4.288,3.0
103.283,3.551,5.916,5.0
46.91,1.624,4.01,8.0
58.476,2.038,4.684,5.0
52.707,1.848,3.938,26.0
67.803,2.393,4.694,10.0
68.429,2.431,4.369,5.0
67.443,2.411,3.944,3.0
46.861,1.687,4.063,9.0
47.048,1.704,3.824,3.0
52.146,1.9,3.957,11.0
68.603,2.515,4.829,13.0
68.763,2.537,4.47,3.0
67.656,2.511,4.034,5.0
53.119,1.986,4.667,7.0
47.041,1.769,3.878,5.0
51.772,1.959,3.988,3.0
69.325,2.639,4.959,38.0
68.842,2.635,4.553,5.0
68.666,2.645,4.171,2.0
46.958,1.821,4.178,8.0
52.877,2.063,4.418,21.0
47.221,1.852,3.689,1.0
51.897,2.048,3.769,1.0
67.713,2.688,4.552,12.0
68.57,2.737,4.238,7.0
53.625,2.155,4.829,1.0
46.939,1.897,3.972,3.0
47.235,1.92,3.741,3.0
51.737,2.115,3.811,2.0
67.348,2.768,4.597,8.0
69.266,2.863,4.354,22.0
53.565,2.229,4.879,5.0
46.97,1.965,4.023,14.0
68.111,2.866,5.464,8.0
51.693,2.186,3.86,5.0
67.449,2.868,4.672,11.0
69.307,2.963,4.425,8.0
46.018,1.981,4.238,2.0
47.036,2.035,4.075,14.0
52.624,2.289,4.273,9.0
47.329,2.069,3.58,4.0
67.598,2.971,4.747,7.0
69.524,3.071,4.505,2.0
46.016,2.047,4.282,7.0
47.112,2.107,4.127,2.0
43.752,1.967,3.594,3.0
68.693,3.103,5.261,2.0
47.352,2.15,3.369,3.0
69.615,3.177,4.575,1.0
45.998,2.114,4.322,8.0
53.178,2.456,4.706,2.0
66.393,3.08,5.513,3.0
52.087,2.428,4.036,4.0
47.506,2.226,3.422,1.0
204.448,9.626,13.615,19.0
45.968,2.179,4.36,9.0
45.771,2.18,4.09,2.0
47.116,2.254,3.953,9.0
68.959,3.315,5.401,2.0
52.623,2.541,3.834,2.0
47.374,2.299,3.193,2.0
46.012,2.249,4.402,3.0
46.089,2.263,4.157,1.0
47.115,2.323,3.991,11.0
47.194,2.337,3.734,1.0
68.498,3.408,5.046,1.0
47.437,2.371,3.235,0.0
43.45,2.187,4.192,4.0
45.885,2.32,4.174,1.0
47.139,2.394,4.029,8.0
52.76,2.691,4.215,3.0
66.581,3.411,4.955,2.0
52.701,2.712,3.633,1.0
45.624,2.364,4.435,5.0
45.913,2.389,4.21,6.0
47.203,2.466,4.069,8.0
47.195,2.476,3.804,4.0
241.789,12.74,18.164,18.0
47.75,2.526,3.325,1.0
43.478,2.316,4.257,2.0
45.641,2.442,4.217,3.0
47.09,2.53,4.091,12.0
47.133,2.541,3.831,9.0
47.331,2.563,3.587,2.0
52.838,2.873,3.714,0.0
43.486,2.381,4.286,2.0
45.431,2.498,4.227,2.0
0.0,0.0,0.0,0.0
47.164,2.613,3.863,5.0
47.075,2.618,3.597,2.0
48.019,2.682,3.405,0.0
43.521,2.448,4.316,2.0
45.954,2.594,4.304,3.0
45.857,2.598,4.041,3.0
47.371,2.704,3.647,15.0
0.0,0.0,0.0,0.0
43.497,2.51,4.339,1.0
45.776,2.651,4.312,3.0
47.378,2.753,4.201,3.0
45.918,2.678,3.813,3.0
243.343,14.247,18.865,22.0
243.421,14.306,17.53,10.0
47.259,2.796,4.739,2.0
45.5,2.702,4.31,3.0
47.43,2.826,4.23,3.0
0.0,0.0,0.0,0.0
47.333,2.84,3.692,2.0
46.909,2.824,3.4,1.0
45.533,2.77,4.334,3.0
0.0,0.0,0.0,0.0
45.78,2.803,3.845,2.0
47.265,2.905,3.708,3.0
244.135,15.055,17.805,22.0
45.567,2.838,4.357,4.0
0.0,0.0,0.0,0.0
45.733,2.867,3.86,4.0
46.909,2.951,3.699,3.0
244.622,15.443,17.939,24.0
45.6,2.907,4.378,4.0
47.5,3.037,4.296,3.0
46.958,3.022,3.72,4.0
245.149,15.83,18.063,10.0
45.577,2.972,4.391,5.0
47.494,3.106,4.311,3.0
47.571,3.12,4.048,2.0
47.218,3.107,3.755,3.0
245.406,16.201,18.157,15.0
45.546,3.035,4.401,3.0
47.461,3.172,4.322,1.0
47.284,3.169,4.037,3.0
47.141,3.169,3.762,1.0
245.697,16.568,18.243,16.0
45.667,3.108,4.425,7.0
47.398,3.235,4.327,1.0
47.271,3.235,4.047,2.0
46.042,3.16,3.685,2.0
246.12,16.945,18.329,17.0
45.614,3.169,4.429,2.0
45.506,3.17,4.164,1.0
47.269,3.302,4.056,1.0
45.951,3.219,3.686,4.0
246.636,17.324,18.411,13.0
45.697,3.239,4.445,3.0
45.567,3.238,4.176,2.0
47.765,3.404,4.105,3.0
45.901,3.279,3.688,3.0
246.93,17.689,18.466,20.0
45.721,3.304,4.452,2.0
45.757,3.332,3.681,1.0
247.269,18.053,18.515,13.0
45.853,3.377,4.469,1.0
47.145,3.488,4.06,1.0
45.753,3.394,3.684,1.0
107.822,8.018,8.079,5.0
45.463,3.426,3.916,1.0
45.706,3.453,3.68,2.0
107.788,8.163,8.076,8.0
45.46,3.464,4.689,1.0
45.382,3.481,3.908,1.0
45.667,3.511,3.676,1.0
115.694,8.915,8.665,1.0
45.426,3.522,4.683,3.0
114.567,8.941,9.86,2.0
110.136,8.615,8.859,3.0
110.223,8.64,8.247,5.0
115.911,9.199,9.964,3.0
111.348,8.857,8.943,3.0
107.586,8.575,8.037,3.0
0.0,0.0,0.0,0.0
46.002,3.696,4.472,0.0
0.0,0.0,0.0,0.0
116.107,9.365,9.964,5.0
114.783,9.278,9.202,3.0
107.964,8.744,8.048,1.0
0.0,0.0,0.0,0.0
46.102,3.763,4.474,1.0
116.045,9.491,10.604,11.0
116.16,9.518,9.945,9.0
116.675,9.58,9.331,5.0
107.614,8.852,8.0,9.0
0.0,0.0,0.0,0.0
46.035,3.816,4.457,1.0
112.811,9.369,10.283,7.0
112.614,9.369,9.616,13.0
117.849,9.823,9.397,10.0
107.056,8.941,7.932,5.0
115.121,9.671,11.772,2.0
46.088,3.878,4.45,1.0
115.14,9.705,10.465,3.0
115.561,9.757,9.837,5.0
115.449,9.766,9.174,4.0
92.184,7.812,6.804,4.0
114.838,9.789,11.709,7.0
115.173,9.833,11.087,2.0
109.78,9.403,9.31,5.0
96.459,8.276,7.634,7.0
115.225,9.903,8.468,5.0
115.501,9.985,11.737,2.0
115.085,9.964,11.039,4.0
115.093,9.981,10.385,4.0
114.998,9.987,9.713,20.0
98.578,8.576,7.766,1.0
114.799,10.003,8.395,7.0
114.885,10.068,11.632,3.0
114.7,10.066,10.959,3.0
0.0,0.0,0.0,0.0
99.739,8.778,8.385,2.0
112.622,9.927,8.829,2.0
99.245,8.763,7.217,3.0
114.924,10.203,11.588,5.0
116.065,10.319,11.041,2.0
0.0,0.0,0.0,0.0
84.865,7.577,6.616,4.0
109.677,9.807,7.929,9.0
114.87,10.329,11.53,10.0
0.0,0.0,0.0,0.0
99.299,8.951,8.834,3.0
108.147,9.762,8.995,10.0
97.872,8.847,7.583,2.0
84.794,7.676,6.089,3.0
0.0,0.0,0.0,0.0
91.812,8.367,8.646,1.0
114.611,10.458,10.138,2.0
85.495,7.81,7.067,2.0
98.558,9.016,7.587,6.0
96.809,8.868,6.902,9.0
0.0,0.0,0.0,0.0
111.53,10.283,10.443,4.0
86.057,7.943,7.567,6.0
85.002,7.855,6.981,4.0
91.824,8.496,7.018,6.0
96.606,8.95,6.834,6.0
0.0,0.0,0.0,0.0
114.585,10.683,10.664,2.0
91.649,8.554,8.006,2.0
85.881,8.025,7.003,10.0
96.052,8.986,7.285,3.0
96.481,9.037,6.769,4.0
115.006,10.827,11.294,3.0
91.827,8.654,8.491,5.0
92.14,8.692,7.993,9.0
96.648,9.128,7.821,4.0
96.123,9.088,7.231,2.0
84.27,7.976,5.86,2.0
114.073,10.852,11.129,3.0
98.96,9.423,9.087,6.0
107.892,10.282,9.29,3.0
92.323,8.808,7.413,3.0
96.567,9.223,7.202,4.0
96.45,9.221,6.644,2.0
111.152,10.679,10.77,5.0
110.963,10.67,10.115,5.0
91.192,8.777,7.79,6.0
92.053,8.868,7.328,6.0
84.292,8.128,6.229,4.0
85.193,8.225,5.809,6.0
118.105,11.456,11.36,3.0
99.381,9.648,8.988,4.0
114.203,11.095,9.675,5.0
85.384,8.303,6.736,5.0
84.053,8.18,6.151,4.0
84.863,8.268,5.726,4.0
114.668,11.224,10.945,1.0
99.329,9.73,8.91,4.0
99.445,9.749,8.35,6.0
85.282,8.367,6.664,9.0
84.041,8.253,6.086,4.0
84.885,8.344,5.663,1.0
85.706,8.463,8.114,3.0
84.921,8.391,7.551,6.0
91.78,9.075,7.634,4.0
85.242,8.435,6.593,6.0
84.108,8.33,6.024,4.0
86.803,8.604,5.722,2.0
98.857,9.843,9.279,9.0
85.33,8.501,7.519,2.0
91.777,9.149,7.56,7.0
78.283,7.809,5.992,2.0
78.163,7.803,5.535,1.0
80.365,8.029,5.232,4.0
99.125,9.946,9.222,14.0
99.076,9.947,8.647,14.0
91.751,9.217,7.481,5.0
68.734,6.909,5.203,3.0
84.048,8.455,5.881,2.0
76.649,7.716,4.925,2.0
98.521,9.958,9.082,6.0
78.775,7.967,6.807,6.0
85.198,8.621,6.873,4.0
68.722,6.958,5.143,3.0
84.213,8.532,5.819,2.0
78.578,7.967,4.98,2.0
93.092,9.476,8.498,6.0
78.794,8.024,6.738,3.0
86.245,8.788,6.88,2.0
77.817,7.933,5.753,4.0
80.308,8.191,5.477,3.0
78.532,8.015,4.906,3.0
85.417,8.752,7.718,3.0
78.725,8.07,6.66,5.0
79.208,8.123,6.245,1.0
68.638,7.042,5.01,4.0
77.932,8.0,5.243,2.0
91.593,9.408,5.637,2.0
91.643,9.448,8.194,4.0
78.81,8.128,6.592,10.0
79.195,8.17,6.169,4.0
68.651,7.086,4.946,4.0
84.744,8.751,5.619,7.0
76.269,7.88,4.62,1.0
74.871,7.764,6.621,4.0
74.964,7.776,6.196,4.0
79.249,8.223,6.095,4.0
72.897,7.566,5.181,6.0
77.948,8.094,5.092,3.0
89.791,9.329,5.351,4.0
77.341,8.063,6.762,2.0
74.59,7.778,6.091,5.0
68.724,7.168,5.217,4.0
68.493,7.146,4.798,4.0
78.324,8.175,5.038,4.0
89.958,9.394,5.27,4.0
68.665,7.194,5.932,2.0
78.717,8.248,6.348,4.0
74.622,7.821,5.587,6.0
72.874,7.64,5.03,6.0
73.1,7.666,4.626,2.0
88.807,9.316,5.111,2.0
80.563,8.479,6.876,2.0
78.812,8.295,6.272,9.0
74.545,7.848,5.503,4.0
72.942,7.68,4.958,3.0
69.187,7.287,4.306,8.0
81.072,8.541,4.58,4.0
80.464,8.503,6.782,1.0
78.953,8.344,6.199,12.0
80.191,8.476,5.834,2.0
84.332,8.915,5.641,4.0
69.159,7.313,4.229,6.0
81.004,8.567,4.489,5.0
74.962,7.952,6.235,2.0
78.819,8.361,6.102,5.0
68.657,7.283,4.92,5.0
87.319,9.264,5.745,2.0
96.497,10.239,5.795,6.0
80.985,8.595,4.399,1.0
74.728,7.952,6.134,6.0
78.833,8.389,6.016,4.0
68.612,7.301,4.841,5.0
92.075,9.799,5.956,7.0
76.542,8.147,4.511,1.0
79.779,8.493,4.244,3.0
74.705,7.973,6.047,4.0
74.614,7.963,5.609,3.0
72.858,7.775,5.056,4.0
73.18,7.809,4.651,3.0
98.869,10.552,5.715,4.0
87.774,9.369,4.57,3.0
74.53,7.974,5.947,2.0
74.81,8.003,5.537,4.0
72.964,7.805,4.98,6.0
73.001,7.809,4.555,1.0
81.007,8.665,4.589,3.0
91.652,9.804,4.666,7.0
73.821,7.915,5.804,1.0
74.958,8.035,5.461,7.0
84.334,9.04,5.658,6.0
88.741,9.511,5.433,5.0
80.988,8.679,4.493,6.0
0.0,0.0,0.0,0.0
76.521,8.219,5.925,3.0
75.004,8.054,5.375,8.0
84.405,9.061,5.562,4.0
88.722,9.524,5.326,1.0
76.974,8.262,4.178,4.0
90.341,9.696,4.386,5.0
76.558,8.233,5.835,2.0
68.581,7.373,4.831,4.0
73.195,7.867,4.734,3.0
76.532,8.224,4.502,1.0
79.716,8.566,4.23,3.0
85.785,9.217,4.059,5.0
74.691,8.039,5.601,5.0
72.819,7.835,5.04,4.0
73.15,7.868,4.641,4.0
88.657,9.535,5.105,6.0
84.751,9.113,4.393,4.0
85.777,9.222,3.953,13.0
74.586,8.031,5.501,4.0
72.941,7.852,4.958,5.0
73.205,7.877,4.555,2.0
81.021,8.716,4.567,6.0
84.599,9.099,4.282,4.0
85.733,9.219,3.846,5.0
73.965,7.965,5.364,3.0
84.371,9.082,5.631,4.0
88.981,9.574,5.426,4.0
80.986,8.711,4.464,5.0
90.526,9.735,4.469,11.0
87.273,9.382,3.807,4.0
68.641,7.389,4.891,3.0
87.293,9.393,5.716,1.0
84.568,9.095,5.051,1.0
79.701,8.568,4.293,3.0
137.117,14.737,6.597,11.0
97.401,10.465,4.126,1.0
68.638,7.383,4.803,5.0
73.202,7.869,4.701,3.0
88.782,9.54,5.189,5.0
84.758,9.103,4.458,3.0
85.763,9.208,4.017,11.0
114.225,12.259,4.694,13.0
72.839,7.825,5.004,5.0
89.061,9.562,5.606,7.0
88.558,9.503,5.063,4.0
84.802,9.096,4.351,6.0
85.757,9.194,3.907,9.0
114.265,12.246,4.549,12.0
84.3,9.042,5.682,8.0
88.839,9.522,5.475,5.0
80.999,8.677,4.525,7.0
91.35,9.781,4.569,15.0
120.82,12.929,5.347,21.0
98.483,10.534,3.793,34.0
84.297,9.023,5.572,3.0
84.659,9.055,5.108,2.0
80.951,8.653,4.418,3.0
90.51,9.669,4.41,11.0
120.772,12.895,5.191,17.0
98.297,10.49,3.661,21.0
73.112,7.806,4.739,2.0
88.424,9.434,5.223,5.0
79.687,8.496,4.248,3.0
85.752,9.137,4.069,12.0
97.929,10.428,4.083,14.0
98.216,10.453,3.531,17.0
73.117,7.784,4.645,3.0
88.531,9.417,5.114,6.0
84.995,9.035,4.42,2.0
85.787,9.113,3.959,8.0
98.624,10.469,3.984,26.0
104.634,11.1,3.627,5.0
69.123,7.334,4.3,9.0
81.027,8.59,4.574,6.0
90.256,9.561,4.575,4.0
87.277,9.239,3.914,6.0
103.235,10.92,4.036,10.0
97.465,10.303,3.251,18.0
69.145,7.308,4.21,3.0
98.948,10.45,5.455,6.0
83.879,8.851,4.141,4.0
98.681,10.404,4.296,33.0
103.207,10.873,3.9,8.0
97.42,10.256,3.121,19.0
89.377,9.407,5.324,8.0
87.777,9.23,4.723,3.0
85.801,9.014,4.123,10.0
103.219,10.834,4.356,17.0
103.871,10.894,3.787,10.0
121.571,12.741,3.734,23.0
76.393,8.002,4.45,1.0
84.086,8.8,4.413,4.0
85.773,8.968,4.009,9.0
136.403,14.249,5.578,4.0
97.489,10.175,3.428,18.0
137.352,14.324,4.043,16.0
81.048,8.447,4.615,4.0
84.085,8.754,4.304,1.0
87.469,9.097,3.974,2.0
107.483,11.168,4.255,17.0
97.555,10.128,3.301,13.0
110.026,11.412,3.093,17.0
81.097,8.405,4.511,2.0
85.812,8.884,4.279,8.0
87.47,9.046,3.859,7.0
104.049,10.749,3.983,6.0
110.362,11.39,3.592,8.0
109.782,11.32,2.942,41.0
83.643,8.616,4.542,4.0
85.672,8.815,4.159,18.0
107.476,11.045,4.601,20.0
97.588,10.018,3.607,39.0
110.214,11.303,3.442,33.0
109.312,11.2,2.787,22.0
79.701,8.156,4.224,4.0
96.038,9.816,4.537,9.0
103.96,10.614,4.315,6.0
111.188,11.338,3.966,20.0
109.863,11.192,3.287,57.0
109.168,11.109,2.641,23.0
85.615,8.7,4.425,10.0
107.518,10.913,4.94,5.0
97.658,9.899,3.927,13.0
110.125,11.15,3.785,12.0
115.808,11.712,3.317,50.0
115.756,11.694,2.652,33.0
91.787,9.258,4.625,3.0
87.51,8.814,3.908,6.0
111.265,11.193,4.329,17.0
110.013,11.053,3.639,20.0
115.729,11.613,3.166,54.0
121.552,12.184,2.628,48.0
107.39,10.746,5.273,6.0
97.736,9.766,4.239,12.0
115.26,11.502,4.336,16.0
115.595,11.519,3.675,12.0
109.049,10.853,2.843,35.0
121.532,12.08,2.472,49.0
97.628,9.685,4.668,32.0
97.707,9.679,4.11,19.0
122.626,12.13,4.455,40.0
108.834,10.751,3.321,47.0
121.432,11.979,3.009,29.0
121.529,11.972,2.316,56.0
97.772,9.612,4.548,9.0
115.259,11.314,4.701,23.0
108.384,10.623,3.8,15.0
109.271,10.694,3.194,31.0
121.531,11.878,2.857,42.0
121.674,11.875,2.166,22.0
97.82,9.525,4.427,2.0
105.342,10.242,4.163,2.0
115.934,11.254,3.919,11.0
137.87,13.362,3.857,28.0
138.223,13.376,3.076,22.0
151.075,14.6,2.499,31.0
86.571,8.345,3.81,9.0
108.119,10.405,4.139,26.0
109.346,10.507,3.56,23.0
121.349,11.642,3.245,46.0
151.427,14.504,3.183,26.0
151.219,14.463,2.314,32.0
107.923,10.294,4.615,22.0
110.299,10.502,4.086,19.0
109.404,10.4,3.425,12.0
137.842,13.081,3.515,23.0
151.409,14.345,2.995,28.0
151.425,14.325,2.131,27.0
110.74,10.446,4.599,22.0
115.994,10.921,4.153,33.0
121.377,11.407,3.652,18.0
151.707,14.234,3.682,19.0
151.241,14.166,2.807,28.0
151.523,14.169,1.948,29.0
108.174,10.084,4.361,16.0
109.652,10.203,3.793,14.0
151.884,14.107,4.387,15.0
151.913,14.083,3.505,26.0
151.503,14.02,2.63,26.0
151.968,14.039,1.77,7.0
109.983,10.127,4.302,17.0
121.683,11.182,4.063,23.0
144.735,13.276,4.007,7.0
152.045,13.92,3.327,31.0
151.932,13.884,2.457,23.0
129.461,11.809,1.355,3.0
109.7,9.972,4.161,10.0
121.253,10.999,3.906,18.0
143.66,13.005,3.807,18.0
152.257,13.755,3.151,31.0
152.534,13.754,2.286,25.0
108.76,9.789,1.01,2.0
121.963,10.936,4.482,10.0
143.539,12.845,4.455,27.0
152.464,13.615,3.864,22.0
152.568,13.597,2.982,18.0
152.861,13.596,2.116,28.0
108.316,9.614,0.882,2.0
143.066,12.65,5.094,12.0
143.63,12.673,4.295,32.0
152.772,13.449,3.695,15.0
158.698,13.94,2.92,4.0
153.275,13.437,1.947,16.0
107.896,9.439,0.757,6.0
121.094,10.551,4.174,15.0
143.97,12.516,4.143,28.0
197.83,17.157,4.563,9.0
199.352,17.251,3.444,9.0
128.916,11.131,1.494,8.0
107.746,9.284,0.635,13.0
144.476,12.395,4.819,12.0
143.993,12.323,3.982,17.0
199.604,17.042,4.385,8.0
199.526,16.998,3.228,7.0
129.007,10.964,1.353,3.0
107.863,9.146,0.518,2.0
144.473,12.198,4.662,20.0
196.951,16.586,5.234,19.0
202.369,16.999,4.226,8.0
0.0,0.0,0.0,0.0
115.319,9.64,1.084,3.0
108.41,9.04,0.403,2.0
161.18,13.379,5.026,13.0
194.996,16.143,4.971,9.0
196.356,16.214,3.888,30.0
213.541,17.587,2.993,25.0
110.449,9.073,0.92,5.0
109.395,8.964,0.29,5.0
161.176,13.142,4.854,23.0
156.044,12.69,3.812,31.0
196.254,15.917,3.679,9.0
181.655,14.693,2.355,10.0
110.537,8.916,0.805,10.0
110.578,8.898,0.178,1.0
154.886,12.399,4.504,21.0
194.971,15.565,4.563,9.0
155.971,12.418,2.765,40.0
155.941,12.382,1.865,22.0
114.113,9.037,0.718,15.0
0.0,0.0,0.0,0.0
155.179,12.19,4.358,24.0
155.747,12.198,3.49,37.0
162.048,12.656,2.712,34.0
162.292,12.639,1.78,6.0
114.095,8.859,0.605,24.0
0.0,0.0,0.0,0.0
169.261,13.035,4.588,4.0
156.139,11.988,3.348,17.0
168.256,12.88,2.652,25.0
122.479,9.347,1.224,6.0
0.0,0.0,0.0,0.0
0.0,0.0,0.0,0.0
166.714,12.577,4.36,8.0
167.671,12.607,3.434,25.0
168.26,12.611,2.493,35.0
0.0,0.0,0.0,0.0
122.016,9.086,0.414,11.0
0.0,0.0,0.0,0.0
167.216,12.342,4.216,8.0
173.67,12.774,3.395,11.0
173.411,12.715,2.409,28.0
0.0,0.0,0.0,0.0
141.143,10.282,0.35,3.0
0.0,0.0,0.0,0.0
166.927,12.047,4.058,6.0
173.856,12.504,3.244,27.0
0.0,0.0,0.0,0.0
140.878,10.065,1.022,3.0
0.0,0.0,0.0,0.0
0.0,0.0,0.0,0.0
172.67,12.176,4.049,21.0
0.0,0.0,0.0,0.0
0.0,0.0,0.0,0.0
0.0,0.0,0.0,0.0
154.842,10.765,0.117,3.0
0.0,0.0,0.0,0.0
173.624,11.948,3.923,5.0
210.383,14.423,3.567,11.0
0.0,0.0,0.0,0.0
154.883,10.54,0.862,13.0
0.0,0.0,0.0,0.0
68.947,4.657,-0.393,1.0
173.718,11.655,3.783,6.0
0.0,0.0,0.0,0.0
0.0,0.0,0.0,0.0
154.961,10.272,0.737,152.0
0.0,0.0,0.0,0.0
68.991,4.539,-0.449,4.0
0.0,0.0,0.0,0.0
201.433,13.102,3.092,7.0
0.0,0.0,0.0,0.0
154.996,10.0,0.617,19.0
0.0,0.0,0.0,0.0
68.938,4.412,-0.501,1.0
198.19,12.591,4.007,17.0
0.0,0.0,0.0,0.0
0.0,0.0,0.0,0.0
155.325,9.739,0.501,11.0
0.0,0.0,0.0,0.0
0.0,0.0,0.0,0.0
0.0,0.0,0.0,0.0
203.057,12.472,2.815,6.0
0.0,0.0,0.0,0.0
197.703,12.037,0.497,7.0
0.0,0.0,0.0,0.0
0.0,0.0,0.0,0.0
208.289,12.469,3.913,6.0
208.152,12.403,2.741,16.0
197.46,11.712,1.49,27.0
0.0,0.0,0.0,0.0
0.0,0.0,0.0,0.0
0.0,0.0,0.0,0.0
0.0,0.0,0.0,0.0
0.0,0.0,0.0,0.0
197.407,11.339,1.361,26.0
0.0,0.0,0.0,0.0
0.0,0.0,0.0,0.0
0.0,0.0,0.0,0.0
207.137,11.627,3.622,9.0
196.106,10.952,2.33,24.0
196.085,10.893,1.23,64.0
0.0,0.0,0.0,0.0
0.0,0.0,0.0,0.0
0.0,0.0,0.0,0.0
196.233,10.642,3.313,5.0
206.97,11.163,2.334,18.0
197.24,10.579,1.12,23.0
0.0,0.0,0.0,0.0
69.192,3.671,-0.388,0.0
0.0,0.0,0.0,0.0
0.0,0.0,0.0,0.0
201.917,10.497,2.164,12.0
197.258,10.199,1.01,26.0
0.0,0.0,0.0,0.0
68.945,3.523,-0.425,2.0
0.0,0.0,0.0,0.0
197.641,9.95,3.117,14.0
197.831,9.898,2.014,25.0
197.303,9.813,0.907,30.0
0.0,0.0,0.0,0.0
0.0,0.0,0.0,0.0
0.0,0.0,0.0,0.0
199.974,9.677,3.055,5.0
196.94,9.469,1.908,6.0
196.966,9.411,0.809,22.0
0.0,0.0,0.0,0.0
0.0,0.0,0.0,0.0
0.0,0.0,0.0,0.0
206.434,9.581,3.057,13.0
196.856,9.077,1.818,9.0
196.966,9.024,0.72,22.0
0.0,0.0,0.0,0.0
68.953,3.116,-0.523,3.0
0.0,0.0,0.0,0.0
195.504,8.686,2.812,58.0
195.539,8.625,1.722,54.0
195.533,8.565,0.633,16.0
0.0,0.0,0.0,0.0
68.965,2.978,-0.552,4.0
0.0,0.0,0.0,0.0
0.0,0.0,0.0,0.0
196.653,8.278,1.655,23.0
196.753,8.221,0.561,10.0
0.0,0.0,0.0,0.0
0.0,0.0,0.0,0.0
0.0,0.0,0.0,0.0
203.88,8.235,2.777,15.0
196.508,7.873,1.584,26.0
0.0,0.0,0.0,0.0
0.0,0.0,0.0,0.0
0.0,0.0,0.0,0.0
0.0,0.0,0.0,0.0
195.13,7.477,2.594,32.0
195.15,7.413,1.51,14.0
0.0,0.0,0.0,0.0
0.0,0.0,0.0,0.0
0.0,0.0,0.0,0.0
0.0,0.0,0.0,0.0
195.943,7.106,2.548,19.0
196.324,7.054,1.463,31.0
0.0,0.0,0.0,0.0
0.0,0.0,0.0,0.0
0.0,0.0,0.0,0.0
0.0,0.0,0.0,0.0
195.278,6.678,2.49,6.0
196.265,6.646,1.414,25.0
0.0,0.0,0.0,0.0
0.0,0.0,0.0,0.0
0.0,0.0,0.0,0.0
0.0,0.0,0.0,0.0
195.483,6.279,2.45,6.0
196.072,6.234,1.372,40.0
0.0,0.0,0.0,0.0
0.0,0.0,0.0,0.0
0.0,0.0,0.0,0.0
0.0,0.0,0.0,0.0
195.804,5.877,2.419,7.0
196.001,5.818,1.338,34.0
0.0,0.0,0.0,0.0
0.0,0.0,0.0,0.0
0.0,0.0,0.0,0.0
0.0,0.0,0.0,0.0
195.105,5.445,2.382,23.0
103.187,2.845,0.69,2.0
0.0,0.0,0.0,0.0
0.0,0.0,0.0,0.0
0.0,0.0,0.0,0.0
0.0,0.0,0.0,0.0
0.0,0.0,0.0,0.0
102.983,2.619,0.678,4.0
100.384,2.521,0.107,1.0
0.0,0.0,0.0,0.0
0.0,0.0,0.0,0.0
0.0,0.0,0.0,0.0
0.0,0.0,0.0,0.0
100.161,2.336,0.653,1.0
100.118,2.3,0.101,10.0
0.0,0.0,0.0,0.0
0.0,0.0,0.0,0.0
0.0,0.0,0.0,0.0
103.221,2.221,1.239,5.0
99.978,2.119,0.65,2.0
99.998,2.084,0.099,5.0
0.0,0.0,0.0,0.0
0.0,0.0,0.0,0.0
0.0,0.0,0.0,0.0
103.157,2.002,1.239,29.0
99.854,1.904,0.65,4.0
99.834,1.87,0.101,8.0
99.923,1.837,-0.457,1.0
58.866,1.062,-0.592,0.0
0.0,0.0,0.0,0.0
0.0,0.0,0.0,0.0
99.697,1.689,0.654,4.0
99.73,1.656,0.107,5.0
0.0,0.0,0.0,0.0
0.0,0.0,0.0,0.0
0.0,0.0,0.0,0.0
0.0,0.0,0.0,0.0
99.662,1.476,0.663,3.0
99.703,1.442,0.116,4.0
0.0,0.0,0.0,0.0
0.0,0.0,0.0,0.0
20.206,0.271,-0.31,4.0
20.302,0.264,0.248,10.0
20.308,0.257,0.137,1.0
99.588,1.227,0.129,5.0
0.0,0.0,0.0,0.0
20.207,0.234,-0.196,16.0
20.193,0.227,-0.307,27.0
20.297,0.22,0.252,29.0
20.317,0.214,0.141,30.0
20.333,0.207,0.029,30.0
20.206,0.198,-0.082,9.0
20.165,0.191,-0.192,17.0
20.175,0.184,-0.303,36.0
20.263,0.177,0.255,27.0
20.189,0.169,0.144,20.0
20.218,0.162,0.034,28.0
20.182,0.155,-0.078,26.0
20.18,0.148,-0.188,24.0
20.186,0.14,-0.298,30.0
20.175,0.133,0.259,29.0
20.158,0.126,0.148,26.0
20.192,0.119,0.038,37.0
20.188,0.111,-0.073,32.0
20.188,0.104,-0.183,27.0
20.213,0.097,-0.293,7.0
20.156,0.089,0.264,28.0
20.153,0.082,0.154,28.0
20.202,0.076,0.044,35.0
20.215,0.068,-0.067,28.0
20.218,0.061,-0.177,15.0
20.239,0.054,-0.287,4.0
20.133,0.046,0.27,29.0
20.139,0.039,0.16,27.0
20.243,0.032,0.051,67.0
20.251,0.025,-0.06,151.0
20.252,0.018,-0.171,151.0
20.242,0.011,-0.281,14.0
20.125,0.003,0.277,27.0
20.12,-0.003,0.167,28.0
20.134,-0.01,0.058,30.0
20.13,-0.017,-0.053,28.0
20.167,-0.024,-0.162,29.0
20.158,-0.031,-0.272,25.0
20.123,-0.038,0.284,31.0
20.117,-0.045,0.175,33.0
20.134,-0.052,0.066,41.0
20.138,-0.059,-0.045,29.0
20.141,-0.066,-0.154,37.0
20.137,-0.073,-0.263,36.0
20.123,-0.08,0.293,29.0
20.136,-0.087,0.184,26.0
20.128,-0.094,0.074,35.0
20.142,-0.101,-0.036,27.0
20.153,-0.109,-0.145,27.0
20.144,-0.116,-0.254,34.0
20.15,-0.122,0.302,17.0
20.156,-0.13,0.193,18.0
20.167,-0.137,0.084,12.0
20.178,-0.144,-0.026,10.0
20.164,-0.151,-0.135,13.0
20.162,-0.158,-0.245,20.0
64.368,-0.528,0.999,21.0
53.361,-0.456,0.539,5.0
53.37,-0.474,0.25,5.0
56.208,-0.52,-0.045,15.0
56.431,-0.541,-0.351,1.0
45.184,-0.449,-0.525,17.0
20.176,-0.207,0.323,17.0
20.174,-0.214,0.214,2.0
56.179,-0.616,0.294,2.0
56.217,-0.636,-0.014,1.0
56.604,-0.66,-0.321,2.0
45.628,-0.548,-0.505,5.0
20.136,-0.248,0.334,14.0
20.138,-0.255,0.225,11.0
20.15,-0.262,0.117,11.0
59.514,-0.796,0.018,77.0
56.549,-0.776,-0.287,1.0
52.817,-0.743,-0.553,9.0
20.15,-0.289,0.346,8.0
20.125,-0.296,0.237,10.0
20.108,-0.303,0.129,14.0
20.128,-0.31,0.018,35.0
59.556,-0.94,-0.265,3.0
52.785,-0.852,-0.519,15.0
176.631,-2.9,3.151,64.0
176.662,-2.963,2.2,16.0
20.128,-0.344,0.142,1.0
20.114,-0.351,0.031,15.0
52.976,-0.944,-0.201,40.0
45.563,-0.827,-0.418,15.0
191.894,-3.542,3.553,4.0
53.014,-0.997,0.696,20.0
52.933,-1.013,0.41,65.0
52.934,-1.031,0.12,64.0
45.608,-0.905,-0.141,14.0
38.372,-0.774,-0.325,23.0
38.402,-0.785,0.738,30.0
38.38,-0.798,0.531,48.0
38.384,-0.812,0.325,19.0
40.432,-0.869,0.121,19.0
40.423,-0.883,-0.095,31.0
40.417,-0.897,-0.312,40.0
40.41,-0.907,0.806,38.0
40.417,-0.921,0.589,40.0
40.409,-0.935,0.372,36.0
40.412,-0.948,0.151,35.0
40.416,-0.962,-0.065,30.0
0.0,0.0,0.0,0.0
0.0,0.0,0.0,0.0
38.758,-0.959,0.595,8.0
38.709,-0.971,0.386,34.0
38.681,-0.983,0.175,39.0
38.669,-0.996,-0.031,41.0
38.691,-1.01,-0.239,48.0
38.65,-1.019,0.831,63.0
38.657,-1.032,0.624,69.0
38.634,-1.044,0.417,65.0
38.63,-1.057,0.206,71.0
38.659,-1.071,0.0,82.0
38.658,-1.084,-0.206,83.0
38.641,-1.093,0.864,83.0
38.645,-1.106,0.657,96.0
38.637,-1.119,0.45,87.0
38.619,-1.13,0.239,69.0
38.632,-1.144,0.032,68.0
38.657,-1.157,-0.173,65.0
38.622,-1.165,0.896,74.0
38.632,-1.179,0.69,72.0
38.638,-1.191,0.483,63.0
38.662,-1.205,0.273,59.0
38.681,-1.219,0.067,57.0
38.7,-1.232,-0.139,55.0
38.663,-1.24,0.932,62.0
38.68,-1.253,0.726,37.0
38.765,-1.269,0.52,10.0
80.43,-2.658,0.642,15.0
80.46,-2.686,0.213,21.0
80.843,-2.727,-0.216,10.0
31.4,-1.066,0.786,4.0
151.131,-5.18,2.977,5.0
84.263,-2.916,1.211,26.0
80.432,-2.808,0.718,13.0
80.436,-2.835,0.29,24.0
81.152,-2.888,-0.139,32.0
31.298,-1.12,0.813,43.0
31.299,-1.131,0.647,47.0
31.296,-1.14,0.48,43.0
31.28,-1.15,0.31,48.0
31.271,-1.16,0.143,42.0
31.281,-1.17,-0.022,64.0
31.271,-1.176,0.844,60.0
31.271,-1.186,0.677,16.0
28.47,-1.088,0.464,50.0
28.456,-1.097,0.31,64.0
28.453,-1.106,0.158,64.0
28.452,-1.115,0.007,67.0
28.448,-1.12,0.796,98.0
28.442,-1.129,0.644,150.0
28.44,-1.138,0.493,151.0
28.441,-1.147,0.339,139.0
28.44,-1.156,0.188,113.0
28.436,-1.165,0.037,107.0
28.437,-1.171,0.826,106.0
28.436,-1.18,0.675,102.0
28.431,-1.188,0.523,81.0
28.435,-1.197,0.369,65.0
28.443,-1.206,0.218,63.0
28.455,-1.215,0.067,63.0
28.449,-1.221,0.856,47.0
31.32,-1.354,0.777,18.0
31.271,-1.361,0.609,27.0
31.227,-1.368,0.44,35.0
31.229,-1.378,0.274,35.0
31.237,-1.388,0.108,47.0
86.185,-3.846,2.69,14.0
85.135,-3.825,2.205,30.0
85.174,-3.852,1.755,13.0
31.332,-1.426,0.476,8.0
31.364,-1.437,0.31,7.0
31.285,-1.443,0.143,19.0
85.994,-3.983,2.781,22.0
84.964,-3.961,2.297,34.0
84.615,-3.968,1.839,42.0
83.218,-3.927,1.359,6.0
82.955,-3.94,0.916,31.0
68.703,-3.283,0.394,2.0
85.721,-4.113,2.871,39.0
84.883,-4.097,2.393,38.0
84.673,-4.111,1.939,37.0
86.077,-4.204,1.506,9.0
82.863,-4.071,1.011,16.0
67.409,-3.331,0.466,2.0
85.156,-4.224,2.953,35.0
84.717,-4.226,2.488,34.0
84.66,-4.248,2.039,45.0
86.038,-4.341,1.608,29.0
82.805,-4.201,1.11,22.0
0.0,0.0,0.0,0.0
84.993,-4.351,3.048,32.0
84.415,-4.345,2.581,32.0
84.687,-4.383,2.142,40.0
84.938,-4.42,1.691,39.0
0.0,0.0,0.0,0.0
0.0,0.0,0.0,0.0
83.586,-4.412,3.102,20.0
84.268,-4.471,2.681,36.0
84.104,-4.484,2.231,49.0
84.112,-4.508,1.779,39.0
0.0,0.0,0.0,0.0
65.806,-3.563,0.697,3.0
83.325,-4.526,3.196,39.0
83.187,-4.541,2.751,36.0
83.682,-4.589,2.325,57.0
83.574,-4.606,1.873,37.0
24.605,-1.362,0.421,2.0
24.598,-1.368,0.291,27.0
24.621,-1.374,0.975,2.0
24.586,-1.378,0.844,19.0
24.599,-1.385,0.714,19.0
24.585,-1.391,0.582,21.0
24.595,-1.398,0.452,38.0
24.572,-1.403,0.322,46.0
24.529,-1.405,1.003,38.0
24.545,-1.412,0.874,44.0
24.563,-1.419,0.745,62.0
24.565,-1.425,0.613,72.0
24.563,-1.431,0.484,63.0
24.548,-1.437,0.354,52.0
24.513,-1.439,1.035,44.0
24.5,-1.444,0.905,43.0
24.527,-1.452,0.776,57.0
24.551,-1.459,0.645,68.0
24.556,-1.466,0.516,74.0
24.54,-1.471,0.387,76.0
24.495,-1.472,1.067,40.0
24.466,-1.476,0.936,51.0
24.492,-1.484,0.808,66.0
24.526,-1.492,0.678,55.0
24.557,-1.5,0.549,81.0
24.534,-1.505,0.42,60.0
24.447,-1.503,1.098,53.0
24.462,-1.51,0.97,66.0
24.48,-1.516,0.841,59.0
24.519,-1.524,0.711,73.0
24.543,-1.532,0.582,78.0
24.538,-1.537,0.453,65.0
24.453,-1.536,1.132,38.0
24.438,-1.54,1.002,30.0
24.453,-1.547,0.874,64.0
24.507,-1.556,0.744,69.0
24.533,-1.563,0.616,58.0
24.543,-1.569,0.487,46.0
24.473,-1.569,1.167,57.0
24.474,-1.574,1.038,46.0
24.453,-1.578,0.908,68.0
24.498,-1.586,0.778,59.0
24.547,-1.595,0.651,60.0
24.57,-1.602,0.523,37.0
24.485,-1.6,1.202,68.0
24.465,-1.604,1.072,30.0
24.463,-1.609,0.943,52.0
24.457,-1.614,0.812,28.0
24.54,-1.625,0.686,26.0
24.586,-1.633,0.558,25.0
24.51,-1.632,1.238,47.0
24.487,-1.635,1.108,29.0
24.481,-1.64,0.978,21.0
24.507,-1.646,0.848,17.0
24.626,-1.659,0.723,23.0
82.766,-5.596,1.996,31.0
24.536,-1.662,1.274,28.0
24.576,-1.67,1.147,10.0
24.565,-1.674,1.017,29.0
24.573,-1.679,0.885,12.0
83.659,-5.733,2.575,34.0
82.631,-5.679,2.109,32.0
84.288,-5.806,4.498,17.0
83.64,-5.777,4.022,25.0
83.909,-5.811,3.594,18.0
24.578,-1.706,0.921,3.0
82.966,-5.777,2.673,44.0
82.547,-5.764,2.227,37.0
84.208,-5.894,4.616,32.0
83.458,-5.855,4.135,21.0
83.715,-5.889,3.708,42.0
82.905,-5.847,3.228,39.0
82.926,-5.863,2.793,41.0
82.712,-5.863,2.353,46.0
84.569,-6.008,4.76,26.0
83.68,-5.96,4.27,34.0
83.465,-5.958,3.819,40.0
82.751,-5.921,3.343,42.0
83.135,-5.963,2.922,39.0
82.923,-5.962,2.48,57.0
84.42,-6.084,4.877,39.0
83.66,-6.043,4.393,36.0
83.31,-6.031,3.935,35.0
82.833,-6.009,3.47,32.0
82.875,-6.026,3.036,47.0
82.834,-6.037,2.6,44.0
84.334,-6.16,4.997,35.0
84.004,-6.149,4.535,26.0
83.328,-6.112,4.061,37.0
83.161,-6.113,3.607,33.0
82.714,-6.092,3.152,37.0
82.868,-6.117,2.723,37.0
84.201,-6.23,5.115,39.0
83.865,-6.216,4.653,38.0
83.321,-6.188,4.184,39.0
83.433,-6.208,3.742,10.0
82.887,-6.18,3.283,36.0
82.665,-6.176,2.841,35.0
84.141,-6.3,5.237,32.0
83.857,-6.29,4.778,48.0
83.535,-6.277,4.32,42.0
85.976,-6.472,3.986,27.0
83.265,-6.28,3.422,29.0
82.601,-6.241,2.962,31.0
84.106,-6.369,5.361,26.0
83.701,-6.349,4.895,36.0
83.569,-6.35,4.448,51.0
83.652,-6.366,4.004,27.0
83.562,-6.37,3.561,25.0
82.452,-6.297,3.081,36.0
84.215,-6.446,5.496,13.0
84.194,-6.454,5.051,27.0
83.394,-6.402,4.564,40.0
83.308,-6.406,4.113,43.0
84.614,-6.516,3.733,19.0
82.385,-6.355,3.202,30.0
0.0,0.0,0.0,0.0
84.778,-6.562,5.214,19.0
83.572,-6.478,4.7,41.0
83.15,-6.455,4.23,40.0
84.428,-6.563,3.852,21.0
82.682,-6.437,3.337,32.0
86.036,-6.712,5.874,26.0
85.716,-6.696,5.401,29.0
83.585,-6.538,4.827,35.0
83.081,-6.507,4.351,41.0
83.952,-6.585,3.957,13.0
83.609,-6.566,3.502,31.0
60.321,-4.748,4.21,5.0
85.688,-6.752,5.529,40.0
83.696,-6.603,4.961,34.0
83.234,-6.574,4.487,35.0
83.206,-6.58,4.047,31.0
83.84,-6.638,3.637,30.0
117.749,-9.343,8.399,25.0
85.948,-6.827,5.677,28.0
0.0,0.0,0.0,0.0
83.383,-6.637,4.62,42.0
83.052,-6.617,4.166,37.0
83.785,-6.683,3.762,30.0
54.058,-4.322,3.938,8.0
86.089,-6.888,5.817,29.0
85.609,-6.856,5.333,18.0
83.57,-6.699,4.758,46.0
83.054,-6.665,4.291,35.0
83.304,-6.691,3.866,36.0
60.488,-4.869,4.498,6.0
86.378,-6.959,5.967,17.0
85.703,-6.909,5.468,35.0
83.638,-6.749,4.887,39.0
83.229,-6.721,4.424,37.0
83.208,-6.725,3.986,36.0
54.142,-4.386,4.107,1.0
117.523,-9.526,8.294,9.0
85.718,-6.952,5.597,36.0
83.608,-6.786,5.009,21.0
83.453,-6.778,4.561,43.0
83.221,-6.764,4.11,34.0
121.361,-9.888,9.39,8.0
116.178,-9.469,8.374,10.0
85.898,-7.005,5.738,20.0
86.782,-7.082,5.33,18.0
83.615,-6.828,4.695,39.0
83.303,-6.807,4.239,37.0
115.431,-9.453,9.104,12.0
115.371,-9.452,8.489,11.0
86.168,-7.062,5.885,16.0
86.162,-7.065,5.42,17.0
83.664,-6.864,4.822,40.0
83.441,-6.848,4.369,41.0
115.387,-9.493,9.273,14.0
60.524,-4.981,4.544,7.0
60.282,-4.963,4.206,4.0
86.031,-7.084,5.54,20.0
83.608,-6.887,4.943,37.0
83.685,-6.897,4.507,35.0
24.624,-2.034,2.016,4.0
60.558,-5.003,4.636,5.0
115.553,-9.549,8.235,14.0
85.906,-7.101,5.66,23.0
83.695,-6.919,5.072,13.0
83.728,-6.924,4.632,37.0
24.626,-2.041,2.052,38.0
121.294,-10.055,9.465,12.0
115.395,-9.567,8.394,16.0
85.856,-7.119,5.781,18.0
86.407,-7.166,5.362,18.0
83.722,-6.945,4.753,33.0
24.613,-2.046,2.087,55.0
121.061,-10.065,9.625,19.0
118.128,-9.821,8.764,7.0
60.24,-5.008,4.144,4.0
86.612,-7.201,5.5,25.0
83.716,-6.961,4.874,27.0
24.609,-2.051,2.123,49.0
120.881,-10.075,9.786,19.0
60.504,-5.041,4.577,5.0
115.487,-9.622,8.112,11.0
86.238,-7.185,5.601,16.0
83.759,-6.978,4.998,12.0
24.586,-2.053,2.157,30.0
24.611,-2.055,2.028,15.0
60.551,-5.054,4.668,6.0
115.312,-9.623,8.266,16.0
85.844,-7.163,5.698,17.0
86.27,-7.198,5.27,20.0
24.624,-2.059,2.195,22.0
24.613,-2.057,2.063,42.0
121.284,-10.136,9.522,13.0
118.042,-9.862,8.628,7.0
85.782,-7.165,5.815,12.0
86.607,-7.232,5.412,19.0
24.642,-2.062,2.232,3.0
24.604,-2.058,2.097,48.0
120.945,-10.114,9.666,20.0
118.113,-9.874,8.799,16.0
60.24,-5.034,4.167,4.0
86.707,-7.243,5.54,27.0
58.938,-4.935,5.421,5.0
24.584,-2.057,2.13,31.0
24.622,-2.059,2.002,1.0
60.54,-5.061,4.595,5.0
115.462,-9.649,8.149,17.0
86.113,-7.193,5.621,18.0
46.474,-3.891,4.34,4.0
24.593,-2.057,2.165,28.0
24.611,-2.058,2.035,22.0
60.543,-5.06,4.678,5.0
115.334,-9.632,8.3,15.0
85.864,-7.167,5.723,16.0
60.917,-5.097,5.773,1.0
24.607,-2.057,2.2,15.0
24.618,-2.057,2.069,45.0
121.235,-10.123,9.533,14.0
118.005,-9.846,8.65,7.0
85.773,-7.152,5.832,12.0
23.881,-1.996,2.295,1.0
24.607,-2.055,2.233,1.0
24.589,-2.052,2.1,53.0
120.925,-10.083,9.671,20.0
118.114,-9.84,8.816,11.0
60.225,-5.013,4.174,4.0
23.864,-1.991,2.326,14.0
46.52,-3.879,4.284,3.0
24.597,-2.048,2.133,34.0
24.633,-2.049,2.002,2.0
60.545,-5.034,4.599,7.0
115.525,-9.598,8.16,12.0
23.832,-1.984,2.354,27.0
23.891,-1.987,2.232,2.0
24.503,-2.036,2.157,22.0
24.602,-2.042,2.032,24.0
115.454,-9.575,8.922,5.0
115.369,-9.559,8.3,15.0
23.837,-1.98,2.386,59.0
23.883,-1.981,2.262,18.0
24.37,-2.019,2.177,5.0
24.6,-2.036,2.064,39.0
115.416,-9.543,9.066,6.0
115.358,-9.529,8.446,18.0
23.839,-1.974,2.417,70.0
23.883,-1.975,2.293,41.0
23.923,-1.976,2.168,13.0
24.159,-1.992,2.057,18.0
115.383,-9.507,9.208,11.0
60.541,-4.983,4.507,6.0
23.819,-1.965,2.445,49.0
23.875,-1.967,2.322,55.0
23.917,-1.968,2.197,32.0
23.955,-1.968,2.069,22.0
24.594,-2.018,1.993,2.0
60.539,-4.962,4.581,6.0
23.816,-1.957,2.474,41.0
23.853,-1.957,2.349,60.0
23.894,-1.957,2.224,52.0
23.949,-1.959,2.098,35.0
24.263,-1.982,1.995,14.0
119.518,-9.752,9.187,5.0
23.823,-1.948,2.503,42.0
23.845,-1.947,2.376,65.0
23.881,-1.947,2.251,63.0
23.92,-1.947,2.124,50.0
23.995,-1.95,2.001,26.0
121.302,-9.848,9.467,16.0
23.838,-1.94,2.533,37.0
23.837,-1.936,2.404,59.0
23.878,-1.937,2.279,66.0
23.914,-1.936,2.151,57.0
23.973,-1.938,2.027,40.0
120.894,-9.76,9.573,20.0
23.827,-1.928,2.559,4.0
23.841,-1.926,2.431,53.0
23.875,-1.925,2.306,57.0
23.907,-1.924,2.177,56.0
23.955,-1.925,2.053,55.0
24.093,-1.933,1.935,2.0
52.61,-4.232,5.711,4.0
23.842,-1.914,2.458,28.0
23.88,-1.914,2.333,41.0
23.91,-1.913,2.204,51.0
23.952,-1.913,2.078,52.0
24.024,-1.915,1.955,12.0
112.422,-8.986,12.326,23.0
23.832,-1.901,2.483,2.0
23.873,-1.9,2.358,19.0
23.904,-1.899,2.229,37.0
23.946,-1.899,2.103,45.0
23.991,-1.899,1.978,22.0
30.886,-2.451,3.419,11.0
47.094,-3.729,4.957,13.0
23.858,-1.885,2.381,3.0
23.903,-1.885,2.254,16.0
23.928,-1.883,2.126,27.0
23.989,-1.885,2.002,30.0
30.902,-2.434,3.453,37.0
39.056,-3.07,4.151,5.0
47.61,-3.734,4.802,1.0
47.127,-3.688,4.492,2.0
23.964,-1.871,2.154,18.0
23.976,-1.869,2.025,24.0
46.096,-3.601,5.198,9.0
112.584,-8.778,12.079,18.0
54.022,-4.202,5.501,4.0
111.686,-8.668,10.756,18.0
46.521,-3.603,4.227,5.0
23.996,-1.854,2.05,24.0
39.087,-3.028,4.445,3.0
30.921,-2.389,3.348,15.0
47.295,-3.647,4.862,4.0
58.066,-4.467,5.647,5.0
111.58,-8.565,10.245,16.0
24.046,-1.841,2.077,15.0
36.864,-2.83,4.227,6.0
30.924,-2.368,3.377,36.0
47.329,-3.616,4.909,14.0
58.921,-4.491,5.784,6.0
47.274,-3.595,4.383,9.0
24.059,-1.825,2.1,2.0
36.891,-2.805,4.264,16.0
45.993,-3.488,5.064,5.0
39.007,-2.951,4.081,10.0
59.251,-4.472,5.869,5.0
47.045,-3.542,4.403,6.0
112.777,-8.471,9.941,9.0
46.159,-3.475,5.376,3.0
30.381,-2.281,3.371,3.0
39.056,-2.925,4.119,3.0
52.46,-3.919,5.24,2.0
58.999,-4.396,5.571,3.0
46.512,-3.457,4.138,5.0
112.683,-8.393,13.218,28.0
30.405,-2.258,3.399,5.0
30.971,-2.294,3.292,22.0
47.68,-3.523,4.802,3.0
59.074,-4.354,5.626,8.0
46.511,-3.419,4.175,3.0
30.41,-2.24,3.591,18.0
30.411,-2.234,3.424,24.0
36.268,-2.656,3.884,2.0
31.017,-2.265,3.148,2.0
59.758,-4.353,5.737,6.0
24.92,-1.81,2.256,4.0
30.411,-2.214,3.615,91.0
30.419,-2.208,3.448,68.0
30.42,-2.202,3.28,4.0
30.974,-2.236,3.166,46.0
111.38,-8.017,10.776,16.0
24.898,-1.787,2.272,17.0
30.407,-2.187,3.636,29.0
30.426,-2.182,3.47,66.0
30.41,-2.174,3.301,36.0
38.969,-2.778,4.011,8.0
30.991,-2.203,3.019,2.0
24.888,-1.764,2.288,27.0
32.073,-2.277,3.858,18.0
36.855,-2.609,4.229,4.0
30.419,-2.146,3.322,60.0
38.96,-2.741,4.036,11.0
24.982,-1.752,2.45,26.0
24.92,-1.743,2.307,32.0
32.078,-2.247,3.88,15.0
53.42,-3.731,6.165,9.0
30.41,-2.117,3.341,36.0
25.002,-1.735,2.606,16.0
24.99,-1.729,2.467,59.0
24.954,-1.721,2.326,32.0
32.075,-2.216,3.899,21.0
32.026,-2.206,3.715,9.0
36.963,-2.538,4.083,5.0
25.031,-1.713,2.624,52.0
24.996,-1.705,2.482,58.0
24.976,-1.699,2.342,27.0
32.069,-2.184,3.917,19.0
32.003,-2.173,3.73,38.0
25.019,-1.693,2.777,0.0
25.023,-1.687,2.636,55.0
24.997,-1.68,2.495,26.0
31.059,-2.081,2.929,6.0
31.979,-2.146,3.923,34.0
31.945,-2.136,3.741,42.0
30.282,-2.018,3.377,4.0
25.02,-1.662,2.649,31.0
52.519,-3.476,5.269,4.0
53.057,-3.5,5.03,3.0
31.982,-2.113,3.939,66.0
31.947,-2.103,3.756,72.0
30.236,-1.983,3.387,36.0
30.4,-1.987,3.233,22.0
30.472,-1.985,3.071,33.0
45.234,-2.936,4.309,2.0
0.0,0.0,0.0,0.0
0.0,0.0,0.0,0.0
30.227,-1.951,3.399,34.0
30.378,-1.953,3.243,37.0
30.452,-1.951,3.082,53.0
47.56,-3.037,4.55,5.0
31.982,-2.044,3.966,2.0
30.165,-1.921,3.572,17.0
30.261,-1.92,3.414,3.0
30.39,-1.921,3.256,53.0
30.465,-1.918,3.095,57.0
47.528,-2.982,4.564,5.0
38.267,-2.403,4.76,4.0
30.116,-1.884,3.577,39.0
25.182,-1.569,2.85,22.0
30.405,-1.888,3.268,20.0
30.459,-1.884,3.104,53.0
47.518,-2.929,4.578,10.0
30.035,-1.853,3.746,43.0
30.099,-1.849,3.585,38.0
25.218,-1.543,2.862,26.0
31.714,-1.934,3.418,47.0
30.458,-1.85,3.113,39.0
30.49,-1.845,2.946,16.0
30.042,-1.819,3.755,60.0
30.123,-1.816,3.596,5.0
25.223,-1.515,2.869,27.0
31.733,-1.898,3.429,58.0
30.892,-1.841,3.165,40.0
30.49,-1.81,2.953,21.0
36.914,-2.192,4.623,4.0
33.506,-1.982,4.007,1.0
25.255,-1.488,2.878,31.0
31.751,-1.862,3.437,43.0
31.247,-1.826,3.207,40.0
30.5,-1.775,2.96,39.0
36.889,-2.148,4.627,11.0
33.352,-1.934,3.995,5.0
25.272,-1.459,2.884,19.0
37.04,-2.13,4.016,9.0
31.671,-1.814,3.256,47.0
30.52,-1.741,2.967,49.0
38.8,-2.214,4.872,15.0
33.414,-1.898,4.007,10.0
25.363,-1.435,2.898,20.0
46.104,-2.597,5.004,8.0
31.694,-1.777,3.262,15.0
30.526,-1.705,2.971,53.0
38.457,-2.148,4.833,46.0
33.489,-1.862,4.019,2.0
25.425,-1.408,2.907,10.0
46.136,-2.543,5.011,9.0
46.116,-2.531,4.75,11.0
30.517,-1.668,2.972,36.0
46.535,-2.543,5.851,7.0
36.965,-2.011,4.438,3.0
25.5,-1.381,2.917,1.0
39.833,-2.148,4.328,7.0
51.555,-2.767,5.311,6.0
24.07,-1.286,2.344,42.0
25.527,-1.364,3.21,13.0
25.454,-1.354,3.056,27.0
42.478,-2.249,4.859,3.0
36.836,-1.941,4.002,7.0
23.985,-1.258,2.47,24.0
24.071,-1.257,2.344,70.0
25.519,-1.332,3.208,59.0
25.484,-1.324,3.058,25.0
38.556,-1.994,4.409,51.0
23.901,-1.23,2.595,28.0
24.002,-1.229,2.47,40.0
24.072,-1.227,2.342,38.0
25.521,-1.3,3.206,14.0
33.777,-1.713,4.051,1.0
23.819,-1.202,2.721,22.0
23.864,-1.198,2.589,28.0
24.004,-1.2,2.468,41.0
38.762,-1.929,3.767,5.0
39.857,-1.981,5.002,3.0
23.747,-1.174,2.845,25.0
23.813,-1.172,2.717,47.0
23.885,-1.17,2.587,37.0
38.675,-1.884,3.971,13.0
38.729,-1.878,3.758,16.0
23.721,-1.149,2.973,3.0
23.689,-1.142,2.834,20.0
23.813,-1.142,2.713,49.0
46.362,-2.212,5.014,6.0
46.316,-2.199,4.747,18.0
46.288,-2.187,4.482,12.0
23.715,-1.119,2.967,59.0
23.701,-1.112,2.83,27.0
23.815,-1.112,2.708,11.0
59.95,-2.786,6.47,28.0
0.0,0.0,0.0,0.0
46.307,-2.13,4.472,27.0
23.831,-1.094,2.975,38.0
23.739,-1.084,2.828,24.0
39.869,-1.811,4.522,2.0
52.097,-2.355,5.607,16.0
46.291,-2.081,4.719,9.0
24.683,-1.104,2.376,4.0
23.846,-1.064,2.97,22.0
33.769,-1.499,4.013,2.0
43.025,-1.9,4.867,0.0
31.846,-1.399,3.417,5.0
24.666,-1.077,2.506,16.0
24.649,-1.071,2.364,57.0
37.381,-1.621,4.643,2.0
33.744,-1.455,3.997,1.0
42.983,-1.843,4.846,1.0
31.778,-1.355,3.398,18.0
24.663,-1.046,2.497,47.0
24.656,-1.04,2.356,76.0
39.237,-1.651,4.858,4.0
28.425,-1.189,3.356,5.0
28.414,-1.182,3.192,39.0
24.709,-1.022,2.632,22.0
24.653,-1.014,2.485,61.0
24.661,-1.009,2.345,45.0
28.405,-1.159,3.504,56.0
28.398,-1.151,3.34,85.0
28.392,-1.144,3.176,106.0
24.72,-0.991,2.621,43.0
24.676,-0.983,2.476,48.0
28.41,-1.126,2.688,101.0
28.399,-1.122,3.489,102.0
28.395,-1.115,3.325,102.0
28.385,-1.108,3.161,22.0
24.713,-0.959,2.608,42.0
24.663,-0.951,2.462,28.0
28.421,-1.09,2.675,62.0
28.414,-1.086,3.476,63.0
28.399,-1.079,3.31,35.0
24.793,-0.936,2.748,39.0
24.727,-0.928,2.596,36.0
37.186,-1.388,3.691,66.0
37.275,-1.383,3.487,17.0
32.244,-1.192,3.926,34.0
32.06,-1.178,3.719,8.0
24.812,-0.906,2.735,36.0
24.747,-0.898,2.583,5.0
37.196,-1.342,3.67,24.0
37.277,-1.336,3.464,31.0
0.0,0.0,0.0,0.0
24.914,-0.883,2.874,17.0
24.835,-0.875,2.722,39.0
43.752,-1.532,4.539,9.0
48.907,-1.702,4.794,3.0
28.376,-0.981,2.619,50.0
43.645,-1.502,5.257,18.0
24.887,-0.851,2.854,24.0
24.858,-0.844,2.707,9.0
47.944,-1.619,4.941,3.0
42.752,-1.434,4.161,4.0
28.372,-0.945,2.598,64.0
44.314,-1.469,5.306,11.0
24.883,-0.819,2.836,40.0
44.217,-1.446,4.784,4.0
47.813,-1.554,4.893,3.0
43.362,-1.4,4.188,17.0
28.368,-0.91,2.577,66.0
25.101,-0.8,2.986,26.0
24.851,-0.787,2.813,66.0
40.107,-1.261,4.308,3.0
54.969,-1.718,5.582,20.0
0.0,0.0,0.0,0.0
28.363,-0.874,2.554,70.0
25.123,-0.769,2.969,24.0
24.858,-0.756,2.793,31.0
44.45,-1.343,4.738,67.0
42.61,-1.278,4.292,6.0
0.0,0.0,0.0,0.0
28.361,-0.839,2.53,75.0
24.951,-0.733,2.927,15.0
40.049,-1.168,4.467,7.0
57.263,-1.659,6.055,6.0
44.481,-1.28,4.442,48.0
47.145,-1.346,4.437,6.0
28.364,-0.804,2.506,87.0
24.829,-0.699,2.891,44.0
41.125,-1.149,4.55,3.0
52.47,-1.456,5.501,9.0
50.553,-1.392,5.003,4.0
47.139,-1.289,4.393,4.0
28.361,-0.77,2.48,70.0
24.84,-0.669,2.869,47.0
41.002,-1.096,4.498,7.0
47.305,-1.255,4.915,4.0
47.134,-1.241,4.62,16.0
28.358,-0.741,2.615,68.0
28.369,-0.736,2.453,79.0
44.659,-1.149,5.115,3.0
0.0,0.0,0.0,0.0
51.735,-1.31,5.324,9.0
51.774,-1.301,5.023,17.0
28.347,-0.707,2.586,73.0
28.367,-0.702,2.425,77.0
44.167,-1.083,5.013,39.0
51.715,-1.259,5.569,8.0
61.658,-1.489,6.283,10.0
31.47,-0.754,3.021,1.0
28.349,-0.674,2.557,76.0
28.363,-0.669,2.395,77.0
44.59,-1.041,5.014,19.0
44.628,-1.033,4.758,66.0
44.524,-1.023,4.489,21.0
31.448,-0.716,2.985,48.0
28.347,-0.64,2.527,77.0
28.359,-0.635,2.364,73.0
40.596,-0.9,4.52,7.0
44.645,-0.982,4.711,7.0
31.486,-0.686,3.139,34.0
28.341,-0.613,2.658,49.0
28.348,-0.608,2.495,84.0
28.359,-0.602,2.332,72.0
51.84,-1.089,5.712,4.0
44.44,-0.926,4.638,20.0
31.486,-0.65,3.103,38.0
28.34,-0.58,2.625,74.0
28.347,-0.575,2.462,78.0
28.346,-0.57,2.298,68.0
40.384,-0.803,4.402,11.0
31.593,-0.622,3.26,36.0
37.746,-0.737,3.675,6.0
28.32,-0.548,2.59,18.0
28.341,-0.543,2.427,49.0
28.358,-0.539,2.264,69.0
31.76,-0.595,3.423,6.0
31.611,-0.587,3.223,15.0
37.704,-0.694,3.624,57.0
47.782,-0.871,4.31,4.0
31.308,-0.565,2.642,65.0
61.555,-1.102,4.839,0.0
31.714,-0.559,3.378,36.0
57.696,-1.008,5.808,5.0
37.734,-0.653,3.578,34.0
40.423,-0.693,3.594,10.0
31.31,-0.531,2.602,26.0
54.141,-0.91,4.186,19.0
31.739,-0.525,3.339,22.0
37.646,-0.617,3.741,65.0
28.301,-0.459,2.647,7.0
31.229,-0.502,2.736,39.0
38.573,-0.614,3.156,38.0
38.639,-0.608,2.937,27.0
37.635,-0.583,3.909,64.0
37.681,-0.578,3.694,20.0
54.345,-0.825,5.01,4.0
31.222,-0.469,2.693,44.0
38.563,-0.573,3.102,61.0
38.651,-0.569,2.886,81.0
37.65,-0.544,3.858,5.0
54.923,-0.785,5.307,6.0
31.174,-0.441,2.831,7.0
38.547,-0.539,3.272,25.0
38.611,-0.534,3.052,38.0
38.643,-0.529,2.831,72.0
54.627,-0.733,5.521,4.0
54.246,-0.72,5.165,56.0
31.192,-0.409,2.788,48.0
38.544,-0.5,3.216,67.0
46.926,-0.602,3.643,7.0
38.654,-0.491,2.776,54.0
54.758,-0.681,5.455,9.0
54.362,-0.668,5.098,5.0
38.626,-0.469,3.396,8.0
47.018,-0.564,3.855,38.0
46.803,-0.555,3.565,30.0
60.785,-0.713,4.278,10.0
54.625,-0.626,5.36,22.0
31.138,-0.352,2.874,35.0
38.588,-0.432,3.336,58.0
51.538,-0.569,4.149,11.0
44.579,-0.486,3.329,61.0
52.308,-0.563,3.603,50.0
47.245,-0.497,4.565,29.0
31.147,-0.323,2.827,41.0
51.437,-0.526,4.367,20.0
52.047,-0.526,4.111,10.0
38.665,-0.386,2.828,37.0
64.329,-0.633,4.331,34.0
47.022,-0.451,4.47,27.0
38.675,-0.365,3.45,45.0
52.122,-0.486,4.344,6.0
44.596,-0.41,3.452,36.0
52.323,-0.474,3.746,57.0
52.744,-0.471,3.469,60.0
31.09,-0.27,2.906,43.0
38.557,-0.33,3.378,53.0
52.338,-0.441,4.279,12.0
52.33,-0.435,3.968,23.0
52.712,-0.432,3.689,88.0
52.78,-0.426,3.387,43.0
38.77,-0.303,3.561,8.0
44.641,-0.343,3.838,5.0
46.83,-0.354,3.752,9.0
38.614,-0.287,2.864,46.0
104.125,-0.764,7.118,24.0
104.16,-0.752,6.514,9.0
51.307,-0.357,4.627,14.0
0.0,0.0,0.0,0.0
43.827,-0.295,3.439,18.0
58.326,-0.386,4.23,28.0
53.236,-0.346,3.55,53.0
45.595,-0.292,2.775,5.0
38.564,-0.237,3.413,22.0
46.855,-0.283,3.872,4.0
38.585,-0.229,2.962,40.0
58.341,-0.339,4.133,74.0
58.482,-0.334,3.802,44.0
45.574,-0.255,2.697,79.0
40.422,-0.216,3.508,2.0
38.53,-0.202,3.117,5.0
52.717,-0.271,3.957,21.0
53.319,-0.269,3.685,40.0
58.538,-0.29,3.704,23.0
45.913,-0.222,2.638,57.0
57.915,-0.266,4.925,14.0
38.547,-0.173,3.052,53.0
53.537,-0.235,3.926,10.0
53.319,-0.23,3.593,20.0
45.531,-0.191,2.802,71.0
58.872,-0.242,3.28,46.0
57.2,-0.221,4.764,6.0
52.679,-0.199,4.078,12.0
53.498,-0.197,3.828,32.0
45.549,-0.163,2.989,18.0
45.793,-0.16,2.737,49.0
58.536,-0.199,3.158,75.0
43.062,-0.136,3.509,9.0
53.621,-0.165,4.055,27.0
53.504,-0.16,3.733,7.0
45.502,-0.132,2.903,71.0
46.13,-0.13,2.674,44.0
58.473,-0.16,3.049,20.0
38.559,-0.097,3.072,31.0
53.609,-0.13,3.957,26.0
45.548,-0.107,3.095,10.0
45.545,-0.103,2.823,31.0
59.92,-0.131,3.364,40.0
59.267,-0.124,2.982,52.0
53.281,-0.1,4.147,57.0
102.093,-0.184,7.346,9.0
45.471,-0.078,3.006,66.0
46.118,-0.076,2.774,43.0
59.23,-0.093,3.217,36.0
58.335,-0.087,2.828,150.0
66.653,-0.085,5.065,10.0
66.675,-0.08,4.675,16.0
45.504,-0.052,2.924,43.0
46.123,-0.049,2.689,31.0
59.187,-0.059,3.104,32.0
58.22,-0.053,2.714,255.0
66.599,-0.047,4.934,1.0
45.477,-0.029,3.102,55.0
58.698,-0.034,3.66,20.0
59.924,-0.03,3.38,29.0
59.328,-0.026,2.999,25.0
58.276,-0.022,2.605,12.0
68.266,-0.012,4.927,25.0
45.469,-0.005,3.015,37.0
46.11,-0.002,2.787,51.0
59.864,0.0,3.262,34.0
66.785,0.004,3.248,29.0
20.116,0.002,0.861,29.0
45.516,0.014,3.196,46.0
58.671,0.022,3.777,47.0
46.121,0.02,2.698,14.0
59.345,0.028,3.119,47.0
66.769,0.036,3.119,11.0
20.1,0.011,0.821,25.0
45.497,0.035,3.107,63.0
58.653,0.048,3.662,26.0
59.954,0.053,3.392,43.0
66.753,0.062,3.378,44.0
20.099,0.019,0.899,15.0
20.095,0.02,0.782,26.0
58.669,0.071,3.892,54.0
46.125,0.058,2.788,51.0
59.54,0.077,3.251,45.0
66.755,0.09,3.247,50.0
20.097,0.028,0.86,25.0
20.108,0.028,0.742,29.0
58.662,0.094,3.774,12.0
60.005,0.099,3.509,33.0
66.67,0.112,3.507,39.0
20.132,0.034,0.939,5.0
20.1,0.035,0.82,25.0
20.127,0.036,0.703,32.0
60.151,0.118,3.75,13.0
59.838,0.12,3.379,34.0
66.772,0.136,3.378,38.0
20.085,0.041,0.896,15.0
20.093,0.042,0.779,21.0
20.196,0.043,0.665,35.0
46.155,0.106,2.783,55.0
59.397,0.138,3.233,30.0
66.99,0.158,3.255,46.0
20.112,0.048,0.857,24.0
20.111,0.048,0.739,30.0
20.198,0.049,0.624,26.0
46.201,0.119,2.692,4.0
66.782,0.174,3.5,40.0
20.126,0.053,0.936,6.0
20.082,0.053,0.815,20.0
20.158,0.054,0.7,25.0
20.19,0.054,0.583,34.0
59.431,0.168,3.343,26.0
66.937,0.191,3.372,33.0
20.107,0.057,0.895,14.0
20.117,0.058,0.775,22.0
20.212,0.058,0.661,28.0
20.169,0.059,0.541,23.0
66.837,0.204,3.621,22.0
66.353,0.204,3.205,21.0
20.129,0.062,0.854,21.0
20.127,0.062,0.734,29.0
20.196,0.062,0.619,24.0
20.158,0.062,0.499,24.0
66.815,0.216,3.481,48.0
20.137,0.065,0.931,8.0
20.127,0.065,0.812,22.0
20.187,0.065,0.694,22.0
20.181,0.066,0.576,28.0
20.155,0.066,0.458,30.0
104.524,0.353,5.23,22.0
20.105,0.068,0.888,15.0
20.121,0.068,0.77,25.0
20.192,0.068,0.653,20.0
20.169,0.068,0.534,22.0
20.158,0.068,0.416,30.0
66.067,0.23,3.168,14.0
20.119,0.07,0.847,20.0
20.146,0.07,0.73,30.0
20.19,0.07,0.611,23.0
20.148,0.07,0.492,23.0
20.142,0.069,0.374,26.0
20.134,0.071,0.923,10.0
20.132,0.071,0.805,22.0
20.188,0.071,0.689,17.0
20.174,0.071,0.569,28.0
20.146,0.071,0.45,28.0
20.137,0.07,0.331,25.0
20.12,0.072,0.88,17.0
20.147,0.072,0.763,28.0
20.199,0.071,0.647,18.0
20.162,0.071,0.525,22.0
20.149,0.071,0.407,27.0
20.146,0.07,0.289,25.0
20.125,0.072,0.838,23.0
20.156,0.071,0.721,27.0
20.196,0.071,0.604,24.0
20.153,0.071,0.483,26.0
20.132,0.07,0.364,26.0
20.147,0.07,0.246,26.0
20.134,0.071,0.796,24.0
20.207,0.07,0.68,18.0
20.18,0.07,0.561,27.0
20.144,0.069,0.44,29.0
20.153,0.069,0.322,25.0
20.145,0.068,0.204,27.0
20.142,0.069,0.753,32.0
20.206,0.069,0.637,20.0
20.169,0.068,0.518,22.0
20.137,0.067,0.397,27.0
20.148,0.067,0.279,25.0
20.145,0.066,0.161,28.0
20.18,0.067,0.711,26.0
20.188,0.066,0.593,28.0
20.138,0.065,0.474,27.0
20.141,0.065,0.354,27.0
20.148,0.064,0.236,27.0
20.144,0.063,0.118,28.0
20.217,0.064,0.67,29.0
20.179,0.063,0.55,23.0
20.144,0.062,0.431,29.0
20.138,0.061,0.311,25.0
20.144,0.06,0.193,29.0
20.197,0.06,0.076,25.0
20.199,0.06,0.626,26.0
20.15,0.059,0.506,24.0
20.143,0.058,0.388,26.0
20.139,0.057,0.268,26.0
20.139,0.056,0.151,26.0
20.217,0.055,0.033,29.0
20.183,0.055,0.582,32.0
20.137,0.054,0.463,28.0
20.137,0.053,0.346,27.0
20.139,0.052,0.226,28.0
20.144,0.051,0.108,27.0
20.209,0.05,-0.009,23.0
20.164,0.049,0.539,27.0
20.144,0.048,0.421,29.0
20.14,0.047,0.303,27.0
20.133,0.046,0.183,27.0
20.181,0.045,0.066,17.0
20.236,0.044,-0.052,8.0
20.151,0.043,0.496,28.0
20.138,0.042,0.378,26.0
20.132,0.041,0.26,27.0
20.143,0.04,0.14,27.0
20.271,0.039,0.023,8.0
20.249,0.037,-0.095,32.0
20.143,0.036,0.453,29.0
20.143,0.035,0.335,28.0
20.128,0.034,0.217,26.0
20.145,0.032,0.097,26.0
20.277,0.031,-0.02,70.0
20.258,0.03,-0.138,117.0
20.137,0.028,0.41,28.0
20.135,0.027,0.292,28.0
20.141,0.026,0.174,26.0
20.221,0.024,0.055,27.0
20.259,0.023,-0.063,151.0
20.261,0.021,-0.181,150.0
20.147,0.02,0.367,26.0
20.144,0.018,0.25,26.0
20.145,0.017,0.132,27.0
20.253,0.015,0.012,152.0
20.253,0.014,-0.106,151.0
20.257,0.012,-0.224,150.0
20.131,0.011,0.325,27.0
20.127,0.009,0.207,27.0
20.139,0.007,0.089,33.0
20.236,0.006,-0.029,152.0
20.26,0.004,-0.148,150.0
20.269,0.002,-0.267,67.0
20.127,0.001,0.283,28.0
20.124,0.0,0.165,27.0
20.243,-0.002,0.047,29.0
20.235,-0.004,-0.072,27.0
20.236,-0.005,-0.19,8.0
20.249,-0.007,-0.309,2.0
20.124,-0.009,0.24,27.0
20.122,-0.011,0.123,32.0
20.153,-0.013,0.005,11.0
20.156,-0.015,-0.114,18.0
20.164,-0.017,-0.232,6.0
0.0,0.0,0.0,0.0
20.123,-0.02,0.199,33.0
20.122,-0.022,0.082,34.0
20.133,-0.024,-0.035,23.0
20.167,-0.026,-0.155,24.0
20.156,-0.028,-0.272,17.0
39.443,-0.059,-0.764,0.0
20.124,-0.032,0.158,32.0
20.143,-0.035,0.04,37.0
20.151,-0.037,-0.076,29.0
20.135,-0.039,-0.196,13.0
20.166,-0.041,-0.314,19.0
37.652,-0.081,-0.807,2.0
20.125,-0.045,0.117,42.0
20.129,-0.048,0.0,36.0
20.14,-0.05,-0.118,29.0
20.148,-0.052,-0.237,24.0
20.162,-0.054,-0.355,17.0
20.176,-0.056,-0.474,0.0
20.141,-0.059,0.076,45.0
20.138,-0.061,-0.041,30.0
20.142,-0.063,-0.159,33.0
20.139,-0.066,-0.279,27.0
20.17,-0.068,-0.397,24.0
33.149,-0.116,-0.846,6.0
27.424,-0.529,-0.762,3.0
23.385,-0.455,-0.786,2.0
22.872,-0.45,-0.901,0.0
0.0,0.0,0.0,0.0
0.0,0.0,0.0,0.0
16.668,-0.338,-0.949,0.0
26.378,-0.54,-0.776,1.0
22.382,-0.463,-0.788,2.0
21.964,-0.459,-0.901,1.0
21.817,-0.46,-1.024,0.0
0.0,0.0,0.0,0.0
16.269,-0.35,-0.953,0.0
24.429,-0.531,-0.757,4.0
21.602,-0.474,-0.795,1.0
21.291,-0.471,-0.907,0.0
21.176,-0.473,-1.027,0.0
17.133,-0.386,-0.93,0.0
15.712,-0.357,-0.945,0.0
23.787,-0.546,-0.774,9.0
20.902,-0.485,-0.802,1.0
20.735,-0.485,-0.916,1.0
20.776,-0.49,-1.04,0.0
17.002,-0.405,-0.95,2.0
15.469,-0.371,-0.954,0.0
23.258,-0.564,-0.793,3.0
20.265,-0.496,-0.808,1.0
20.16,-0.498,-0.921,0.0
18.409,-0.458,-0.95,0.0
16.636,-0.418,-0.955,1.0
14.955,-0.379,-0.945,0.0
21.975,-0.562,-0.782,0.0
19.724,-0.508,-0.816,1.0
19.56,-0.509,-0.923,0.0
19.406,-0.509,-1.03,0.0
14.602,-0.389,-0.945,0.0
21.004,-0.565,-0.779,0.0
19.143,-0.519,-0.821,1.0
18.974,-0.519,-0.923,0.0
18.888,-0.521,-1.03,0.0
15.865,-0.441,-0.958,0.0
14.359,-0.402,-0.95,0.0
20.575,-0.582,-0.793,0.0
18.614,-0.53,-0.825,0.0
18.393,-0.528,-0.921,0.0
17.256,-0.499,-0.966,0.0
15.348,-0.448,-0.948,0.0
14.154,-0.416,-0.957,0.0
19.926,-0.591,-0.796,0.0
18.054,-0.539,-0.826,0.0
17.912,-0.539,-0.922,0.0
17.714,-0.537,-1.017,0.0
15.02,-0.459,-0.949,0.0
13.788,-0.425,-0.951,0.0
19.477,-0.604,-0.805,0.0
17.571,-0.549,-0.827,0.0
17.404,-0.548,-0.92,0.0
17.347,-0.55,-1.019,0.0
14.622,-0.467,-0.944,0.0
13.502,-0.435,-0.949,0.0
18.768,-0.609,-0.8,0.0
17.126,-0.559,-0.829,0.0
16.992,-0.559,-0.92,0.0
16.607,-0.55,-0.997,0.0
14.404,-0.481,-0.948,0.0
13.352,-0.449,-0.956,0.0
18.341,-0.621,-0.806,0.0
16.734,-0.57,-0.831,0.0
16.493,-0.566,-0.915,0.0
16.159,-0.559,-0.991,0.0
14.163,-0.493,-0.951,0.0
13.114,-0.46,-0.956,0.0
17.777,-0.627,-0.803,0.0
16.271,-0.578,-0.829,1.0
16.214,-0.58,-0.919,1.0
16.039,-0.578,-1.004,0.0
13.907,-0.504,-0.951,0.0
12.95,-0.473,-0.96,0.0
17.26,-0.634,-0.801,0.0
16.109,-0.596,-0.84,1.0
16.036,-0.597,-0.929,0.0
14.782,-0.554,-0.943,0.0
13.664,-0.516,-0.95,0.0
12.713,-0.483,-0.958,0.0
17.091,-0.653,-0.813,0.0
15.963,-0.614,-0.851,1.0
15.935,-0.617,-0.942,0.0
14.554,-0.567,-0.946,0.0
13.477,-0.529,-0.953,0.0
12.542,-0.495,-0.96,0.0
16.793,-0.666,-0.818,0.0
15.872,-0.634,-0.865,1.0
15.843,-0.637,-0.954,0.0
14.419,-0.583,-0.953,0.0
13.369,-0.544,-0.961,0.0
12.388,-0.507,-0.962,0.0
16.376,-0.674,-0.816,1.0
15.771,-0.653,-0.877,1.0
15.701,-0.654,-0.963,0.0
14.209,-0.596,-0.955,0.0
13.18,-0.556,-0.961,0.0
12.216,-0.519,-0.961,0.0
16.246,-0.693,-0.827,1.0
15.681,-0.673,-0.888,1.0
15.64,-0.675,-0.975,0.0
13.991,-0.608,-0.954,0.0
13.01,-0.568,-0.962,0.0
11.984,-0.527,-0.956,0.0
15.995,-0.706,-0.83,0.0
15.6,-0.693,-0.899,1.0
15.34,-0.685,-0.972,0.0
13.733,-0.617,-0.951,0.0
12.787,-0.578,-0.959,0.0
11.865,-0.54,-0.958,0.0
15.701,-0.717,-0.83,0.0
15.508,-0.712,-0.909,1.0
14.832,-0.685,-0.955,0.0
13.567,-0.631,-0.952,0.0
12.658,-0.592,-0.961,0.0
11.715,-0.551,-0.957,0.0
15.563,-0.734,-0.838,0.0
15.417,-0.732,-0.918,1.0
14.572,-0.696,-0.952,0.0
13.462,-0.646,-0.958,0.0
12.519,-0.604,-0.962,0.0
11.58,-0.562,-0.957,0.0
15.428,-0.752,-0.845,1.0
15.342,-0.752,-0.928,1.0
14.438,-0.711,-0.956,0.0
13.286,-0.658,-0.957,0.0
12.305,-0.613,-0.957,0.0
11.426,-0.573,-0.954,0.0
15.327,-0.771,-0.852,1.0
15.253,-0.771,-0.936,1.0
14.419,-0.733,-0.967,0.0
13.125,-0.671,-0.957,0.0
12.193,-0.627,-0.959,0.0
11.34,-0.586,-0.957,0.0
15.23,-0.789,-0.859,1.0
15.2,-0.792,-0.945,0.0
14.143,-0.741,-0.96,0.0
12.973,-0.683,-0.956,0.0
12.128,-0.642,-0.963,0.0
11.182,-0.595,-0.952,0.0
15.143,-0.808,-0.866,0.0
15.017,-0.806,-0.945,1.0
13.93,-0.751,-0.956,0.0
12.866,-0.698,-0.958,0.0
12.022,-0.655,-0.964,0.0
11.143,-0.611,-0.957,0.0
15.068,-0.828,-0.873,1.0
14.927,-0.824,-0.95,2.0
13.811,-0.766,-0.958,0.0
12.79,-0.713,-0.962,0.0
11.876,-0.666,-0.961,0.0
11.046,-0.623,-0.957,0.0
15.006,-0.848,-0.88,1.0
14.88,-0.845,-0.958,2.0
13.69,-0.781,-0.959,0.0
12.657,-0.726,-0.96,0.0
11.743,-0.677,-0.958,0.0
11.02,-0.638,-0.962,0.0
14.937,-0.867,-0.886,1.0
14.888,-0.868,-0.968,1.0
13.586,-0.796,-0.96,0.0
12.537,-0.738,-0.959,0.0
11.677,-0.691,-0.96,0.0
10.904,-0.649,-0.959,0.0
14.894,-0.888,-0.892,1.0
14.817,-0.887,-0.972,1.0
24.596,-1.48,-1.754,0.0
12.478,-0.755,-0.962,0.0
11.593,-0.704,-0.96,0.0
10.827,-0.661,-0.958,0.0
14.824,-0.907,-0.897,1.0
14.781,-0.908,-0.978,0.0
24.563,-1.517,-1.765,0.0
12.45,-0.772,-0.967,0.0
11.521,-0.718,-0.96,0.0
10.705,-0.67,-0.953,0.0
14.764,-0.926,-0.901,1.0
14.698,-0.926,-0.98,0.0
24.544,-1.554,-1.776,0.0
12.38,-0.787,-0.967,0.0
11.471,-0.733,-0.962,0.0
10.689,-0.686,-0.957,0.0
14.694,-0.944,-0.904,1.0
14.552,-0.939,-0.977,0.0
13.097,-0.849,-0.954,0.0
12.318,-0.802,-0.968,0.0
11.406,-0.746,-0.961,0.0
10.613,-0.697,-0.955,0.0
14.654,-0.964,-0.908,1.0
14.393,-0.951,-0.973,0.0
13.118,-0.871,-0.961,0.0
12.23,-0.815,-0.967,0.0
11.286,-0.756,-0.956,0.0
10.596,-0.713,-0.958,0.0
14.608,-0.984,-0.911,1.0
14.26,-0.964,-0.969,0.0
13.054,-0.887,-0.961,0.0
12.134,-0.828,-0.964,0.0
11.25,-0.771,-0.957,0.0
10.564,-0.727,-0.959,0.0
14.542,-1.001,-0.912,1.0
14.155,-0.979,-0.967,0.0
13.017,-0.904,-0.963,0.0
12.078,-0.842,-0.963,0.0
11.195,-0.784,-0.956,0.0
10.553,-0.742,-0.961,0.0
14.507,-1.021,-0.914,1.0
14.073,-0.994,-0.966,0.0
12.947,-0.919,-0.962,0.0
12.037,-0.858,-0.963,0.0
11.17,-0.799,-0.957,0.0
10.503,-0.754,-0.96,0.0
14.43,-1.037,-0.913,1.0
14.09,-1.017,-0.971,0.0
12.942,-0.938,-0.965,0.0
12.001,-0.873,-0.963,0.0
11.129,-0.813,-0.956,0.0
10.474,-0.768,-0.959,0.0
14.389,-1.056,-0.913,1.0
14.071,-1.036,-0.972,0.0
12.905,-0.954,-0.965,0.0
11.945,-0.887,-0.961,0.0
11.104,-0.828,-0.956,0.0
10.46,-0.783,-0.96,0.0
14.334,-1.073,-0.913,1.0
14.065,-1.057,-0.975,0.0
12.807,-0.966,-0.959,0.0
11.955,-0.905,-0.964,0.0
11.097,-0.844,-0.958,0.0
10.438,-0.797,-0.96,0.0
14.291,-1.091,-0.912,1.0
14.039,-1.076,-0.975,0.0
12.841,-0.988,-0.964,0.0
11.912,-0.92,-0.962,0.0
11.111,-0.861,-0.96,0.0
10.434,-0.812,-0.96,0.0
14.247,-1.109,-0.911,1.0
14.117,-1.103,-0.981,0.0
12.875,-1.009,-0.967,0.0
11.959,-0.941,-0.967,0.0
11.057,-0.873,-0.956,0.0
10.454,-0.829,-0.963,0.0
14.197,-1.125,-0.908,1.0
14.123,-1.124,-0.982,0.0
12.799,-1.022,-0.962,0.0
11.935,-0.956,-0.965,0.0
11.085,-0.892,-0.959,0.0
10.432,-0.842,-0.961,0.0
14.149,-1.142,-0.905,1.0
14.088,-1.141,-0.98,0.0
12.839,-1.044,-0.965,0.0
11.905,-0.971,-0.963,0.0
11.096,-0.908,-0.96,0.0
10.434,-0.857,-0.961,0.0
14.128,-1.16,-0.904,1.0
14.083,-1.16,-0.979,0.0
12.852,-1.063,-0.966,0.0
11.931,-0.99,-0.964,0.0
11.128,-0.927,-0.962,0.0
10.432,-0.872,-0.96,0.0
14.077,-1.176,-0.899,1.0
14.065,-1.179,-0.977,0.0
12.881,-1.083,-0.967,0.0
11.89,-1.003,-0.96,0.0
11.124,-0.942,-0.96,0.0
10.458,-0.888,-0.961,0.0
14.041,-1.192,-0.896,1.0
14.024,-1.195,-0.972,1.0
12.927,-1.105,-0.969,0.0
11.949,-1.025,-0.963,0.0
11.133,-0.958,-0.96,0.0
10.507,-0.907,-0.965,0.0
14.015,-1.209,-0.892,1.0
13.988,-1.211,-0.968,1.0
12.923,-1.122,-0.966,0.0
11.998,-1.045,-0.965,0.0
11.119,-0.972,-0.956,0.0
10.511,-0.921,-0.963,0.0
13.966,-1.224,-0.886,1.0
13.965,-1.227,-0.964,1.0
12.991,-1.145,-0.969,0.0
12.016,-1.063,-0.964,0.0
11.147,-0.989,-0.956,0.0
10.54,-0.938,-0.963,0.0
13.941,-1.24,-0.881,1.0
13.929,-1.243,-0.958,1.0
13.096,-1.172,-0.973,0.0
12.067,-1.083,-0.965,0.0
11.276,-1.015,-0.965,0.0
10.537,-0.952,-0.96,0.0
13.911,-1.255,-0.876,1.0
13.898,-1.258,-0.952,1.0
13.13,-1.192,-0.972,0.0
12.09,-1.101,-0.963,0.0
11.296,-1.031,-0.963,0.0
10.558,-0.967,-0.959,0.0
13.889,-1.271,-0.87,1.0
13.861,-1.272,-0.945,1.0
13.2,-1.215,-0.973,0.0
12.202,-1.126,-0.968,0.0
11.359,-1.051,-0.965,0.0
10.658,-0.99,-0.964,0.0
13.847,-1.284,-0.862,1.0
13.845,-1.288,-0.939,1.0
13.275,-1.238,-0.974,0.0
12.203,-1.141,-0.964,0.0
11.406,-1.07,-0.964,0.0
10.653,-1.002,-0.96,0.0
13.847,-1.301,-0.857,1.0
13.823,-1.303,-0.932,1.0
13.407,-1.267,-0.978,0.0
12.362,-1.171,-0.972,0.0
11.499,-1.093,-0.967,0.0
10.79,-1.028,-0.968,0.0
13.841,-1.317,-0.851,0.0
13.776,-1.315,-0.923,1.0
13.511,-1.293,-0.98,0.0
12.263,-1.177,-0.958,0.0
11.61,-1.117,-0.972,0.0
10.784,-1.04,-0.962,0.0
13.899,-1.339,-0.848,0.0
13.752,-1.328,-0.915,1.0
13.524,-1.31,-0.974,1.0
12.595,-1.223,-0.978,0.0
11.701,-1.139,-0.973,0.0
10.85,-1.059,-0.963,0.0
13.963,-1.361,-0.845,0.0
13.721,-1.341,-0.906,1.0
13.56,-1.329,-0.97,1.0
12.875,-1.265,-0.993,0.0
11.736,-1.156,-0.97,0.0
10.944,-1.08,-0.965,0.0
14.034,-1.384,-0.842,0.0
13.698,-1.354,-0.897,1.0
13.611,-1.349,-0.966,2.0
12.827,-1.274,-0.983,0.0
11.811,-1.176,-0.97,0.0
11.046,-1.103,-0.968,0.0
14.151,-1.411,-0.841,0.0
13.675,-1.367,-0.888,1.0
13.59,-1.361,-0.957,1.0
12.874,-1.292,-0.979,0.0
11.884,-1.196,-0.969,0.0
11.126,-1.122,-0.968,0.0
14.238,-1.434,-0.838,1.0
13.655,-1.379,-0.878,1.0
13.613,-1.377,-0.95,1.0
12.987,-1.317,-0.979,0.0
12.026,-1.223,-0.973,0.0
11.198,-1.141,-0.967,0.0
14.321,-1.457,-0.834,1.0
13.638,-1.391,-0.869,1.0
13.615,-1.391,-0.942,1.0
13.111,-1.343,-0.98,0.0
12.128,-1.245,-0.973,0.0
11.276,-1.16,-0.967,0.0
14.43,-1.483,-0.831,0.0
13.63,-1.403,-0.859,1.0
13.596,-1.403,-0.931,1.0
13.408,-1.386,-0.993,0.0
12.154,-1.259,-0.967,0.0
11.415,-1.186,-0.971,0.0
14.579,-1.512,-0.829,0.0
13.667,-1.42,-0.852,0.0
13.568,-1.413,-0.919,1.0
13.507,-1.409,-0.991,1.0
12.216,-1.277,-0.963,0.0
11.506,-1.206,-0.97,0.0
14.722,-1.541,-0.826,1.0
13.799,-1.447,-0.849,0.0
13.555,-1.424,-0.908,1.0
13.513,-1.422,-0.981,2.0
13.304,-1.403,-1.038,0.0
11.629,-1.229,-0.971,0.0
14.871,-1.569,-0.823,1.0
13.909,-1.471,-0.846,0.0
13.535,-1.434,-0.897,1.0
13.52,-1.435,-0.971,1.0
13.25,-1.409,-1.024,0.0
11.743,-1.251,-0.971,0.0
15.056,-1.602,-0.822,1.0
14.027,-1.495,-0.842,1.0
13.52,-1.443,-0.885,1.0
13.509,-1.445,-0.959,1.0
13.12,-1.406,-1.003,0.0
11.868,-1.274,-0.972,0.0
15.182,-1.627,-0.816,1.0
14.17,-1.521,-0.839,1.0
13.495,-1.452,-0.872,1.0
13.486,-1.453,-0.946,1.0
13.062,-1.41,-0.988,0.0
12.037,-1.302,-0.976,0.0
15.297,-1.652,-0.809,1.0
14.329,-1.55,-0.836,1.0
13.504,-1.463,-0.861,1.0
13.419,-1.456,-0.93,4.0
13.222,-1.437,-0.988,0.0
12.108,-1.318,-0.971,0.0
15.415,-1.676,-0.802,1.0
14.436,-1.572,-0.829,1.0
13.57,-1.48,-0.853,0.0
13.37,-1.46,-0.914,8.0
13.384,-1.464,-0.988,1.0
12.286,-1.346,-0.974,0.0
15.594,-1.706,-0.797,0.0
14.59,-1.599,-0.825,0.0
13.736,-1.507,-0.851,0.0
13.394,-1.472,-0.904,5.0
13.363,-1.471,-0.974,6.0
13.311,-1.468,-1.043,0.0
15.889,-1.749,-0.798,1.0
14.808,-1.632,-0.823,1.0
13.895,-1.534,-0.848,0.0
13.446,-1.486,-0.894,2.0
13.355,-1.479,-0.961,8.0
13.337,-1.479,-1.032,1.0
16.067,-1.779,-0.791,1.0
14.977,-1.66,-0.818,1.0
14.022,-1.556,-0.842,1.0
13.435,-1.493,-0.881,1.0
13.361,-1.487,-0.948,11.0
13.333,-1.486,-1.019,1.0
16.233,-1.807,-0.784,1.0
15.158,-1.689,-0.813,1.0
14.177,-1.582,-0.837,1.0
13.424,-1.5,-0.867,1.0
13.364,-1.495,-0.935,14.0
13.305,-1.49,-1.003,1.0
16.53,-1.849,-0.781,1.0
15.328,-1.716,-0.807,1.0
14.334,-1.607,-0.832,0.0
13.459,-1.51,-0.855,0.0
13.361,-1.501,-0.921,6.0
13.334,-1.5,-0.992,5.0
16.794,-1.887,-0.777,1.0
15.553,-1.749,-0.803,1.0
14.548,-1.638,-0.829,1.0
13.649,-1.538,-0.853,0.0
13.387,-1.51,-0.909,2.0
13.345,-1.507,-0.978,7.0
17.099,-1.929,-0.773,1.0
15.741,-1.777,-0.796,0.0
14.719,-1.664,-0.824,1.0
13.807,-1.562,-0.848,0.0
13.394,-1.517,-0.895,1.0
13.339,-1.512,-0.964,7.0
17.377,-1.967,-0.767,1.0
16.024,-1.816,-0.794,1.0
14.977,-1.699,-0.822,1.0
13.97,-1.586,-0.844,1.0
13.377,-1.52,-0.88,2.0
13.355,-1.519,-0.95,8.0
17.8,-2.022,-0.767,0.0
16.245,-1.847,-0.787,1.0
15.111,-1.719,-0.813,1.0
14.139,-1.61,-0.838,1.0
13.395,-1.527,-0.866,1.0
13.339,-1.522,-0.935,7.0
18.157,-2.069,-0.762,0.0
16.495,-1.881,-0.781,1.0
15.297,-1.745,-0.806,0.0
14.355,-1.639,-0.835,0.0
13.473,-1.54,-0.856,0.0
13.349,-1.527,-0.92,3.0
18.716,-2.138,-0.765,1.0
16.822,-1.923,-0.778,1.0
15.551,-1.778,-0.802,0.0
14.53,-1.663,-0.829,0.0
13.712,-1.57,-0.856,0.0
13.36,-1.531,-0.906,2.0
19.062,-2.182,-0.757,1.0
17.149,-1.964,-0.773,1.0
15.781,-1.808,-0.796,0.0
14.753,-1.692,-0.825,1.0
13.849,-1.589,-0.848,1.0
13.363,-1.534,-0.891,2.0
19.519,-2.238,-0.753,1.0
17.492,-2.007,-0.768,0.0
16.07,-1.844,-0.792,1.0
14.991,-1.722,-0.821,1.0
14.017,-1.61,-0.843,1.0
13.358,-1.536,-0.875,2.0
19.968,-2.293,-0.747,1.0
17.926,-2.059,-0.767,0.0
16.31,-1.874,-0.785,1.0
15.184,-1.746,-0.814,1.0
14.24,-1.638,-0.839,1.0
13.385,-1.54,-0.861,1.0
20.502,-2.356,-0.743,2.0
18.383,-2.114,-0.765,0.0
16.639,-1.914,-0.781,0.0
15.412,-1.773,-0.808,0.0
14.418,-1.659,-0.833,1.0
13.595,-1.565,-0.858,0.0
20.978,-2.413,-0.736,3.0
18.89,-2.173,-0.763,1.0
17.027,-1.959,-0.779,0.0
15.644,-1.8,-0.801,0.0
14.63,-1.684,-0.828,0.0
13.774,-1.586,-0.853,0.0
21.599,-2.484,-0.732,4.0
19.307,-2.221,-0.757,1.0
17.306,-1.991,-0.771,0.0
15.944,-1.835,-0.797,0.0
14.926,-1.718,-0.826,1.0
13.949,-1.606,-0.847,1.0
22.161,-2.549,-0.724,4.0
19.801,-2.277,-0.753,1.0
17.758,-2.042,-0.77,0.0
16.183,-1.861,-0.79,1.0
15.11,-1.738,-0.818,1.0
14.137,-1.627,-0.841,1.0
22.731,-2.613,-0.715,5.0
20.303,-2.333,-0.747,1.0
18.178,-2.089,-0.766,0.0
16.454,-1.891,-0.783,0.0
15.323,-1.761,-0.811,0.0
14.357,-1.65,-0.836,1.0
23.284,-2.674,-0.704,3.0
20.815,-2.39,-0.74,3.0
18.765,-2.154,-0.767,0.0
16.881,-1.938,-0.782,1.0
15.591,-1.789,-0.806,0.0
14.576,-1.673,-0.831,0.0
24.347,-2.792,-0.706,3.0
21.362,-2.449,-0.733,4.0
19.171,-2.197,-0.76,1.0
17.214,-1.973,-0.776,1.0
15.87,-1.818,-0.8,1.0
14.843,-1.7,-0.828,1.0
24.938,-2.854,-0.693,5.0
22.054,-2.523,-0.73,4.0
19.684,-2.252,-0.756,1.0
17.618,-2.015,-0.773,0.0
16.125,-1.844,-0.793,1.0
15.065,-1.722,-0.822,1.0
25.75,-2.941,-0.684,2.0
22.644,-2.585,-0.722,4.0
20.17,-2.302,-0.75,2.0
18.02,-2.056,-0.768,0.0
16.395,-1.87,-0.786,1.0
15.272,-1.741,-0.814,1.0
26.545,-3.024,-0.672,2.0
23.266,-2.649,-0.712,5.0
20.73,-2.359,-0.745,2.0
18.637,-2.12,-0.771,1.0
16.763,-1.906,-0.783,1.0
15.524,-1.764,-0.808,0.0
27.38,-3.11,-0.659,1.0
24.106,-2.736,-0.708,4.0
21.23,-2.408,-0.737,3.0
19.01,-2.155,-0.763,1.0
17.171,-1.946,-0.78,1.0
15.822,-1.792,-0.803,0.0
28.038,-3.173,-0.64,1.0
24.817,-2.807,-0.698,5.0
21.92,-2.478,-0.733,3.0
19.502,-2.203,-0.758,1.0
17.653,-1.993,-0.78,1.0
16.099,-1.816,-0.797,1.0
29.727,-3.351,-0.641,4.0
25.438,-2.866,-0.684,3.0
22.613,-2.546,-0.728,4.0
20.089,-2.26,-0.756,1.0
17.923,-2.015,-0.77,3.0
16.387,-1.841,-0.791,1.0
30.28,-3.399,-0.616,12.0
26.427,-2.964,-0.678,2.0
23.206,-2.601,-0.718,5.0
20.589,-2.306,-0.749,2.0
18.419,-2.061,-0.768,2.0
16.741,-1.872,-0.788,1.0
31.019,-3.466,-0.592,12.0
27.287,-3.046,-0.666,2.0
23.878,-2.663,-0.71,5.0
21.072,-2.348,-0.741,4.0
18.955,-2.11,-0.767,1.0
17.09,-1.901,-0.783,1.0
31.9,-3.546,-0.57,22.0
28.098,-3.12,-0.651,2.0
24.811,-2.753,-0.707,5.0
21.753,-2.411,-0.738,2.0
19.454,-2.154,-0.763,1.0
17.452,-1.931,-0.778,1.0
32.944,-3.642,-0.548,30.0
29.735,-3.284,-0.653,8.0
25.435,-2.806,-0.694,6.0
22.457,-2.475,-0.734,4.0
20.04,-2.206,-0.762,1.0
17.98,-1.977,-0.779,1.0
33.734,-3.708,-0.52,33.0
30.326,-3.329,-0.629,8.0
26.304,-2.884,-0.685,3.0
22.947,-2.513,-0.722,5.0
20.534,-2.246,-0.755,3.0
18.371,-2.007,-0.774,1.0
34.524,-3.77,-0.49,29.0
31.353,-3.419,-0.612,9.0
27.09,-2.95,-0.673,1.0
23.801,-2.589,-0.72,4.0
20.96,-2.277,-0.745,3.0
18.933,-2.054,-0.774,1.0
35.186,-3.816,-0.456,12.0
32.121,-3.479,-0.587,19.0
27.999,-3.028,-0.661,2.0
24.647,-2.662,-0.716,5.0
21.614,-2.331,-0.743,3.0
19.382,-2.088,-0.769,1.0
40.02,-4.308,-0.471,15.0
32.902,-3.537,-0.562,24.0
28.753,-3.086,-0.644,2.0
25.318,-2.714,-0.705,6.0
22.343,-2.391,-0.741,4.0
19.864,-2.123,-0.765,1.0
40.328,-4.308,-0.427,15.0
33.792,-3.604,-0.538,29.0
30.392,-3.236,-0.645,4.0
26.072,-2.772,-0.695,6.0
22.851,-2.426,-0.73,4.0
20.409,-2.163,-0.761,2.0
0.0,0.0,0.0,0.0
34.585,-3.658,-0.509,24.0
31.271,-3.302,-0.627,9.0
26.808,-2.826,-0.682,4.0
23.523,-2.475,-0.724,3.0
20.977,-2.204,-0.758,3.0
44.816,-4.707,-0.368,19.0
35.132,-3.683,-0.475,11.0
32.227,-3.372,-0.608,10.0
27.605,-2.884,-0.67,2.0
24.461,-2.551,-0.724,5.0
21.394,-2.227,-0.748,1.0
47.546,-4.947,-0.336,13.0
40.049,-4.159,-0.496,11.0
33.064,-3.427,-0.585,19.0
28.302,-2.928,-0.655,1.0
25.251,-2.608,-0.719,5.0
21.948,-2.263,-0.742,1.0
49.953,-5.147,-0.295,5.0
40.294,-4.144,-0.452,12.0
33.775,-3.466,-0.559,25.0
30.017,-3.075,-0.66,2.0
25.972,-2.655,-0.71,6.0
22.681,-2.314,-0.741,3.0
54.206,-5.529,-0.259,29.0
0.0,0.0,0.0,0.0
34.582,-3.513,-0.534,21.0
30.726,-3.114,-0.641,2.0
26.576,-2.688,-0.696,6.0
23.322,-2.354,-0.736,2.0
55.403,-5.591,-0.203,30.0
44.743,-4.505,-0.403,19.0
35.149,-3.531,-0.503,11.0
31.856,-3.193,-0.629,9.0
27.294,-2.73,-0.685,3.0
24.068,-2.403,-0.732,5.0
56.116,-5.599,-0.144,9.0
46.447,-4.623,-0.366,18.0
38.163,-3.79,-0.505,5.0
33.369,-3.306,-0.623,7.0
28.0,-2.768,-0.672,3.0
24.881,-2.454,-0.73,5.0
65.418,-6.451,-0.097,15.0
50.299,-4.948,-0.343,6.0
40.246,-3.949,-0.489,9.0
34.176,-3.346,-0.601,11.0
28.996,-2.832,-0.665,1.0
25.503,-2.485,-0.721,6.0
64.998,-6.331,-0.027,2.0
0.0,0.0,0.0,0.0
0.0,0.0,0.0,0.0
34.625,-3.347,-0.573,24.0
30.282,-2.92,-0.663,2.0
26.21,-2.521,-0.714,6.0
65.107,-6.261,0.04,82.0
55.017,-5.276,-0.259,29.0
44.96,-4.3,-0.451,18.0
35.243,-3.362,-0.546,13.0
30.768,-2.928,-0.641,2.0
26.933,-2.556,-0.705,6.0
65.093,-6.176,0.107,2.0
55.77,-5.276,-0.205,29.0
0.0,0.0,0.0,0.0
38.539,-3.626,-0.558,14.0
32.285,-3.029,-0.64,1.0
27.51,-2.574,-0.692,7.0
65.193,-6.098,0.173,150.0
55.969,-5.22,-0.15,15.0
47.473,-4.415,-0.381,21.0
39.155,-3.631,-0.528,15.0
33.239,-3.074,-0.626,2.0
28.257,-2.606,-0.683,6.0
54.967,-5.067,0.2,164.0
55.032,-5.057,-0.094,98.0
0.0,0.0,0.0,0.0
39.978,-3.652,-0.5,15.0
35.036,-3.191,-0.625,8.0
29.276,-2.659,-0.68,4.0
54.929,-4.986,0.253,10.0
55.68,-5.038,-0.04,5.0
54.669,-4.931,-0.333,15.0
0.0,0.0,0.0,0.0
0.0,0.0,0.0,0.0
30.12,-2.692,-0.67,4.0
0.0,0.0,0.0,0.0
56.135,-4.999,0.01,0.0
54.92,-4.875,-0.283,16.0
45.203,-3.999,-0.48,15.0
37.354,-3.294,-0.597,13.0
30.676,-2.697,-0.655,3.0
0.0,0.0,0.0,0.0
0.0,0.0,0.0,0.0
55.553,-4.847,-0.236,4.0
46.126,-4.012,-0.448,21.0
38.184,-3.31,-0.576,13.0
31.325,-2.706,-0.64,2.0
0.0,0.0,0.0,0.0
0.0,0.0,0.0,0.0
79.319,-6.801,-0.267,1.0
47.097,-4.025,-0.416,17.0
39.242,-3.342,-0.557,14.0
32.347,-2.745,-0.633,1.0
0.0,0.0,0.0,0.0
65.542,-5.539,0.187,53.0
79.495,-6.693,-0.199,8.0
0.0,0.0,0.0,0.0
40.137,-3.356,-0.536,15.0
33.682,-2.806,-0.631,1.0
79.338,-6.604,0.719,23.0
79.386,-6.584,0.293,27.0
79.63,-6.579,-0.134,14.0
50.353,-4.144,-0.36,11.0
41.149,-3.375,-0.516,15.0
35.012,-2.861,-0.627,1.0
79.306,-6.475,0.783,11.0
79.396,-6.457,0.357,33.0
79.928,-6.475,-0.07,29.0
53.902,-4.349,-0.342,8.0
45.662,-3.67,-0.536,6.0
35.613,-2.851,-0.61,1.0
81.731,-6.539,0.871,24.0
79.348,-6.322,0.418,10.0
0.0,0.0,0.0,0.0
57.414,-4.538,-0.321,3.0
46.45,-3.657,-0.51,20.0
36.509,-2.862,-0.597,1.0
81.958,-6.421,0.935,36.0
61.82,-4.823,0.372,2.0
61.653,-4.789,0.039,6.0
61.591,-4.764,-0.298,13.0
47.028,-3.622,-0.481,20.0
38.983,-2.99,-0.609,1.0
82.026,-6.287,0.996,5.0
0.0,0.0,0.0,0.0
65.534,-4.979,0.088,254.0
61.521,-4.654,-0.254,5.0
0.0,0.0,0.0,0.0
39.417,-2.956,-0.588,2.0
0.0,0.0,0.0,0.0
65.622,-4.894,0.488,4.0
65.549,-4.867,0.133,200.0
66.314,-4.901,-0.229,2.0
49.687,-3.656,-0.44,23.0
40.216,-2.946,-0.573,2.0
0.0,0.0,0.0,0.0
65.587,-4.776,0.531,3.0
65.475,-4.746,0.176,1.0
66.111,-4.77,-0.185,1.0
53.335,-3.83,-0.438,7.0
41.384,-2.958,-0.564,2.0
0.0,0.0,0.0,0.0
65.568,-4.658,0.572,2.0
65.545,-4.633,0.217,1.0
65.969,-4.64,-0.144,3.0
53.432,-3.74,-0.406,12.0
43.87,-3.056,-0.571,0.0
0.0,0.0,0.0,0.0
65.603,-4.541,0.612,165.0
65.588,-4.518,0.256,1.0
65.79,-4.509,-0.105,3.0
0.0,0.0,0.0,0.0
45.139,-3.063,-0.561,3.0
65.843,-4.461,1.008,2.0
65.59,-4.421,0.648,150.0
24.613,-1.65,0.109,12.0
24.588,-1.64,-0.025,14.0
24.555,-1.629,-0.159,25.0
24.538,-1.62,-0.292,29.0
24.569,-1.619,0.389,27.0
24.538,-1.608,0.255,27.0
24.556,-1.601,0.122,37.0
24.532,-1.591,-0.013,43.0
24.523,-1.581,-0.146,48.0
24.498,-1.572,-0.279,51.0
24.539,-1.571,0.401,64.0
24.527,-1.562,0.267,47.0
24.517,-1.553,0.134,49.0
24.525,-1.544,-0.001,68.0
24.513,-1.535,-0.134,65.0
24.494,-1.525,-0.267,56.0
24.538,-1.525,0.412,71.0
24.519,-1.515,0.279,68.0
24.509,-1.506,0.145,62.0
24.519,-1.498,0.009,78.0
24.514,-1.489,-0.123,70.0
24.508,-1.48,-0.256,65.0
24.541,-1.478,0.423,71.0
24.521,-1.468,0.289,63.0
24.526,-1.46,0.156,61.0
24.52,-1.45,0.02,63.0
24.533,-1.443,-0.113,70.0
24.51,-1.433,-0.246,62.0
24.561,-1.432,0.433,54.0
24.566,-1.424,0.299,45.0
24.554,-1.414,0.165,42.0
24.563,-1.406,0.029,40.0
24.558,-1.396,-0.104,39.0
24.544,-1.387,-0.238,41.0
24.617,-1.387,0.443,13.0
24.613,-1.378,0.309,13.0
24.599,-1.368,0.174,4.0
65.524,-3.62,0.101,27.0
24.61,-1.35,-0.096,2.0
24.592,-1.341,-0.23,2.0
85.916,-4.672,1.577,14.0
0.0,0.0,0.0,0.0
0.0,0.0,0.0,0.0
0.0,0.0,0.0,0.0
66.053,-3.496,-0.237,1.0
56.265,-2.957,-0.509,3.0
85.78,-4.495,1.6,41.0
82.742,-4.306,1.09,3.0
0.0,0.0,0.0,0.0
66.67,-3.42,0.143,1.0
0.0,0.0,0.0,0.0
53.803,-2.721,-0.473,1.0
85.841,-4.327,1.623,34.0
82.84,-4.145,1.112,39.0
67.915,-3.373,0.54,2.0
0.0,0.0,0.0,0.0
68.996,-3.376,-0.213,1.0
31.234,-1.516,-0.267,33.0
84.832,-4.104,1.623,10.0
82.948,-3.982,1.132,39.0
79.883,-3.805,0.652,21.0
31.284,-1.478,0.081,19.0
31.228,-1.464,-0.09,34.0
31.199,-1.451,-0.261,52.0
85.029,-3.94,1.642,12.0
31.3,-1.438,0.433,27.0
31.258,-1.425,0.26,33.0
31.208,-1.411,0.086,47.0
31.224,-1.401,-0.085,67.0
31.178,-1.387,-0.255,22.0
31.285,-1.386,0.609,30.0
28.464,-1.25,0.397,54.0
28.452,-1.239,0.241,61.0
28.446,-1.228,0.082,62.0
28.438,-1.217,-0.073,98.0
28.45,-1.207,-0.23,111.0
28.441,-1.201,0.556,112.0
28.434,-1.19,0.4,107.0
28.443,-1.18,0.244,126.0
28.444,-1.169,0.085,151.0
28.453,-1.159,-0.071,145.0
28.446,-1.149,-0.227,74.0
28.443,-1.142,0.559,90.0
28.447,-1.132,0.402,66.0
28.459,-1.121,0.246,65.0
28.436,-1.11,0.086,38.0
31.282,-1.21,-0.076,60.0
31.312,-1.199,-0.249,44.0
31.278,-1.191,0.615,61.0
31.271,-1.179,0.443,41.0
31.308,-1.169,0.271,46.0
31.333,-1.158,0.096,9.0
80.984,-2.963,-0.198,17.0
54.629,-1.979,-0.434,1.0
31.372,-1.129,0.617,32.0
84.21,-3.001,1.194,23.0
80.433,-2.837,0.696,12.0
80.448,-2.807,0.245,32.0
80.952,-2.794,-0.199,14.0
38.776,-1.324,-0.309,9.0
38.734,-1.313,0.761,7.0
38.746,-1.299,0.547,14.0
38.712,-1.283,0.333,23.0
38.701,-1.268,0.115,47.0
38.703,-1.254,-0.097,60.0
38.666,-1.239,-0.311,56.0
38.63,-1.228,0.756,68.0
38.628,-1.214,0.542,67.0
38.637,-1.2,0.329,68.0
38.625,-1.185,0.111,65.0
38.645,-1.172,-0.101,71.0
38.66,-1.157,-0.315,86.0
38.634,-1.147,0.752,108.0
38.64,-1.133,0.538,97.0
38.642,-1.118,0.324,91.0
38.629,-1.104,0.106,70.0
38.642,-1.09,-0.107,71.0
38.667,-1.076,-0.32,57.0
38.649,-1.066,0.746,71.0
38.651,-1.051,0.532,68.0
38.651,-1.037,0.318,54.0
38.676,-1.024,0.1,48.0
38.716,-1.011,-0.113,34.0
38.749,-0.997,-0.328,30.0
38.755,-0.987,0.741,19.0
40.447,-1.015,0.549,24.0
40.424,-0.999,0.324,24.0
40.41,-0.984,0.096,36.0
40.406,-0.969,-0.127,38.0
40.415,-0.955,-0.351,51.0
40.408,-0.943,0.763,38.0
40.441,-0.929,0.539,152.0
40.426,-0.914,0.315,136.0
40.427,-0.899,0.086,6.0
38.372,-0.839,-0.13,24.0
38.363,-0.824,-0.343,56.0
38.391,-0.815,0.715,23.0
52.936,-1.104,0.691,14.0
52.922,-1.085,0.397,64.0
52.931,-1.066,0.098,63.0
52.933,-1.046,-0.195,49.0
45.539,-0.883,-0.421,16.0
0.0,0.0,0.0,0.0
192.943,-3.62,2.461,22.0
81.836,-1.505,0.588,4.0
20.135,-0.362,0.03,25.0
20.143,-0.355,-0.081,3.0
52.886,-0.915,-0.507,19.0
176.633,-3.005,3.175,74.0
20.161,-0.335,0.25,2.0
20.12,-0.327,0.137,11.0
20.122,-0.32,0.023,31.0
56.808,-0.884,-0.249,3.0
52.861,-0.804,-0.526,14.0
20.145,-0.3,0.354,9.0
20.122,-0.292,0.242,14.0
20.138,-0.285,0.129,9.0
59.515,-0.823,0.046,73.0
56.273,-0.758,-0.269,1.0
52.762,-0.692,-0.547,7.0
20.133,-0.258,0.345,14.0
20.144,-0.251,0.233,11.0
56.205,-0.68,0.338,3.0
56.3,-0.661,0.019,3.0
56.285,-0.641,-0.294,2.0
52.522,-0.579,-0.567,3.0
20.172,-0.216,0.337,17.0
64.322,-0.666,0.716,33.0
53.385,-0.533,0.296,2.0
56.195,-0.541,-0.007,4.0
53.315,-0.495,-0.304,2.0
20.159,-0.18,-0.227,13.0
53.449,-0.461,0.867,8.0
58.312,-0.481,0.62,14.0
20.184,-0.159,0.101,13.0
20.175,-0.152,-0.012,23.0
20.17,-0.145,-0.125,21.0
20.142,-0.137,-0.238,25.0
20.125,-0.131,0.316,19.0
20.12,-0.124,0.203,19.0
20.138,-0.117,0.09,32.0
20.133,-0.11,-0.023,32.0
20.147,-0.103,-0.136,35.0
20.133,-0.096,-0.249,36.0
20.117,-0.089,0.304,28.0
20.122,-0.082,0.192,27.0
20.13,-0.075,0.079,41.0
20.126,-0.068,-0.035,32.0
20.137,-0.061,-0.148,33.0
20.148,-0.055,-0.261,26.0
20.113,-0.048,0.292,29.0
20.115,-0.041,0.179,35.0
20.133,-0.034,0.067,37.0
20.114,-0.027,-0.047,19.0
20.171,-0.02,-0.161,14.0
20.236,-0.013,-0.275,6.0
20.129,-0.006,0.279,28.0
20.13,0.0,0.166,27.0
20.225,0.007,0.054,83.0
20.26,0.014,-0.061,151.0
20.263,0.021,-0.175,151.0
20.264,0.028,-0.289,63.0
20.139,0.034,0.266,30.0
20.148,0.041,0.153,26.0
20.213,0.048,0.04,27.0
20.215,0.055,-0.075,31.0
20.208,0.062,-0.188,24.0
20.221,0.069,-0.302,0.0
20.149,0.076,0.251,28.0
20.161,0.082,0.138,25.0
20.201,0.089,0.025,33.0
20.187,0.096,-0.089,31.0
20.18,0.102,-0.203,25.0
20.186,0.109,-0.317,26.0
20.174,0.117,0.237,27.0
20.174,0.123,0.123,25.0
20.185,0.13,0.01,26.0
20.167,0.136,-0.105,29.0
20.174,0.143,-0.218,31.0
20.174,0.15,-0.332,36.0
20.257,0.158,0.222,24.0
20.278,0.164,0.108,27.0
20.325,0.172,-0.005,28.0
20.192,0.177,-0.121,18.0
20.182,0.183,-0.235,22.0
20.181,0.19,-0.348,31.0
20.303,0.199,0.206,29.0
20.327,0.205,0.091,27.0
20.308,0.212,-0.022,0.0
0.0,0.0,0.0,0.0
20.208,0.223,-0.252,21.0
20.19,0.23,-0.365,25.0
20.304,0.238,0.189,8.0
99.575,1.202,0.366,6.0
0.0,0.0,0.0,0.0
0.0,0.0,0.0,0.0
0.0,0.0,0.0,0.0
20.209,0.269,-0.383,1.0
0.0,0.0,0.0,0.0
99.652,1.399,0.277,6.0
101.395,1.455,-0.289,2.0
0.0,0.0,0.0,0.0
0.0,0.0,0.0,0.0
0.0,0.0,0.0,0.0
99.622,1.56,0.748,2.0
99.779,1.594,0.186,6.0
0.0,0.0,0.0,0.0
0.0,0.0,0.0,0.0
0.0,0.0,0.0,0.0
0.0,0.0,0.0,0.0
99.875,1.756,0.655,5.0
99.884,1.786,0.091,8.0
0.0,0.0,0.0,0.0
0.0,0.0,0.0,0.0
0.0,0.0,0.0,0.0
37.212,0.711,-0.811,0.0
100.0,1.948,0.558,4.0
100.028,1.979,-0.007,6.0
0.0,0.0,0.0,0.0
0.0,0.0,0.0,0.0
42.684,0.883,-0.732,0.0
36.15,0.759,-0.824,0.0
100.039,2.136,0.457,2.0
100.103,2.168,-0.109,11.0
0.0,0.0,0.0,0.0
0.0,0.0,0.0,0.0
0.0,0.0,0.0,0.0
35.158,0.803,-0.838,0.0
100.141,2.324,0.353,3.0
0.0,0.0,0.0,0.0
0.0,0.0,0.0,0.0
0.0,0.0,0.0,0.0
0.0,0.0,0.0,0.0
33.486,0.826,-0.834,0.0
100.377,2.513,0.247,1.0
0.0,0.0,0.0,0.0
0.0,0.0,0.0,0.0
0.0,0.0,0.0,0.0
38.921,1.019,-0.791,0.0
32.394,0.857,-0.842,1.0
103.303,2.773,0.14,2.0
0.0,0.0,0.0,0.0
0.0,0.0,0.0,0.0
0.0,0.0,0.0,0.0
37.318,1.044,-0.8,0.0
31.775,0.897,-0.861,1.0
0.0,0.0,0.0,0.0
73.108,2.113,-0.398,2.0
0.0,0.0,0.0,0.0
0.0,0.0,0.0,0.0
36.831,1.095,-0.832,0.0
30.668,0.92,-0.867,1.0
0.0,0.0,0.0,0.0
68.955,2.114,-0.455,2.0
0.0,0.0,0.0,0.0
41.664,1.3,-0.753,0.0
34.532,1.087,-0.82,0.0
29.885,0.949,-0.88,1.0
0.0,0.0,0.0,0.0
68.989,2.234,-0.537,1.0
0.0,0.0,0.0,0.0
40.26,1.325,-0.776,0.0
32.837,1.09,-0.82,0.0
28.577,0.956,-0.876,0.0
0.0,0.0,0.0,0.0
0.0,0.0,0.0,0.0
0.0,0.0,0.0,0.0
38.331,1.327,-0.786,0.0
32.464,1.132,-0.85,1.0
27.761,0.975,-0.885,1.0
0.0,0.0,0.0,0.0
0.0,0.0,0.0,0.0
0.0,0.0,0.0,0.0
36.995,1.342,-0.805,0.0
30.566,1.117,-0.839,0.0
26.106,0.961,-0.866,0.0
69.088,2.566,-0.403,1.0
0.0,0.0,0.0,0.0
0.0,0.0,0.0,0.0
35.791,1.357,-0.825,0.0
30.03,1.146,-0.863,0.0
0.0,0.0,0.0,0.0
68.932,2.672,-0.491,1.0
0.0,0.0,0.0,0.0
0.0,0.0,0.0,0.0
33.197,1.311,-0.808,0.0
29.15,1.159,-0.876,0.0
24.775,0.991,-0.886,0.0
0.0,0.0,0.0,0.0
0.0,0.0,0.0,0.0
0.0,0.0,0.0,0.0
32.541,1.336,-0.835,1.0
0.0,0.0,0.0,0.0
20.232,0.841,-0.75,18.0
0.0,0.0,0.0,0.0
0.0,0.0,0.0,0.0
0.0,0.0,0.0,0.0
0.0,0.0,0.0,0.0
20.244,0.867,-0.662,18.0
20.189,0.87,-0.776,159.0
0.0,0.0,0.0,0.0
42.177,1.84,-0.71,0.0
35.644,1.563,-0.804,0.0
29.717,1.311,-0.843,0.0
20.249,0.898,-0.69,152.0
20.226,0.901,-0.805,152.0
0.0,0.0,0.0,0.0
0.0,0.0,0.0,0.0
34.122,1.547,-0.817,0.0
28.786,1.312,-0.857,0.0
20.229,0.926,-0.717,154.0
20.216,0.931,-0.833,37.0
0.0,0.0,0.0,0.0
0.0,0.0,0.0,0.0
32.389,1.515,-0.82,0.0
27.912,1.312,-0.87,0.0
20.222,0.955,-0.746,8.0
20.236,0.96,-0.862,7.0
0.0,0.0,0.0,0.0
36.922,1.771,-0.777,0.0
31.509,1.518,-0.843,0.0
26.577,1.286,-0.866,0.0
0.0,0.0,0.0,0.0
20.255,0.989,-0.892,8.0
0.0,0.0,0.0,0.0
35.562,1.755,-0.799,0.0
0.0,0.0,0.0,0.0
25.674,1.278,-0.874,0.0
21.932,1.096,-0.872,0.0
20.258,1.017,-0.922,3.0
40.711,2.055,-0.742,0.0
33.738,1.71,-0.808,0.0
28.703,1.461,-0.852,0.0
24.738,1.264,-0.878,0.0
21.852,1.121,-0.901,1.0
19.442,1.002,-0.913,0.0
37.968,1.966,-0.747,0.0
32.341,1.681,-0.822,0.0
27.84,1.453,-0.867,0.0
23.947,1.255,-0.886,0.0
21.797,1.146,-0.931,0.0
19.079,1.007,-0.925,0.0
36.998,1.963,-0.783,0.0
31.008,1.651,-0.834,0.0
26.467,1.414,-0.864,0.0
21.906,1.175,-0.843,0.0
0.0,0.0,0.0,0.0
18.199,0.984,-0.909,0.0
34.426,1.869,-0.78,0.0
29.396,1.601,-0.835,0.0
25.589,1.399,-0.874,0.0
21.826,1.198,-0.873,1.0
0.0,0.0,0.0,0.0
17.864,0.987,-0.92,0.0
33.224,1.844,-0.804,1.0
28.777,1.602,-0.861,0.0
24.64,1.376,-0.879,0.0
21.801,1.222,-0.905,6.0
0.0,0.0,0.0,0.0
17.208,0.971,-0.912,0.0
32.076,1.817,-0.826,0.0
27.731,1.576,-0.873,0.0
23.683,1.35,-0.881,0.0
21.641,1.238,-0.932,0.0
0.0,0.0,0.0,0.0
16.835,0.969,-0.919,0.0
30.572,1.766,-0.833,0.0
25.77,1.493,-0.851,0.0
21.898,1.272,-0.848,3.0
20.233,1.179,-0.902,0.0
0.0,0.0,0.0,0.0
16.367,0.96,-0.919,0.0
29.319,1.725,-0.845,0.0
25.43,1.501,-0.879,1.0
21.816,1.291,-0.879,10.0
19.662,1.167,-0.908,0.0
0.0,0.0,0.0,0.0
16.028,0.957,-0.925,0.0
28.157,1.686,-0.855,0.0
24.284,1.458,-0.877,0.0
21.808,1.313,-0.913,3.0
19.287,1.164,-0.92,0.0
0.0,0.0,0.0,0.0
15.633,0.949,-0.926,0.0
26.981,1.642,-0.862,0.0
21.923,1.338,-0.826,0.0
21.425,1.311,-0.931,0.0
0.0,0.0,0.0,0.0
0.0,0.0,0.0,0.0
15.24,0.94,-0.927,0.0
25.768,1.593,-0.864,0.0
21.884,1.357,-0.859,6.0
19.93,1.238,-0.897,0.0
0.0,0.0,0.0,0.0
0.0,0.0,0.0,0.0
14.966,0.937,-0.934,0.0
24.772,1.554,-0.869,0.0
21.8,1.371,-0.891,9.0
19.449,1.226,-0.906,0.0
0.0,0.0,0.0,0.0
0.0,0.0,0.0,0.0
14.595,0.927,-0.934,0.0
23.802,1.514,-0.873,0.0
21.762,1.388,-0.924,1.0
0.0,0.0,0.0,0.0
0.0,0.0,0.0,0.0
0.0,0.0,0.0,0.0
14.295,0.92,-0.938,0.0
21.932,1.414,-0.84,2.0
20.216,1.306,-0.89,0.0
18.215,1.179,-0.907,0.0
0.0,0.0,0.0,0.0
15.07,0.98,-0.926,0.0
13.946,0.909,-0.937,0.0
21.837,1.425,-0.871,10.0
19.671,1.286,-0.897,0.0
17.795,1.166,-0.914,0.0
0.0,0.0,0.0,0.0
14.804,0.974,-0.933,0.0
13.83,0.912,-0.952,0.0
21.8,1.439,-0.904,3.0
19.36,1.28,-0.914,0.0
17.292,1.145,-0.916,0.0
0.0,0.0,0.0,0.0
14.697,0.978,-0.95,0.0
13.392,0.893,-0.943,0.0
21.706,1.448,-0.935,0.0
0.0,0.0,0.0,0.0
16.769,1.123,-0.915,0.0
15.313,1.027,-0.926,0.0
14.047,0.944,-0.931,0.0
13.094,0.882,-0.943,0.0
20.085,1.353,-0.897,0.0
18.056,1.218,-0.91,0.0
16.445,1.111,-0.924,0.0
14.99,1.015,-0.93,0.0
0.0,0.0,0.0,0.0
12.822,0.871,-0.944,0.0
19.455,1.323,-0.9,0.0
17.63,1.2,-0.917,0.0
16.001,1.091,-0.925,0.0
14.747,1.007,-0.939,0.0
13.482,0.923,-0.936,0.0
12.549,0.86,-0.944,0.0
19.138,1.312,-0.916,0.0
17.112,1.175,-0.918,0.0
15.604,1.073,-0.927,0.0
14.501,0.999,-0.946,0.0
13.211,0.911,-0.939,0.0
12.283,0.849,-0.944,0.0
0.0,0.0,0.0,0.0
16.65,1.152,-0.919,0.0
15.138,1.049,-0.923,0.0
0.0,0.0,0.0,0.0
12.967,0.901,-0.942,0.0
12.004,0.836,-0.942,0.0
17.888,1.245,-0.913,0.0
16.2,1.129,-0.92,0.0
14.896,1.04,-0.932,0.0
0.0,0.0,0.0,0.0
12.705,0.889,-0.944,0.0
11.792,0.826,-0.944,0.0
17.349,1.215,-0.913,0.0
15.82,1.11,-0.924,0.0
14.589,1.025,-0.936,0.0
13.354,0.939,-0.935,0.0
12.434,0.875,-0.943,0.0
11.568,0.816,-0.944,0.0
16.945,1.194,-0.918,0.0
15.384,1.085,-0.923,0.0
0.0,0.0,0.0,0.0
13.165,0.931,-0.943,0.0
12.17,0.862,-0.942,0.0
11.361,0.805,-0.946,0.0
16.481,1.167,-0.919,0.0
15.045,1.067,-0.926,0.0
0.0,0.0,0.0,0.0
12.827,0.912,-0.939,0.0
11.916,0.848,-0.941,0.0
11.175,0.796,-0.948,0.0
16.126,1.147,-0.924,0.0
14.795,1.054,-0.933,0.0
13.542,0.965,-0.933,0.0
12.599,0.899,-0.942,0.0
11.665,0.833,-0.94,0.0
10.929,0.782,-0.944,0.0
15.65,1.118,-0.921,0.0
14.616,1.045,-0.945,0.0
13.379,0.957,-0.942,0.0
12.358,0.885,-0.943,0.0
11.493,0.824,-0.944,0.0
10.743,0.771,-0.945,0.0
15.286,1.096,-0.923,0.0
0.0,0.0,0.0,0.0
13.111,0.941,-0.944,0.0
12.081,0.868,-0.941,0.0
11.289,0.812,-0.944,0.0
10.531,0.758,-0.942,0.0
14.942,1.074,-0.926,0.0
13.913,1.001,-0.942,0.0
12.774,0.919,-0.939,0.0
11.831,0.852,-0.939,0.0
11.008,0.794,-0.938,0.0
10.371,0.748,-0.944,0.0
14.727,1.061,-0.935,0.0
13.538,0.976,-0.937,0.0
12.54,0.904,-0.941,0.0
11.638,0.84,-0.942,0.0
10.903,0.788,-0.946,0.0
10.201,0.738,-0.944,0.0
14.418,1.04,-0.937,0.0
13.222,0.954,-0.936,0.0
12.262,0.886,-0.938,0.0
11.439,0.827,-0.943,0.0
10.635,0.769,-0.938,0.0
10.071,0.729,-0.947,0.0
13.979,1.009,-0.929,0.0
13.001,0.939,-0.939,0.0
12.029,0.869,-0.939,0.0
11.26,0.814,-0.945,0.0
10.48,0.758,-0.94,0.0
9.897,0.717,-0.946,0.0
13.728,0.992,-0.933,0.0
12.748,0.921,-0.94,0.0
11.803,0.853,-0.938,0.0
11.037,0.798,-0.943,0.0
10.34,0.748,-0.943,0.0
9.784,0.709,-0.949,0.0
13.548,0.978,-0.94,0.0
12.51,0.904,-0.941,0.0
11.627,0.84,-0.941,0.0
10.822,0.783,-0.94,0.0
10.178,0.736,-0.943,0.0
9.611,0.696,-0.946,0.0
13.199,0.953,-0.935,0.0
12.249,0.884,-0.938,0.0
11.444,0.826,-0.943,0.0
10.722,0.775,-0.947,0.0
10.047,0.726,-0.945,0.0
9.463,0.684,-0.945,0.0
12.972,0.935,-0.937,0.0
12.01,0.866,-0.937,0.0
11.279,0.813,-0.945,0.0
10.465,0.755,-0.939,0.0
9.895,0.714,-0.945,0.0
9.329,0.673,-0.945,0.0
12.744,0.917,-0.939,0.0
11.815,0.85,-0.938,0.0
10.994,0.791,-0.937,0.0
10.336,0.744,-0.942,0.0
9.772,0.704,-0.947,0.0
9.186,0.662,-0.944,0.0
12.499,0.897,-0.938,0.0
11.603,0.833,-0.938,0.0
10.869,0.78,-0.941,0.0
10.194,0.732,-0.943,0.0
9.624,0.691,-0.946,0.0
9.074,0.652,-0.945,0.0
12.289,0.879,-0.939,0.0
11.424,0.817,-0.939,0.0
10.671,0.764,-0.939,0.0
10.049,0.719,-0.943,0.0
9.465,0.678,-0.943,0.0
8.947,0.641,-0.944,0.0
12.042,0.859,-0.936,0.0
11.317,0.807,-0.945,0.0
10.495,0.748,-0.937,0.0
9.953,0.71,-0.947,0.0
9.376,0.669,-0.947,0.0
8.843,0.631,-0.945,0.0
11.871,0.843,-0.939,0.0
11.09,0.788,-0.941,0.0
10.397,0.738,-0.942,0.0
9.791,0.695,-0.945,0.0
9.232,0.655,-0.944,0.0
8.738,0.62,-0.945,0.0
11.663,0.825,-0.937,0.0
10.891,0.77,-0.938,0.0
10.246,0.724,-0.942,0.0
9.663,0.683,-0.945,0.0
9.143,0.646,-0.947,0.0
8.628,0.61,-0.944,0.0
11.478,0.807,-0.937,0.0
10.773,0.757,-0.941,0.0
10.175,0.715,-0.948,0.0
9.522,0.669,-0.943,0.0
8.998,0.632,-0.944,0.0
8.51,0.598,-0.942,0.0
11.336,0.793,-0.939,0.0
10.554,0.738,-0.936,0.0
9.982,0.697,-0.942,0.0
9.416,0.658,-0.945,0.0
8.896,0.621,-0.944,0.0
8.422,0.588,-0.943,0.0
11.163,0.776,-0.939,0.0
10.491,0.729,-0.943,0.0
9.875,0.685,-0.944,0.0
9.307,0.646,-0.945,0.0
8.762,0.608,-0.94,0.0
8.322,0.577,-0.942,0.0
11.017,0.76,-0.94,0.0
10.345,0.714,-0.942,0.0
9.744,0.672,-0.943,0.0
9.185,0.633,-0.943,0.0
8.688,0.598,-0.943,0.0
8.247,0.568,-0.943,0.0
10.851,0.743,-0.938,0.0
10.236,0.701,-0.944,0.0
9.613,0.658,-0.942,0.0
9.072,0.62,-0.942,0.0
8.588,0.587,-0.942,0.0
8.178,0.559,-0.944,0.0
10.794,0.733,-0.945,0.0
10.132,0.688,-0.945,0.0
9.49,0.644,-0.94,0.0
9.012,0.611,-0.946,0.0
8.511,0.577,-0.943,0.0
8.083,0.547,-0.942,0.0
10.582,0.713,-0.938,0.0
9.995,0.673,-0.944,0.0
9.401,0.632,-0.942,0.0
8.83,0.593,-0.937,0.0
8.434,0.566,-0.944,0.0
8.024,0.539,-0.944,0.0
10.47,0.699,-0.94,0.0
9.866,0.658,-0.942,0.0
9.348,0.623,-0.947,0.0
8.75,0.583,-0.938,0.0
8.338,0.555,-0.942,0.0
7.961,0.529,-0.945,0.0
10.362,0.685,-0.941,0.0
9.758,0.644,-0.942,0.0
9.213,0.608,-0.942,0.0
8.704,0.574,-0.941,0.0
8.283,0.545,-0.944,0.0
7.887,0.519,-0.945,0.0
10.286,0.673,-0.944,0.0
9.644,0.63,-0.941,0.0
9.112,0.595,-0.941,0.0
8.596,0.561,-0.938,0.0
8.198,0.534,-0.942,0.0
7.832,0.51,-0.946,0.0
10.184,0.659,-0.945,0.0
9.561,0.618,-0.942,0.0
9.024,0.583,-0.941,0.0
8.54,0.551,-0.94,0.0
8.145,0.525,-0.944,0.0
7.782,0.501,-0.947,0.0
10.07,0.644,-0.943,0.0
9.487,0.606,-0.943,0.0
8.937,0.57,-0.94,0.0
8.471,0.54,-0.941,0.0
8.078,0.514,-0.944,0.0
7.722,0.491,-0.947,0.0
9.951,0.629,-0.941,0.0
9.407,0.594,-0.944,0.0
8.854,0.558,-0.939,0.0
8.42,0.53,-0.942,0.0
8.016,0.504,-0.943,0.0
7.651,0.48,-0.945,0.0
9.884,0.617,-0.943,0.0
9.302,0.58,-0.941,0.0
8.815,0.549,-0.942,0.0
8.33,0.518,-0.939,0.0
7.954,0.494,-0.943,0.0
7.612,0.472,-0.946,0.0
9.816,0.604,-0.945,0.0
9.225,0.567,-0.941,0.0
8.74,0.536,-0.942,0.0
8.31,0.509,-0.944,0.0
7.916,0.485,-0.945,0.0
7.572,0.463,-0.948,0.0
9.707,0.589,-0.942,0.0
9.156,0.555,-0.941,0.0
8.655,0.524,-0.939,0.0
8.27,0.5,-0.946,0.0
7.871,0.475,-0.945,0.0
7.507,0.452,-0.945,0.0
9.626,0.576,-0.941,0.0
9.117,0.545,-0.944,0.0
8.628,0.514,-0.942,0.0
8.195,0.488,-0.943,0.0
7.841,0.466,-0.947,0.0
7.471,0.443,-0.946,0.0
9.56,0.563,-0.941,0.0
9.02,0.531,-0.94,0.0
8.533,0.501,-0.938,0.0
8.129,0.476,-0.941,0.0
7.762,0.454,-0.943,0.0
7.46,0.436,-0.95,0.0
9.484,0.55,-0.94,0.0
8.973,0.52,-0.941,0.0
8.504,0.491,-0.94,0.0
8.061,0.465,-0.938,0.0
7.723,0.445,-0.944,0.0
7.407,0.426,-0.948,0.0
9.453,0.539,-0.943,0.0
8.917,0.508,-0.941,0.0
8.441,0.48,-0.939,0.0
8.044,0.456,-0.941,0.0
7.686,0.435,-0.944,0.0
7.398,0.418,-0.951,0.0
9.371,0.526,-0.94,0.0
8.847,0.495,-0.938,0.0
8.418,0.47,-0.941,0.0
7.98,0.445,-0.938,0.0
7.664,0.426,-0.945,0.0
7.343,0.408,-0.948,0.0
9.321,0.514,-0.94,0.0
8.811,0.484,-0.939,0.0
8.386,0.46,-0.942,0.0
7.956,0.435,-0.94,0.0
7.624,0.416,-0.944,0.0
7.293,0.397,-0.945,0.0
9.321,0.504,-0.945,0.0
8.745,0.472,-0.936,0.0
8.375,0.451,-0.945,0.0
7.961,0.428,-0.944,0.0
7.602,0.407,-0.945,0.0
7.317,0.391,-0.952,0.0
9.264,0.492,-0.943,0.0
8.746,0.463,-0.94,0.0
8.317,0.439,-0.942,0.0
7.916,0.417,-0.942,0.0
7.579,0.398,-0.946,0.0
7.273,0.381,-0.949,0.0
9.141,0.475,-0.935,0.0
8.719,0.452,-0.941,0.0
8.296,0.429,-0.943,0.0
7.866,0.406,-0.94,0.0
7.576,0.39,-0.948,0.0
7.245,0.372,-0.948,0.0
9.175,0.467,-0.942,0.0
8.662,0.44,-0.938,0.0
8.198,0.415,-0.935,0.0
7.857,0.397,-0.941,0.0
7.524,0.379,-0.944,0.0
7.212,0.362,-0.947,0.0
9.174,0.457,-0.945,0.0
8.657,0.43,-0.94,0.0
8.225,0.408,-0.94,0.0
7.852,0.388,-0.943,0.0
7.498,0.369,-0.943,0.0
7.205,0.354,-0.948,0.0
9.096,0.443,-0.939,0.0
8.64,0.42,-0.941,0.0
8.231,0.399,-0.943,0.0
7.836,0.378,-0.943,0.0
7.509,0.362,-0.947,0.0
7.203,0.346,-0.949,0.0
9.125,0.435,-0.944,0.0
8.589,0.408,-0.937,0.0
8.195,0.388,-0.941,0.0
7.786,0.367,-0.939,0.0
7.507,0.353,-0.948,0.0
7.185,0.337,-0.949,0.0
9.067,0.422,-0.94,0.0
8.597,0.399,-0.94,0.0
8.217,0.38,-0.945,0.0
7.805,0.359,-0.943,0.0
7.514,0.345,-0.95,0.0
7.161,0.327,-0.947,0.0
9.046,0.41,-0.939,0.0
8.573,0.388,-0.939,0.0
8.163,0.368,-0.94,0.0
7.784,0.349,-0.941,0.0
7.472,0.334,-0.946,0.0
7.186,0.32,-0.951,0.0
9.039,0.4,-0.94,0.0
8.589,0.378,-0.941,0.0
8.139,0.357,-0.938,0.0
7.796,0.341,-0.943,0.0
7.472,0.325,-0.947,0.0
7.189,0.312,-0.952,0.0
9.029,0.389,-0.939,0.0
8.584,0.368,-0.941,0.0
8.16,0.348,-0.941,0.0
7.76,0.33,-0.939,0.0
7.45,0.316,-0.944,0.0
7.189,0.303,-0.952,0.0
9.016,0.377,-0.938,0.0
8.569,0.357,-0.94,0.0
8.152,0.338,-0.94,0.0
7.777,0.322,-0.941,0.0
7.486,0.308,-0.949,0.0
7.159,0.294,-0.948,0.0
9.043,0.368,-0.941,0.0
8.574,0.347,-0.94,0.0
8.123,0.328,-0.936,0.0
7.803,0.313,-0.944,0.0
7.459,0.298,-0.945,0.0
7.187,0.286,-0.951,0.0
9.034,0.357,-0.939,0.0
8.611,0.338,-0.943,0.0
8.216,0.321,-0.946,0.0
7.774,0.303,-0.94,0.0
7.491,0.29,-0.948,0.0
7.165,0.276,-0.947,0.0
9.028,0.346,-0.937,0.0
8.575,0.327,-0.938,0.0
8.181,0.31,-0.941,0.0
7.777,0.293,-0.939,0.0
7.466,0.28,-0.944,0.0
7.188,0.269,-0.949,0.0
9.055,0.336,-0.939,0.0
8.615,0.318,-0.941,0.0
8.239,0.303,-0.946,0.0
7.799,0.285,-0.941,0.0
7.526,0.273,-0.95,0.0
7.197,0.26,-0.949,0.0
9.081,0.326,-0.94,0.0
8.636,0.308,-0.942,0.0
8.196,0.291,-0.94,0.0
7.871,0.278,-0.947,0.0
7.505,0.264,-0.946,0.0
7.212,0.252,-0.949,0.0
9.099,0.315,-0.939,0.0
8.641,0.298,-0.94,0.0
8.232,0.282,-0.942,0.0
7.812,0.266,-0.938,0.0
7.527,0.255,-0.946,0.0
7.238,0.244,-0.951,0.0
9.156,0.306,-0.942,0.0
8.656,0.288,-0.939,0.0
8.238,0.272,-0.94,0.0
7.847,0.258,-0.94,0.0
7.55,0.247,-0.947,0.0
7.259,0.236,-0.951,0.0
9.142,0.295,-0.938,0.0
8.688,0.278,-0.94,0.0
8.32,0.265,-0.946,0.0
7.906,0.25,-0.944,0.0
7.558,0.238,-0.945,0.0
7.247,0.227,-0.947,0.0
9.206,0.286,-0.941,0.0
8.708,0.269,-0.938,0.0
8.291,0.254,-0.94,0.0
7.92,0.241,-0.942,0.0
7.615,0.23,-0.949,0.0
7.303,0.22,-0.951,0.0
9.25,0.276,-0.941,0.0
8.733,0.259,-0.937,0.0
8.308,0.245,-0.938,0.0
7.938,0.232,-0.941,0.0
7.607,0.221,-0.944,0.0
7.295,0.211,-0.946,0.0
9.296,0.266,-0.942,0.0
8.796,0.25,-0.94,0.0
8.392,0.237,-0.943,0.0
7.977,0.224,-0.942,0.0
7.697,0.214,-0.951,0.0
7.336,0.203,-0.948,0.0
9.355,0.256,-0.943,0.0
8.878,0.242,-0.944,0.0
8.39,0.227,-0.938,0.0
7.995,0.214,-0.939,0.0
7.698,0.205,-0.947,0.0
7.372,0.195,-0.948,0.0
9.369,0.246,-0.939,0.0
8.907,0.232,-0.942,0.0
8.458,0.218,-0.941,0.0
8.067,0.206,-0.943,0.0
7.724,0.196,-0.946,0.0
7.412,0.187,-0.949,0.0
9.486,0.237,-0.945,0.0
8.977,0.223,-0.943,0.0
8.511,0.209,-0.941,0.0
8.076,0.197,-0.939,0.0
7.729,0.187,-0.941,0.0
7.423,0.178,-0.945,0.0
9.536,0.227,-0.943,0.0
9.0,0.212,-0.94,0.0
8.58,0.201,-0.943,0.0
8.143,0.189,-0.941,0.0
7.812,0.18,-0.946,0.0
7.498,0.171,-0.95,0.0
9.603,0.217,-0.943,0.0
9.111,0.204,-0.945,0.0
8.639,0.192,-0.943,0.0
8.22,0.181,-0.944,0.0
7.812,0.171,-0.94,0.0
7.508,0.162,-0.945,0.0
9.71,0.208,-0.946,0.0
9.142,0.194,-0.941,0.0
8.69,0.183,-0.943,0.0
8.266,0.172,-0.943,0.0
7.907,0.163,-0.945,0.0
7.599,0.155,-0.951,0.0
9.783,0.199,-0.946,0.0
9.239,0.186,-0.944,0.0
8.702,0.173,-0.937,0.0
8.305,0.164,-0.94,0.0
7.949,0.155,-0.944,0.0
7.624,0.147,-0.947,0.0
9.856,0.189,-0.945,0.0
9.324,0.177,-0.945,0.0
8.77,0.164,-0.937,0.0
8.36,0.155,-0.94,0.0
8.016,0.147,-0.945,0.0
7.684,0.139,-0.948,0.0
9.933,0.179,-0.943,0.0
9.427,0.168,-0.947,0.0
8.877,0.156,-0.94,0.0
8.472,0.147,-0.944,0.0
8.026,0.138,-0.939,0.0
7.72,0.131,-0.945,0.0
10.051,0.17,-0.945,0.0
9.495,0.158,-0.945,0.0
8.965,0.148,-0.941,0.0
8.53,0.139,-0.943,0.0
8.136,0.131,-0.944,0.0
7.798,0.124,-0.947,0.0
10.188,0.161,-0.949,0.0
9.582,0.149,-0.944,0.0
9.054,0.139,-0.942,0.0
8.592,0.13,-0.941,0.0
8.167,0.122,-0.939,0.0
7.852,0.116,-0.946,0.0
10.254,0.15,-0.944,0.0
9.694,0.14,-0.946,0.0
9.138,0.13,-0.941,0.0
8.692,0.122,-0.943,0.0
8.289,0.115,-0.945,0.0
7.914,0.108,-0.945,0.0
10.359,0.141,-0.943,0.0
9.797,0.131,-0.945,0.0
9.27,0.122,-0.945,0.0
8.739,0.113,-0.939,0.0
8.315,0.106,-0.939,0.0
7.997,0.1,-0.946,0.0
10.502,0.131,-0.945,0.0
9.903,0.122,-0.944,0.0
9.393,0.114,-0.947,0.0
8.876,0.106,-0.944,0.0
8.443,0.099,-0.944,0.0
8.062,0.093,-0.945,0.0
10.627,0.122,-0.944,0.0
10.028,0.113,-0.945,0.0
9.51,0.105,-0.948,0.0
8.947,0.097,-0.941,0.0
8.557,0.091,-0.946,0.0
8.119,0.085,-0.942,0.0
10.837,0.113,-0.95,0.0
10.199,0.104,-0.949,0.0
9.607,0.096,-0.946,0.0
9.04,0.089,-0.94,0.0
8.653,0.083,-0.947,0.0
8.218,0.077,-0.943,0.0
20.246,0.19,-1.751,0.0
10.306,0.095,-0.947,0.0
9.729,0.087,-0.946,0.0
9.196,0.081,-0.945,0.0
8.735,0.075,-0.945,0.0
8.322,0.07,-0.945,0.0
11.181,0.094,-0.953,0.0
10.441,0.085,-0.946,0.0
9.859,0.079,-0.946,0.0
9.297,0.072,-0.943,0.0
8.827,0.067,-0.943,0.0
8.417,0.062,-0.945,0.0
11.349,0.084,-0.953,0.0
10.59,0.076,-0.946,0.0
10.02,0.07,-0.949,0.0
9.412,0.064,-0.943,0.0
8.925,0.059,-0.942,0.0
8.503,0.055,-0.943,0.0
11.427,0.074,-0.944,0.0
10.712,0.067,-0.942,0.0
10.172,0.062,-0.95,0.0
9.595,0.057,-0.948,0.0
9.092,0.052,-0.947,0.0
8.629,0.048,-0.946,0.0
11.62,0.064,-0.944,0.0
10.985,0.059,-0.952,0.0
10.337,0.053,-0.951,0.0
9.719,0.048,-0.947,0.0
9.216,0.044,-0.947,0.0
8.734,0.04,-0.945,0.0
11.85,0.054,-0.947,0.0
11.12,0.049,-0.948,0.0
10.443,0.044,-0.946,0.0
9.872,0.04,-0.948,0.0
9.331,0.036,-0.946,0.0
8.857,0.033,-0.945,0.0
12.135,0.045,-0.952,0.0
11.343,0.04,-0.951,0.0
10.638,0.036,-0.948,0.0
10.068,0.032,-0.952,0.0
9.464,0.029,-0.946,0.0
8.997,0.026,-0.947,0.0
12.324,0.035,-0.949,0.0
11.512,0.031,-0.948,0.0
10.799,0.027,-0.947,0.0
10.207,0.024,-0.95,0.0
9.657,0.021,-0.951,0.0
9.133,0.018,-0.948,0.0
12.586,0.026,-0.951,0.0
11.724,0.022,-0.948,0.0
20.18,0.034,-1.739,0.0
10.358,0.016,-0.948,0.0
9.802,0.013,-0.95,0.0
9.277,0.011,-0.949,0.0
12.882,0.016,-0.953,0.0
12.014,0.013,-0.953,0.0
11.212,0.01,-0.949,0.0
10.557,0.008,-0.95,0.0
9.983,0.006,-0.952,0.0
9.418,0.004,-0.948,0.0
13.195,0.006,-0.956,0.0
12.22,0.003,-0.95,0.0
11.426,0.001,-0.949,0.0
10.176,-0.001,-0.954,0.0
9.603,-0.002,-0.952,0.0
12.538,-0.005,-0.955,0.0
11.64,-0.006,-0.948,0.0
10.339,-0.009,-0.953,0.0
9.781,-0.01,-0.953,0.0
12.796,-0.014,-0.953,0.0
11.943,-0.015,-0.953,0.0
11.187,-0.016,-0.953,0.0
10.525,-0.016,-0.952,0.0
9.956,-0.017,-0.953,0.0
13.07,-0.024,-0.952,0.0
12.189,-0.024,-0.952,0.0
11.357,-0.024,-0.948,0.0
10.71,-0.024,-0.951,0.0
10.155,-0.024,-0.955,0.0
12.469,-0.033,-0.953,0.0
11.65,-0.032,-0.953,0.0
10.93,-0.031,-0.951,0.0
10.328,-0.031,-0.954,0.0
14.775,-0.044,-0.948,0.0
12.751,-0.041,-0.952,0.0
11.854,-0.04,-0.949,0.0
11.17,-0.039,-0.953,0.0
10.54,-0.038,-0.955,0.0
15.146,-0.054,-0.946,0.0
13.125,-0.05,-0.957,0.0
12.209,-0.048,-0.956,0.0
11.376,-0.046,-0.95,0.0
10.679,-0.045,-0.949,0.0
15.585,-0.065,-0.946,0.0
13.36,-0.059,-0.951,0.0
12.491,-0.056,-0.956,0.0
11.664,-0.054,-0.954,0.0
10.902,-0.052,-0.949,0.0
14.839,-0.072,-0.951,0.0
13.839,-0.068,-0.96,0.0
12.775,-0.064,-0.954,0.0
11.966,-0.062,-0.956,0.0
11.177,-0.059,-0.952,0.0
16.559,-0.086,-0.945,0.0
15.188,-0.081,-0.946,0.0
13.996,-0.076,-0.945,0.0
13.157,-0.073,-0.959,0.0
12.266,-0.069,-0.958,0.0
11.512,-0.066,-0.96,0.0
15.686,-0.091,-0.948,0.0
14.527,-0.086,-0.954,0.0
13.409,-0.08,-0.952,0.0
12.56,-0.076,-0.958,0.0
11.729,-0.073,-0.956,0.0
16.193,-0.101,-0.949,0.0
14.89,-0.094,-0.95,0.0
13.904,-0.089,-0.961,0.0
12.926,-0.084,-0.961,0.0
12.051,-0.079,-0.959,0.0
18.218,-0.119,-0.939,0.0
16.691,-0.111,-0.947,0.0
15.324,-0.103,-0.949,0.0
14.105,-0.096,-0.949,0.0
13.222,-0.091,-0.958,0.0
12.36,-0.086,-0.96,0.0
18.679,-0.129,-0.927,0.0
17.112,-0.12,-0.938,0.0
15.835,-0.112,-0.951,0.0
14.603,-0.104,-0.954,0.0
13.555,-0.098,-0.957,0.0
12.636,-0.092,-0.958,0.0
20.0,-0.145,-0.955,0.0
17.806,-0.13,-0.943,0.0
16.306,-0.121,-0.948,0.0
14.981,-0.112,-0.95,0.0
13.939,-0.105,-0.957,0.0
13.052,-0.099,-0.964,0.0
20.274,-0.153,-0.929,54.0
18.362,-0.14,-0.936,0.0
16.783,-0.129,-0.943,0.0
15.456,-0.12,-0.951,0.0
14.325,-0.112,-0.956,0.0
13.341,-0.105,-0.959,0.0
20.277,-0.158,-0.89,19.0
18.911,-0.149,-0.928,0.0
17.333,-0.137,-0.94,0.0
16.01,-0.128,-0.953,0.0
14.716,-0.119,-0.953,0.0
13.847,-0.112,-0.968,0.0
22.574,-0.182,-0.946,3.0
20.191,-0.164,-0.95,5.0
17.989,-0.147,-0.94,0.0
16.566,-0.136,-0.953,0.0
15.171,-0.125,-0.952,0.0
13.974,-0.116,-0.949,0.0
22.653,-0.187,-0.905,7.0
20.299,-0.168,-0.915,76.0
18.597,-0.155,-0.935,1.0
16.987,-0.142,-0.944,0.0
15.733,-0.133,-0.956,0.0
14.551,-0.123,-0.96,0.0
24.55,-0.206,-0.932,14.0
20.29,-0.171,-0.875,2.0
17.566,-0.15,-0.941,0.0
16.286,-0.139,-0.957,0.0
14.945,-0.128,-0.956,0.0
20.22,-0.172,-0.727,12.0
22.701,-0.194,-0.933,7.0
20.282,-0.174,-0.938,31.0
18.314,-0.158,-0.944,0.0
16.714,-0.145,-0.948,0.0
15.404,-0.134,-0.954,0.0
20.224,-0.174,-0.686,32.0
24.527,-0.212,-0.959,1.0
20.275,-0.175,-0.897,23.0
18.758,-0.163,-0.929,0.0
17.324,-0.151,-0.948,0.0
15.951,-0.139,-0.955,0.0
20.208,-0.174,-0.644,37.0
24.574,-0.213,-0.911,12.0
22.653,-0.197,-0.956,2.0
20.154,-0.175,-0.957,3.0
17.958,-0.157,-0.946,0.0
16.538,-0.145,-0.956,0.0
20.2,-0.175,-0.603,42.0
20.221,-0.175,-0.708,27.0
22.709,-0.197,-0.912,11.0
20.279,-0.176,-0.921,68.0
18.572,-0.162,-0.94,1.0
16.967,-0.148,-0.946,0.0
20.189,-0.174,-0.561,40.0
20.22,-0.174,-0.667,31.0
24.548,-0.212,-0.936,13.0
20.25,-0.175,-0.878,1.0
17.621,-0.152,-0.946,0.0
20.175,-0.172,-0.519,38.0
20.199,-0.173,-0.624,38.0
20.217,-0.173,-0.729,12.0
22.688,-0.194,-0.937,7.0
20.267,-0.173,-0.942,33.0
18.322,-0.157,-0.946,1.0
20.186,-0.17,-0.478,27.0
20.195,-0.17,-0.582,38.0
20.232,-0.171,-0.688,29.0
0.0,0.0,0.0,0.0
20.254,-0.17,-0.899,24.0
18.805,-0.158,-0.932,0.0
20.178,-0.168,-0.436,29.0
20.176,-0.167,-0.54,37.0
20.215,-0.167,-0.645,32.0
24.563,-0.203,-0.913,10.0
22.596,-0.186,-0.957,2.0
20.195,-0.166,-0.959,6.0
20.171,-0.164,-0.394,30.0
20.171,-0.163,-0.498,30.0
20.189,-0.163,-0.603,36.0
20.202,-0.163,-0.709,15.0
22.588,-0.182,-0.909,12.0
20.29,-0.163,-0.922,66.0
20.163,-0.159,-0.352,28.0
20.171,-0.159,-0.456,28.0
20.184,-0.158,-0.561,37.0
20.22,-0.158,-0.668,28.0
24.544,-0.191,-0.937,4.0
20.303,-0.157,-0.88,1.0
20.164,-0.154,-0.31,28.0
20.163,-0.154,-0.414,29.0
20.167,-0.153,-0.518,34.0
20.204,-0.152,-0.625,31.0
20.245,-0.152,-0.731,0.0
22.603,-0.169,-0.932,31.0
20.159,-0.148,-0.268,28.0
20.162,-0.147,-0.372,29.0
20.182,-0.147,-0.476,29.0
20.183,-0.146,-0.582,35.0
20.21,-0.145,-0.687,8.0
22.626,-0.161,-0.885,4.0
20.136,-0.141,-0.225,18.0
20.155,-0.14,-0.329,29.0
20.16,-0.139,-0.433,32.0
20.169,-0.139,-0.539,36.0
20.194,-0.138,-0.644,18.0
20.154,-0.134,-0.184,17.0
20.144,-0.133,-0.287,30.0
20.142,-0.132,-0.391,33.0
20.178,-0.131,-0.498,28.0
20.2,-0.13,-0.602,26.0
20.169,-0.126,-0.142,25.0
20.137,-0.124,-0.245,28.0
20.144,-0.123,-0.349,34.0
20.161,-0.122,-0.455,34.0
20.185,-0.121,-0.56,27.0
28.092,-0.166,-0.924,4.0
20.17,-0.117,-0.1,26.0
20.131,-0.115,-0.203,16.0
20.143,-0.114,-0.307,35.0
20.15,-0.112,-0.413,36.0
20.19,-0.111,-0.517,27.0
29.425,-0.16,-0.906,2.0
20.16,-0.107,-0.058,29.0
20.143,-0.105,-0.162,29.0
20.135,-0.104,-0.265,34.0
20.15,-0.102,-0.371,32.0
20.173,-0.101,-0.476,32.0
20.201,-0.099,-0.581,4.0
20.139,-0.096,-0.016,35.0
20.149,-0.095,-0.12,29.0
20.14,-0.093,-0.224,19.0
20.137,-0.091,-0.329,35.0
20.152,-0.089,-0.433,32.0
20.185,-0.088,-0.538,11.0
20.133,-0.085,0.025,34.0
20.145,-0.083,-0.078,29.0
20.146,-0.081,-0.182,34.0
20.137,-0.079,-0.288,33.0
20.16,-0.078,-0.392,24.0
20.178,-0.076,-0.496,14.0
20.137,-0.073,0.066,43.0
20.131,-0.071,-0.037,28.0
20.142,-0.069,-0.141,34.0
20.125,-0.067,-0.246,27.0
20.149,-0.065,-0.351,23.0
20.165,-0.063,-0.455,16.0
20.128,-0.06,0.107,40.0
20.118,-0.058,0.003,37.0
20.136,-0.056,-0.099,32.0
20.156,-0.054,-0.205,24.0
20.164,-0.052,-0.31,26.0
20.176,-0.05,-0.414,13.0
20.128,-0.047,0.148,33.0
20.145,-0.045,0.044,40.0
20.132,-0.042,-0.059,29.0
20.145,-0.04,-0.164,31.0
20.152,-0.038,-0.269,25.0
20.167,-0.035,-0.373,8.0
20.119,-0.033,0.189,41.0
20.125,-0.03,0.085,41.0
20.124,-0.028,-0.018,33.0
20.148,-0.026,-0.124,28.0
20.162,-0.023,-0.228,5.0
20.172,-0.02,-0.332,5.0
20.122,-0.018,0.23,28.0
20.124,-0.015,0.126,29.0
20.145,-0.013,0.022,20.0
20.154,-0.01,-0.083,17.0
20.177,-0.007,-0.187,10.0
20.222,-0.005,-0.292,2.0
20.129,-0.002,0.27,26.0
20.124,0.0,0.166,28.0
20.133,0.002,0.063,29.0
20.259,0.005,-0.043,150.0
20.268,0.008,-0.148,150.0
20.267,0.011,-0.252,150.0
20.124,0.013,0.31,27.0
20.123,0.016,0.206,27.0
20.135,0.019,0.103,28.0
20.247,0.022,-0.003,152.0
20.257,0.025,-0.108,151.0
20.259,0.028,-0.212,150.0
20.133,0.03,0.351,27.0
20.132,0.033,0.247,27.0
20.14,0.036,0.143,27.0
20.252,0.04,0.036,10.0
20.245,0.043,-0.067,17.0
20.245,0.046,-0.172,19.0
20.149,0.048,0.391,29.0
20.136,0.051,0.287,28.0
20.136,0.055,0.182,27.0
20.159,0.058,0.076,22.0
20.203,0.061,-0.027,30.0
20.211,0.064,-0.132,25.0
20.146,0.067,0.43,32.0
20.141,0.07,0.326,26.0
20.15,0.073,0.221,26.0
20.148,0.076,0.115,26.0
20.201,0.08,0.011,33.0
20.189,0.083,-0.093,29.0
20.16,0.086,0.47,28.0
20.159,0.089,0.365,26.0
20.159,0.093,0.26,27.0
20.153,0.096,0.154,27.0
20.192,0.1,0.049,35.0
20.183,0.103,-0.054,34.0
20.178,0.106,0.509,25.0
20.159,0.109,0.403,28.0
20.152,0.113,0.299,27.0
20.155,0.116,0.192,25.0
20.191,0.12,0.088,34.0
20.169,0.123,-0.016,26.0
20.178,0.127,0.547,19.0
20.165,0.13,0.442,24.0
20.166,0.134,0.337,25.0
20.166,0.137,0.23,25.0
20.179,0.141,0.126,24.0
20.197,0.145,0.021,24.0
20.204,0.148,0.585,13.0
20.157,0.151,0.479,19.0
20.175,0.155,0.375,24.0
20.178,0.159,0.268,24.0
20.19,0.163,0.163,23.0
20.249,0.167,0.058,25.0
20.29,0.171,0.626,4.0
20.26,0.174,0.519,22.0
20.264,0.178,0.414,27.0
20.271,0.182,0.307,27.0
20.301,0.186,0.201,28.0
20.315,0.19,0.096,31.0
103.473,0.987,3.382,38.0
20.25,0.197,0.556,19.0
20.268,0.201,0.451,30.0
20.267,0.205,0.343,32.0
20.286,0.209,0.238,26.0
20.304,0.213,0.132,29.0
124.936,1.334,4.311,19.0
20.268,0.22,0.593,13.0
20.263,0.224,0.487,26.0
20.271,0.228,0.38,32.0
20.287,0.232,0.274,25.0
20.307,0.237,0.168,20.0
103.999,1.232,3.774,16.0
140.205,1.69,4.355,17.0
20.273,0.248,0.524,25.0
20.276,0.252,0.415,25.0
20.284,0.256,0.31,18.0
20.292,0.261,0.204,2.0
133.29,1.74,5.072,12.0
118.293,1.568,3.882,23.0
20.281,0.273,0.559,1.0
20.297,0.277,0.451,5.0
20.3,0.281,0.345,1.0
195.452,2.754,2.305,4.0
117.794,1.682,4.686,22.0
118.415,1.716,4.091,30.0
157.313,2.312,4.608,35.0
196.278,2.927,4.703,25.0
195.221,2.953,3.657,21.0
195.657,3.001,2.64,8.0
117.697,1.828,4.883,37.0
118.58,1.867,4.297,3.0
157.04,2.507,4.867,6.0
197.203,3.189,5.055,7.0
196.301,3.216,4.003,8.0
194.822,3.235,2.952,30.0
117.545,1.975,5.071,3.0
118.498,2.016,4.489,9.0
0.0,0.0,0.0,0.0
0.0,0.0,0.0,0.0
194.822,3.443,4.292,8.0
194.502,3.481,3.265,21.0
125.602,2.274,5.626,7.0
118.379,2.169,4.679,21.0
148.747,2.759,5.098,4.0
0.0,0.0,0.0,0.0
194.564,3.697,4.604,8.0
194.696,3.742,3.582,11.0
110.334,2.144,5.121,4.0
118.638,2.333,4.881,3.0
0.0,0.0,0.0,0.0
148.868,2.994,4.541,3.0
194.904,3.963,4.919,13.0
194.317,3.996,3.881,13.0
69.25,1.439,3.323,5.0
124.613,2.619,5.323,6.0
133.024,2.826,4.981,2.0
134.783,2.895,4.322,2.0
194.867,4.229,5.221,22.0
194.245,4.26,4.181,23.0
103.818,2.301,5.144,5.0
103.087,2.309,4.563,2.0
102.629,2.323,4.001,5.0
140.175,3.204,4.71,2.0
194.858,4.5,5.518,16.0
194.276,4.533,4.478,26.0
103.859,2.448,5.305,10.0
116.432,2.771,5.331,4.0
102.677,2.467,4.157,6.0
168.395,4.089,5.913,3.0
194.796,4.775,5.81,8.0
194.115,4.805,4.765,25.0
103.837,2.595,5.459,14.0
103.072,2.601,4.873,5.0
125.045,3.184,5.249,2.0
0.0,0.0,0.0,0.0
0.0,0.0,0.0,0.0
194.413,5.09,5.053,27.0
103.812,2.745,5.61,7.0
103.233,2.753,5.029,5.0
120.164,3.234,5.217,3.0
0.0,0.0,0.0,0.0
193.171,5.292,6.319,24.0
194.389,5.373,5.328,18.0
69.166,1.93,3.836,7.0
103.789,2.922,5.205,7.0
120.204,3.412,5.389,2.0
102.981,2.947,4.058,3.0
193.812,5.593,6.609,8.0
193.364,5.627,5.565,7.0
69.138,2.031,3.93,2.0
110.148,3.262,5.675,7.0
101.787,3.039,4.701,2.0
194.522,5.856,7.931,8.0
193.79,5.882,6.871,23.0
193.457,5.921,5.832,7.0
69.084,2.133,4.021,6.0
103.842,3.232,5.49,5.0
117.91,3.698,5.605,3.0
193.688,6.123,8.156,18.0
193.514,6.164,7.116,22.0
193.268,6.203,6.078,11.0
67.445,2.184,4.013,3.0
102.919,3.359,5.576,5.0
103.985,3.419,5.078,5.0
196.171,6.497,8.513,5.0
194.063,6.476,7.385,21.0
193.501,6.505,6.332,21.0
103.961,3.526,6.321,6.0
0.0,0.0,0.0,0.0
196.53,6.762,9.845,7.0
196.283,6.801,8.763,5.0
193.604,6.758,7.61,23.0
193.522,6.802,6.572,12.0
68.419,2.426,4.245,8.0
202.64,7.235,11.487,6.0
196.641,7.07,10.091,6.0
195.619,7.083,8.973,14.0
196.695,7.17,7.969,5.0
193.709,7.111,6.811,22.0
68.452,2.534,4.329,7.0
202.439,7.545,11.718,10.0
195.995,7.352,10.293,7.0
195.188,7.373,9.184,16.0
198.037,7.53,8.256,5.0
196.205,7.509,7.129,4.0
68.767,2.653,4.43,3.0
67.51,2.622,3.986,6.0
194.694,7.61,10.449,9.0
194.711,7.66,9.382,7.0
195.646,7.747,8.378,5.0
195.808,7.802,7.335,15.0
69.017,2.773,4.525,6.0
67.372,2.724,4.053,3.0
194.958,7.933,10.681,7.0
194.25,7.951,9.577,22.0
194.882,8.027,8.559,8.0
0.0,0.0,0.0,0.0
67.778,2.831,4.517,2.0
203.387,8.546,12.456,19.0
198.18,8.378,11.069,11.0
194.006,8.249,9.771,28.0
193.374,8.272,8.698,5.0
195.385,8.407,7.736,5.0
67.973,2.948,4.602,1.0
68.774,3.0,4.283,2.0
195.788,8.591,11.138,21.0
194.129,8.566,9.976,28.0
193.429,8.585,8.897,23.0
193.439,8.635,7.854,12.0
66.709,3.002,4.584,2.0
68.908,3.118,4.362,2.0
195.8,8.907,11.333,6.0
194.788,8.911,10.202,27.0
193.043,8.879,9.068,27.0
193.049,8.927,8.025,23.0
47.313,2.205,3.297,2.0
69.159,3.241,4.444,1.0
196.206,9.242,11.543,10.0
195.74,9.27,10.437,9.0
193.211,9.2,9.257,15.0
193.001,9.238,8.204,23.0
66.68,3.218,4.709,1.0
0.0,0.0,0.0,0.0
0.0,0.0,0.0,0.0
194.416,9.528,10.545,12.0
193.083,9.51,9.425,23.0
192.776,9.545,8.367,25.0
52.726,2.631,3.771,2.0
205.882,10.322,13.603,9.0
0.0,0.0,0.0,0.0
195.136,9.88,10.753,24.0
193.828,9.863,9.627,27.0
193.213,9.882,8.549,15.0
65.991,3.402,4.776,4.0
205.46,10.643,13.751,11.0
205.622,10.703,12.643,18.0
194.625,10.18,10.888,27.0
194.003,10.194,9.797,23.0
192.81,10.182,8.69,24.0
241.948,12.877,17.711,25.0
0.0,0.0,0.0,0.0
0.0,0.0,0.0,0.0
194.893,10.514,11.056,23.0
194.023,10.514,9.948,19.0
193.329,10.528,8.862,12.0
242.451,13.303,17.934,28.0
205.483,11.323,14.076,9.0
0.0,0.0,0.0,0.0
195.111,10.846,11.213,28.0
193.517,10.807,10.066,21.0
193.858,10.875,9.028,8.0
47.413,2.68,3.541,15.0
206.02,11.695,14.26,9.0
206.649,11.781,13.173,11.0
0.0,0.0,0.0,0.0
0.0,0.0,0.0,0.0
193.924,11.2,9.164,15.0
243.162,14.148,18.332,24.0
206.405,12.057,14.426,9.0
0.0,0.0,0.0,0.0
0.0,0.0,0.0,0.0
194.144,11.483,10.359,27.0
193.878,11.514,9.286,20.0
243.761,14.586,18.534,28.0
206.819,12.425,14.589,7.0
0.0,0.0,0.0,0.0
110.578,6.697,6.574,2.0
196.002,11.917,10.58,13.0
0.0,0.0,0.0,0.0
244.151,15.015,18.71,22.0
0.0,0.0,0.0,0.0
207.678,12.871,13.631,6.0
0.0,0.0,0.0,0.0
196.098,12.247,10.696,13.0
194.527,12.195,9.544,6.0
244.631,15.45,18.883,22.0
244.753,15.51,17.543,10.0
0.0,0.0,0.0,0.0
0.0,0.0,0.0,0.0
196.093,12.566,10.798,16.0
121.756,7.831,6.036,3.0
46.553,3.016,3.617,3.0
245.17,15.942,17.698,10.0
110.384,7.204,7.359,5.0
120.443,7.887,7.354,2.0
196.114,12.89,10.894,8.0
162.077,10.691,8.112,3.0
46.929,3.117,3.669,3.0
245.505,16.366,17.836,21.0
111.524,7.46,7.486,2.0
0.0,0.0,0.0,0.0
120.386,8.109,6.741,3.0
155.692,10.523,7.86,5.0
47.303,3.22,3.718,2.0
246.003,16.801,17.978,10.0
109.14,7.477,7.371,2.0
111.175,7.643,6.883,7.0
121.527,8.382,6.854,2.0
108.174,7.487,5.503,4.0
46.759,3.259,3.694,2.0
246.523,17.237,18.11,22.0
111.985,7.855,7.605,2.0
92.444,6.505,5.757,2.0
0.0,0.0,0.0,0.0
107.516,7.616,5.508,2.0
45.736,3.262,3.629,1.0
246.81,17.659,18.214,20.0
116.237,8.341,7.933,2.0
109.788,7.903,6.874,4.0
111.191,8.029,6.345,12.0
120.392,8.721,6.205,6.0
45.76,3.337,3.645,2.0
247.339,18.095,18.326,11.0
0.0,0.0,0.0,0.0
107.846,7.936,6.782,7.0
92.33,6.815,5.294,4.0
96.417,7.138,4.994,2.0
45.75,3.41,3.656,2.0
118.377,8.848,8.801,4.0
118.377,8.872,8.143,4.0
107.285,8.065,6.771,4.0
107.621,8.113,6.195,2.0
110.899,8.385,5.77,8.0
45.785,3.485,3.669,2.0
107.785,8.227,8.036,4.0
91.251,6.985,6.295,4.0
0.0,0.0,0.0,0.0
97.07,7.472,5.607,5.0
100.026,7.722,5.222,4.0
110.321,8.573,8.861,10.0
110.168,8.583,8.232,8.0
107.555,8.402,7.437,5.0
99.921,7.826,6.343,3.0
91.341,7.174,5.29,5.0
92.533,7.287,4.844,6.0
111.433,8.834,8.965,2.0
107.413,8.537,8.041,4.0
91.672,7.304,6.35,4.0
97.276,7.771,6.185,5.0
99.232,7.947,5.757,1.0
92.129,7.398,4.832,5.0
107.078,8.655,8.625,4.0
108.035,8.754,8.097,4.0
91.817,7.458,6.368,1.0
91.62,7.46,5.832,5.0
97.273,7.941,5.65,4.0
92.267,7.551,4.845,4.0
117.05,9.642,9.433,2.0
112.154,9.259,8.411,6.0
111.487,9.226,7.736,4.0
98.231,8.148,6.256,9.0
91.587,7.616,5.321,4.0
96.198,8.019,5.053,1.0
112.692,9.454,9.085,6.0
108.42,9.116,8.132,3.0
96.392,8.124,6.688,8.0
97.735,8.255,6.224,7.0
91.636,7.759,5.323,1.0
92.226,7.828,4.842,4.0
96.455,8.239,7.772,8.0
115.433,9.881,8.653,8.0
107.507,9.222,7.455,3.0
85.399,7.342,5.435,7.0
91.578,7.891,5.314,3.0
96.899,8.369,5.081,5.0
115.0,9.995,9.259,3.0
97.662,8.505,7.313,2.0
84.979,7.415,5.886,2.0
85.392,7.467,5.426,4.0
86.765,7.603,5.027,4.0
97.063,8.525,5.08,4.0
99.325,8.777,7.986,6.0
96.832,8.573,7.24,7.0
97.165,8.62,6.718,5.0
100.459,8.93,6.371,2.0
83.915,7.474,4.85,1.0
97.264,8.682,5.077,7.0
85.993,7.723,6.901,1.0
96.547,8.687,7.204,5.0
91.84,8.279,6.335,2.0
109.8,9.918,6.945,10.0
86.834,7.86,5.004,6.0
97.056,8.803,5.049,5.0
91.84,8.379,7.352,1.0
97.932,8.951,7.288,12.0
84.968,7.78,5.843,5.0
91.783,8.419,5.786,3.0
98.408,9.045,5.65,8.0
86.42,7.958,4.476,4.0
95.883,8.882,7.655,4.0
98.295,9.12,7.292,4.0
97.827,9.092,6.705,3.0
84.932,7.908,5.333,9.0
98.251,9.166,5.616,6.0
86.527,8.087,4.459,4.0
86.085,8.092,6.849,10.0
91.938,8.657,6.795,4.0
93.393,8.809,6.375,4.0
78.313,7.399,4.895,1.0
84.162,7.965,4.787,5.0
91.766,8.701,4.703,5.0
99.645,9.501,7.898,2.0
92.289,8.814,6.792,3.0
93.193,8.914,6.331,3.0
85.051,8.149,5.289,2.0
86.987,8.349,4.919,3.0
91.76,8.822,4.672,6.0
92.117,8.905,7.27,6.0
84.215,8.153,6.169,8.0
84.799,8.223,5.732,12.0
78.457,7.62,4.851,4.0
85.282,8.296,4.792,10.0
91.802,8.945,4.64,5.0
85.33,8.36,6.702,9.0
84.193,8.26,6.135,5.0
91.854,9.025,6.173,2.0
89.933,8.85,5.525,2.0
85.23,8.4,4.755,6.0
97.762,9.651,4.902,6.0
85.116,8.448,6.649,6.0
84.146,8.362,6.096,8.0
85.056,8.465,5.68,2.0
90.081,8.978,5.495,7.0
77.357,7.721,4.282,1.0
91.786,9.176,4.561,4.0
91.995,9.245,7.146,5.0
72.881,7.333,5.247,3.0
73.065,7.362,4.845,2.0
89.987,9.08,5.448,11.0
81.111,8.196,4.451,2.0
85.854,8.688,4.225,4.0
85.063,8.653,6.565,4.0
72.84,7.418,5.208,5.0
77.985,7.952,5.132,2.0
89.991,9.188,5.403,1.0
84.097,8.598,4.573,5.0
85.69,8.773,4.174,18.0
79.253,8.155,6.076,1.0
72.833,7.503,5.17,5.0
84.706,8.736,5.53,4.0
99.029,10.226,5.893,12.0
83.939,8.68,4.519,4.0
85.658,8.869,4.125,18.0
79.658,8.288,6.063,4.0
68.547,7.14,4.827,6.0
77.899,8.123,5.042,3.0
89.863,9.382,5.296,6.0
79.721,8.334,4.246,2.0
85.739,8.975,4.08,12.0
84.856,8.925,6.409,5.0
72.816,7.667,5.084,4.0
78.318,8.255,5.022,8.0
88.658,9.356,5.171,14.0
79.635,8.414,4.192,2.0
85.714,9.068,4.025,11.0
74.661,7.935,5.591,4.0
72.892,7.754,5.043,7.0
78.077,8.315,4.956,4.0
98.93,10.547,5.707,5.0
87.807,9.371,4.566,2.0
85.768,9.164,3.973,12.0
74.66,8.014,5.542,5.0
72.864,7.828,4.993,5.0
73.1,7.861,4.592,3.0
88.848,9.564,5.067,8.0
84.758,9.134,4.351,4.0
85.781,9.254,3.916,11.0
74.58,8.082,5.485,3.0
72.963,7.913,4.949,5.0
73.129,7.939,4.543,2.0
80.89,8.79,4.557,3.0
84.433,9.184,4.275,4.0
85.81,9.343,3.857,13.0
76.622,8.379,5.581,3.0
74.279,8.129,4.985,1.0
76.938,8.428,4.724,3.0
91.89,10.074,5.109,12.0
87.693,9.624,4.375,1.0
96.71,10.623,4.275,14.0
73.968,8.159,5.333,3.0
73.192,8.08,4.857,3.0
76.981,8.504,4.669,2.0
80.366,8.886,4.408,7.0
91.889,10.169,4.516,40.0
85.884,9.514,3.731,6.0
74.012,8.232,5.278,3.0
84.291,9.381,5.529,3.0
74.809,8.333,4.478,4.0
76.844,8.566,4.153,5.0
102.382,11.423,4.95,5.0
102.696,11.469,4.38,4.0
76.627,8.591,5.402,5.0
78.042,8.755,5.055,3.0
74.78,8.395,4.416,4.0
136.666,15.355,7.275,7.0
107.184,12.052,5.094,9.0
91.766,10.327,3.837,17.0
76.618,8.655,5.337,8.0
78.439,8.866,5.014,4.0
85.544,9.675,4.98,2.0
107.186,12.131,5.616,17.0
90.459,10.246,4.222,5.0
91.762,10.402,3.76,30.0
76.644,8.719,5.273,6.0
78.496,8.935,4.95,8.0
85.635,9.753,4.911,11.0
136.542,15.561,7.036,7.0
87.086,9.931,3.99,6.0
91.774,10.474,3.681,34.0
72.75,8.331,4.942,3.0
78.342,8.976,4.872,10.0
0.0,0.0,0.0,0.0
105.103,12.056,5.322,12.0
87.034,9.99,3.91,8.0
91.784,10.542,3.599,32.0
68.395,7.882,4.584,4.0
78.356,9.034,4.802,5.0
85.596,9.874,4.755,6.0
95.691,11.044,4.759,5.0
105.115,12.138,4.627,18.0
91.839,10.613,3.517,15.0
68.298,7.917,4.514,2.0
74.672,8.66,4.507,1.0
85.605,9.932,4.677,4.0
90.693,10.527,4.426,5.0
110.868,12.876,4.776,17.0
92.015,10.693,3.438,11.0
73.26,8.54,4.772,3.0
71.386,8.324,4.24,1.0
87.72,10.233,4.708,10.0
90.7,10.585,4.339,14.0
90.85,10.608,3.826,31.0
92.018,10.75,3.35,20.0
73.76,8.642,4.734,1.0
75.353,8.831,4.403,3.0
85.602,10.036,4.511,13.0
90.724,10.641,4.251,23.0
90.898,10.666,3.739,37.0
92.033,10.804,3.26,21.0
84.733,9.975,5.353,4.0
75.431,8.882,4.332,5.0
85.81,10.107,4.437,23.0
90.659,10.683,4.157,13.0
103.64,12.217,4.159,12.0
91.994,10.849,3.165,12.0
74.625,8.824,4.639,3.0
75.397,8.917,4.253,3.0
85.729,10.142,4.343,16.0
86.825,10.275,3.892,21.0
85.927,10.172,3.36,16.0
96.751,11.458,3.229,6.0
78.613,9.333,4.804,4.0
80.797,9.594,4.474,4.0
85.748,10.184,4.256,18.0
85.812,10.194,3.757,21.0
85.898,10.208,3.269,23.0
96.885,11.518,3.132,12.0
78.635,9.37,4.723,3.0
89.871,10.71,4.881,7.0
103.489,12.335,5.027,8.0
85.729,10.22,3.664,51.0
85.855,10.238,3.177,28.0
96.899,11.558,3.032,17.0
75.315,9.003,4.444,3.0
89.868,10.743,4.786,13.0
90.291,10.795,4.29,11.0
85.823,10.263,3.576,46.0
91.486,10.942,3.288,24.0
139.671,16.71,4.221,7.0
68.495,8.211,3.967,7.0
89.868,10.774,4.689,24.0
103.592,12.42,4.81,18.0
86.552,10.378,3.514,70.0
91.461,10.968,3.19,27.0
139.716,16.76,4.07,8.0
70.427,8.464,4.002,1.0
89.919,10.806,4.594,19.0
103.55,12.445,4.695,21.0
86.663,10.416,3.423,50.0
91.463,10.994,3.089,16.0
97.51,11.723,2.734,18.0
79.084,9.524,4.407,7.0
89.87,10.823,4.491,11.0
103.538,12.469,4.58,7.0
86.472,10.413,3.321,69.0
96.943,11.676,3.167,11.0
97.612,11.758,2.628,27.0
79.081,9.54,4.318,5.0
89.903,10.845,4.392,3.0
136.196,16.429,5.871,16.0
86.035,10.378,3.206,55.0
96.952,11.695,3.057,16.0
97.747,11.792,2.521,23.0
81.203,9.81,4.342,1.0
103.651,12.52,4.946,8.0
136.27,16.459,5.719,14.0
86.03,10.39,3.109,51.0
97.116,11.729,2.952,11.0
97.804,11.813,2.413,25.0
97.447,11.784,5.1,5.0
103.671,12.535,4.829,18.0
136.353,16.484,5.567,8.0
91.485,11.058,3.202,15.0
97.423,11.776,2.849,15.0
97.807,11.822,2.301,27.0
109.277,13.223,5.592,7.0
103.648,12.539,4.708,9.0
86.669,10.483,3.438,9.0
91.495,11.065,3.095,17.0
97.448,11.784,2.738,21.0
97.813,11.828,2.187,24.0
109.224,13.22,5.463,7.0
136.219,16.483,6.028,11.0
86.541,10.469,3.333,14.0
114.776,13.883,3.75,12.0
97.627,11.807,2.629,26.0
97.766,11.823,2.073,19.0
89.071,10.779,4.35,4.0
136.264,16.485,5.871,17.0
86.014,10.403,3.212,39.0
97.019,11.732,3.056,13.0
97.76,11.819,2.518,24.0
97.788,11.821,1.958,16.0
103.723,12.546,4.942,10.0
136.222,16.471,5.709,17.0
85.999,10.395,3.11,48.0
97.133,11.738,2.945,9.0
97.824,11.819,2.404,29.0
97.798,11.814,1.843,12.0
103.584,12.518,4.814,21.0
86.693,10.473,3.53,9.0
91.459,11.044,3.199,18.0
97.501,11.771,2.84,13.0
97.812,11.805,2.288,31.0
97.776,11.798,1.726,16.0
103.53,12.496,4.687,11.0
86.686,10.458,3.427,39.0
91.48,11.032,3.091,16.0
97.502,11.754,2.724,23.0
97.764,11.782,2.171,35.0
97.769,11.78,1.61,19.0
136.318,16.426,6.01,11.0
86.375,10.402,3.311,71.0
96.921,11.668,3.158,12.0
97.605,11.745,2.611,33.0
97.698,11.753,2.053,25.0
97.751,11.755,1.494,24.0
86.732,10.429,3.72,11.0
85.992,10.335,3.194,44.0
96.931,11.644,3.043,14.0
97.694,11.731,2.496,41.0
97.7,11.727,1.937,24.0
97.682,11.721,1.376,19.0
86.524,10.379,3.607,71.0
91.451,10.964,3.288,22.0
139.693,16.739,4.219,10.0
97.716,11.703,2.38,43.0
97.683,11.694,1.819,47.0
97.709,11.692,1.259,12.0
85.817,10.265,3.474,39.0
91.49,10.937,3.179,24.0
97.629,11.664,2.832,8.0
97.716,11.669,2.264,50.0
97.677,11.658,1.703,59.0
97.522,11.634,1.142,1.0
85.843,10.235,3.373,37.0
96.842,11.539,3.249,17.0
97.636,11.626,2.715,35.0
97.692,11.627,2.147,38.0
97.675,11.618,1.586,64.0
0.0,0.0,0.0,0.0
85.91,10.206,3.273,16.0
115.022,13.655,3.721,9.0
97.693,11.59,2.601,51.0
97.7,11.584,2.031,33.0
97.689,11.576,1.471,58.0
0.0,0.0,0.0,0.0
91.979,10.883,3.394,26.0
98.292,11.621,3.063,25.0
97.748,11.548,2.485,49.0
97.747,11.541,1.914,27.0
97.707,11.529,1.355,31.0
0.0,0.0,0.0,0.0
91.985,10.835,3.285,24.0
97.7,11.5,2.927,20.0
97.834,11.506,2.37,16.0
149.34,17.551,2.747,13.0
97.749,11.48,1.239,2.0
0.0,0.0,0.0,0.0
98.795,11.582,3.41,8.0
97.581,11.429,2.81,22.0
97.701,11.435,2.253,9.0
149.595,17.495,2.578,12.0
75.458,8.818,0.868,6.0
70.7,8.257,0.409,0.0
97.346,11.352,3.247,32.0
97.819,11.398,2.702,30.0
152.833,17.793,3.347,4.0
149.701,17.413,2.404,18.0
75.508,8.776,0.781,5.0
0.0,0.0,0.0,0.0
97.37,11.291,3.134,18.0
97.779,11.328,2.587,22.0
149.271,17.277,3.094,11.0
149.699,17.313,2.231,15.0
75.295,8.7,0.691,2.0
71.62,8.269,0.248,1.0
115.206,13.279,3.574,26.0
149.654,17.232,3.786,13.0
149.396,17.186,2.926,16.0
149.6,17.194,2.057,10.0
74.953,8.607,0.601,3.0
74.62,8.561,0.172,23.0
115.285,13.201,3.443,18.0
149.567,17.108,3.611,5.0
149.364,17.068,2.751,11.0
0.0,0.0,0.0,0.0
74.967,8.55,0.516,7.0
74.582,8.499,0.087,29.0
97.739,11.115,2.808,23.0
144.12,16.371,3.316,12.0
144.033,16.343,2.49,13.0
76.342,8.653,0.875,2.0
74.913,8.483,0.43,4.0
74.753,8.457,0.002,13.0
97.712,11.029,2.697,31.0
144.102,16.247,3.152,11.0
103.768,11.687,1.677,10.0
76.582,8.615,0.792,2.0
75.161,8.446,0.348,7.0
74.972,8.417,-0.081,10.0
104.483,11.702,2.766,18.0
103.863,11.618,2.156,25.0
103.739,11.591,1.561,39.0
76.913,8.584,0.71,3.0
75.507,8.418,0.266,15.0
75.623,8.422,-0.165,19.0
103.987,11.551,2.639,28.0
103.818,11.517,2.041,36.0
103.757,11.497,1.447,9.0
81.953,9.07,0.667,3.0
75.957,8.396,0.184,7.0
76.106,8.403,-0.249,5.0
103.887,11.439,2.523,53.0
103.926,11.428,1.93,7.0
0.0,0.0,0.0,0.0
82.009,8.995,0.579,3.0
76.498,8.381,0.103,8.0
77.124,8.44,-0.335,6.0
103.961,11.343,2.414,20.0
149.812,16.324,2.624,21.0
0.0,0.0,0.0,0.0
82.086,8.92,0.493,3.0
77.194,8.378,0.023,7.0
77.668,8.42,-0.418,1.0
115.675,12.5,2.563,27.0
109.268,11.79,1.799,51.0
0.0,0.0,0.0,0.0
82.068,8.831,0.406,6.0
82.032,8.816,-0.06,150.0
0.0,0.0,0.0,0.0
109.214,11.684,2.308,47.0
109.286,11.674,1.687,51.0
0.0,0.0,0.0,0.0
82.003,8.734,0.322,2.0
0.0,0.0,0.0,0.0
68.901,7.318,-0.514,2.0
109.252,11.565,2.196,57.0
115.632,12.221,1.667,24.0
0.0,0.0,0.0,0.0
0.0,0.0,0.0,0.0
0.0,0.0,0.0,0.0
68.865,7.236,-0.582,1.0
115.543,12.096,2.207,19.0
115.625,12.085,1.552,22.0
82.277,8.586,0.636,1.0
0.0,0.0,0.0,0.0
0.0,0.0,0.0,0.0
0.0,0.0,0.0,0.0
115.747,11.98,2.1,19.0
115.744,11.958,1.44,4.0
0.0,0.0,0.0,0.0
0.0,0.0,0.0,0.0
82.588,8.491,-0.389,1.0
0.0,0.0,0.0,0.0
150.678,15.406,2.588,19.0
150.906,15.403,1.734,4.0
0.0,0.0,0.0,0.0
0.0,0.0,0.0,0.0
0.0,0.0,0.0,0.0
0.0,0.0,0.0,0.0
150.603,15.207,2.447,23.0
0.0,0.0,0.0,0.0
0.0,0.0,0.0,0.0
0.0,0.0,0.0,0.0
0.0,0.0,0.0,0.0
0.0,0.0,0.0,0.0
121.567,12.114,1.862,57.0
0.0,0.0,0.0,0.0
0.0,0.0,0.0,0.0
85.371,8.458,-0.153,1.0
68.918,6.816,-0.515,2.0
0.0,0.0,0.0,0.0
121.59,11.951,1.756,51.0
0.0,0.0,0.0,0.0
0.0,0.0,0.0,0.0
0.0,0.0,0.0,0.0
68.936,6.724,-0.575,1.0
0.0,0.0,0.0,0.0
151.117,14.644,2.051,20.0
0.0,0.0,0.0,0.0
92.371,8.914,0.206,5.0
0.0,0.0,0.0,0.0
0.0,0.0,0.0,0.0
0.0,0.0,0.0,0.0
151.356,14.452,1.927,23.0
0.0,0.0,0.0,0.0
92.535,8.798,0.13,1.0
0.0,0.0,0.0,0.0
0.0,0.0,0.0,0.0
0.0,0.0,0.0,0.0
151.674,14.262,1.808,12.0
0.0,0.0,0.0,0.0
92.656,8.673,0.055,1.0
0.0,0.0,0.0,0.0
0.0,0.0,0.0,0.0
0.0,0.0,0.0,0.0
129.573,11.99,1.441,4.0
92.921,8.578,0.509,3.0
0.0,0.0,0.0,0.0
68.993,6.34,-0.409,0.0
0.0,0.0,0.0,0.0
0.0,0.0,0.0,0.0
0.0,0.0,0.0,0.0
0.0,0.0,0.0,0.0
0.0,0.0,0.0,0.0
68.991,6.234,-0.46,3.0
0.0,0.0,0.0,0.0
41.055,3.692,-0.738,0.0
108.758,9.728,1.048,2.0
0.0,0.0,0.0,0.0
0.0,0.0,0.0,0.0
68.888,6.116,-0.509,2.0
0.0,0.0,0.0,0.0
39.015,3.447,-0.728,0.0
108.596,9.542,0.97,2.0
107.606,9.429,0.354,45.0
107.976,9.437,-0.253,2.0
0.0,0.0,0.0,0.0
0.0,0.0,0.0,0.0
38.635,3.351,-0.748,0.0
108.482,9.355,0.896,6.0
107.667,9.26,0.282,36.0
0.0,0.0,0.0,0.0
0.0,0.0,0.0,0.0
46.35,3.954,-0.666,0.0
37.847,3.221,-0.757,0.0
108.637,9.189,0.826,1.0
107.942,9.105,0.214,8.0
0.0,0.0,0.0,0.0
0.0,0.0,0.0,0.0
0.0,0.0,0.0,0.0
0.0,0.0,0.0,0.0
110.392,9.153,0.772,7.0
108.63,8.981,0.15,5.0
0.0,0.0,0.0,0.0
0.0,0.0,0.0,0.0
0.0,0.0,0.0,0.0
37.114,3.034,-0.787,0.0
110.543,8.978,0.709,29.0
109.668,8.88,0.088,2.0
0.0,0.0,0.0,0.0
0.0,0.0,0.0,0.0
0.0,0.0,0.0,0.0
35.49,2.839,-0.772,0.0
114.047,9.064,0.669,27.0
0.0,0.0,0.0,0.0
0.0,0.0,0.0,0.0
0.0,0.0,0.0,0.0
0.0,0.0,0.0,0.0
35.224,2.756,-0.785,0.0
114.118,8.87,0.611,31.0
0.0,0.0,0.0,0.0
0.0,0.0,0.0,0.0
0.0,0.0,0.0,0.0
0.0,0.0,0.0,0.0
34.929,2.672,-0.795,0.0
0.0,0.0,0.0,0.0
0.0,0.0,0.0,0.0
0.0,0.0,0.0,0.0
0.0,0.0,0.0,0.0
0.0,0.0,0.0,0.0
33.75,2.521,-0.783,0.0
140.547,10.424,0.622,60.0
0.0,0.0,0.0,0.0
0.0,0.0,0.0,0.0
0.0,0.0,0.0,0.0
0.0,0.0,0.0,0.0
33.125,2.414,-0.783,0.0
140.578,10.17,0.562,151.0
0.0,0.0,0.0,0.0
0.0,0.0,0.0,0.0
0.0,0.0,0.0,0.0
0.0,0.0,0.0,0.0
33.121,2.353,-0.796,1.0
155.004,10.929,0.562,3.0
0.0,0.0,0.0,0.0
0.0,0.0,0.0,0.0
0.0,0.0,0.0,0.0
0.0,0.0,0.0,0.0
33.043,2.285,-0.805,1.0
154.908,10.633,0.507,151.0
0.0,0.0,0.0,0.0
68.972,4.696,-0.543,0.0
0.0,0.0,0.0,0.0
38.592,2.607,-0.738,0.0
32.952,2.217,-0.814,1.0
154.936,10.345,0.459,152.0
0.0,0.0,0.0,0.0
68.822,4.556,-0.562,1.0
0.0,0.0,0.0,0.0
38.637,2.536,-0.75,0.0
32.643,2.134,-0.815,1.0
154.967,10.05,0.417,14.0
0.0,0.0,0.0,0.0
0.0,0.0,0.0,0.0
0.0,0.0,0.0,0.0
38.405,2.448,-0.755,0.0
32.508,2.063,-0.82,1.0
155.235,9.773,0.38,4.0
0.0,0.0,0.0,0.0
0.0,0.0,0.0,0.0
0.0,0.0,0.0,0.0
38.375,2.372,-0.762,0.0
32.189,1.98,-0.818,2.0
0.0,0.0,0.0,0.0
0.0,0.0,0.0,0.0
0.0,0.0,0.0,0.0
0.0,0.0,0.0,0.0
38.466,2.302,-0.771,0.0
32.152,1.915,-0.823,1.0
0.0,0.0,0.0,0.0
0.0,0.0,0.0,0.0
0.0,0.0,0.0,0.0
0.0,0.0,0.0,0.0
38.653,2.237,-0.78,0.0
32.186,1.854,-0.828,0.0
0.0,0.0,0.0,0.0
0.0,0.0,0.0,0.0
0.0,0.0,0.0,0.0
0.0,0.0,0.0,0.0
37.847,2.115,-0.768,0.0
32.057,1.782,-0.828,0.0
0.0,0.0,0.0,0.0
0.0,0.0,0.0,0.0
0.0,0.0,0.0,0.0
0.0,0.0,0.0,0.0
37.169,2.002,-0.757,0.0
32.139,1.722,-0.832,0.0
0.0,0.0,0.0,0.0
0.0,0.0,0.0,0.0
0.0,0.0,0.0,0.0
0.0,0.0,0.0,0.0
37.97,1.97,-0.774,0.0
32.034,1.652,-0.83,0.0
0.0,0.0,0.0,0.0
0.0,0.0,0.0,0.0
0.0,0.0,0.0,0.0
0.0,0.0,0.0,0.0
0.0,0.0,0.0,0.0
32.184,1.595,-0.833,0.0
0.0,0.0,0.0,0.0
0.0,0.0,0.0,0.0
0.0,0.0,0.0,0.0
46.31,2.229,-0.686,1.0
38.692,1.85,-0.787,0.0
32.185,1.53,-0.832,0.0
0.0,0.0,0.0,0.0
0.0,0.0,0.0,0.0
0.0,0.0,0.0,0.0
0.0,0.0,0.0,0.0
0.0,0.0,0.0,0.0
32.324,1.471,-0.832,0.0
0.0,0.0,0.0,0.0
0.0,0.0,0.0,0.0
0.0,0.0,0.0,0.0
46.78,2.061,-0.684,0.0
38.177,1.671,-0.768,0.0
0.0,0.0,0.0,0.0
0.0,0.0,0.0,0.0
0.0,0.0,0.0,0.0
0.0,0.0,0.0,0.0
0.0,0.0,0.0,0.0
38.702,1.614,-0.772,0.0
32.613,1.35,-0.83,0.0
0.0,0.0,0.0,0.0
0.0,0.0,0.0,0.0
0.0,0.0,0.0,0.0
0.0,0.0,0.0,0.0
38.963,1.545,-0.77,0.0
32.676,1.286,-0.825,1.0
0.0,0.0,0.0,0.0
0.0,0.0,0.0,0.0
68.971,2.638,-0.584,2.0
0.0,0.0,0.0,0.0
0.0,0.0,0.0,0.0
32.715,1.22,-0.818,0.0
196.487,7.239,0.533,8.0
0.0,0.0,0.0,0.0
69.021,2.498,-0.567,2.0
0.0,0.0,0.0,0.0
0.0,0.0,0.0,0.0
32.948,1.16,-0.814,0.0
196.468,6.831,0.59,5.0
0.0,0.0,0.0,0.0
0.0,0.0,0.0,0.0
0.0,0.0,0.0,0.0
39.975,1.339,-0.757,0.0
33.048,1.096,-0.806,0.0
196.359,6.424,0.653,16.0
0.0,0.0,0.0,0.0
68.871,2.209,-0.522,0.0
0.0,0.0,0.0,0.0
40.971,1.287,-0.761,0.0
35.108,1.092,-0.844,0.0
196.137,6.013,0.724,26.0
0.0,0.0,0.0,0.0
68.982,2.069,-0.496,6.0
0.0,0.0,0.0,0.0
41.596,1.221,-0.756,0.0
0.0,0.0,0.0,0.0
0.0,0.0,0.0,0.0
0.0,0.0,0.0,0.0
69.055,1.929,-0.468,1.0
0.0,0.0,0.0,0.0
0.0,0.0,0.0,0.0
0.0,0.0,0.0,0.0
0.0,0.0,0.0,0.0
0.0,0.0,0.0,0.0
0.0,0.0,0.0,0.0
0.0,0.0,0.0,0.0
0.0,0.0,0.0,0.0
36.871,0.918,-0.838,0.0
100.211,2.453,0.502,2.0
100.114,2.417,-0.041,19.0
0.0,0.0,0.0,0.0
0.0,0.0,0.0,0.0
0.0,0.0,0.0,0.0
36.889,0.842,-0.819,0.0
100.13,2.245,0.553,4.0
100.01,2.21,0.01,7.0
0.0,0.0,0.0,0.0
0.0,0.0,0.0,0.0
0.0,0.0,0.0,0.0
37.152,0.771,-0.804,0.0
99.967,2.036,0.608,5.0
99.932,2.003,0.066,2.0
0.0,0.0,0.0,0.0
0.0,0.0,0.0,0.0
0.0,0.0,0.0,0.0
37.708,0.706,-0.794,0.0
99.897,1.83,0.666,5.0
99.828,1.795,0.127,14.0
0.0,0.0,0.0,0.0
0.0,0.0,0.0,0.0
0.0,0.0,0.0,0.0
0.0,0.0,0.0,0.0
99.843,1.627,0.728,1.0
99.8,1.593,0.189,5.0
0.0,0.0,0.0,0.0
0.0,0.0,0.0,0.0
0.0,0.0,0.0,0.0
20.235,0.296,-0.4,0.0
0.0,0.0,0.0,0.0
99.611,1.389,0.256,5.0
0.0,0.0,0.0,0.0
0.0,0.0,0.0,0.0
20.2,0.262,-0.276,8.0
20.178,0.255,-0.385,24.0
20.295,0.249,0.175,15.0
20.324,0.242,0.066,3.0
0.0,0.0,0.0,0.0
20.173,0.227,-0.153,0.0
20.184,0.22,-0.261,26.0
20.173,0.214,-0.37,34.0
20.303,0.208,0.19,31.0
20.32,0.201,0.081,37.0
20.317,0.195,-0.027,20.0
20.194,0.187,-0.138,22.0
20.177,0.18,-0.246,32.0
20.186,0.173,-0.354,32.0
20.197,0.167,0.205,24.0
20.211,0.16,0.097,30.0
20.209,0.153,-0.011,28.0
20.18,0.146,-0.121,35.0
20.182,0.14,-0.23,30.0
20.205,0.133,-0.338,26.0
20.168,0.126,0.221,27.0
20.185,0.12,0.113,28.0
20.195,0.113,0.005,27.0
20.186,0.106,-0.105,29.0
20.182,0.1,-0.213,18.0
20.242,0.094,-0.322,0.0
20.147,0.086,0.238,28.0
20.151,0.08,0.13,27.0
20.202,0.073,0.022,30.0
20.208,0.067,-0.087,23.0
20.22,0.06,-0.196,12.0
20.245,0.054,-0.304,6.0
20.143,0.047,0.255,29.0
20.147,0.041,0.147,28.0
20.254,0.034,0.04,150.0
20.249,0.028,-0.069,152.0
20.258,0.021,-0.178,151.0
20.263,0.015,-0.286,55.0
20.126,0.008,0.273,27.0
20.114,0.001,0.166,28.0
20.146,-0.004,0.058,28.0
20.115,-0.01,-0.05,19.0
20.16,-0.017,-0.158,25.0
20.168,-0.023,-0.266,24.0
20.12,-0.03,0.292,29.0
20.114,-0.036,0.185,34.0
20.136,-0.043,0.078,41.0
20.129,-0.049,-0.031,32.0
20.148,-0.055,-0.138,36.0
20.14,-0.062,-0.246,30.0
20.119,-0.068,0.312,28.0
20.121,-0.075,0.205,26.0
20.133,-0.081,0.097,37.0
20.135,-0.087,-0.011,33.0
20.143,-0.094,-0.118,27.0
20.15,-0.1,-0.226,23.0
20.143,-0.106,0.333,24.0
20.126,-0.112,0.225,18.0
20.129,-0.119,0.118,15.0
20.16,-0.125,0.009,24.0
20.161,-0.132,-0.097,18.0
20.141,-0.138,-0.204,8.0
20.265,-0.145,0.356,27.0
58.309,-0.437,0.715,9.0
20.238,-0.158,0.14,0.0
53.333,-0.433,0.082,7.0
53.345,-0.45,-0.201,4.0
53.043,-0.463,-0.482,4.0
20.203,-0.182,0.377,22.0
53.376,-0.499,0.713,7.0
64.319,-0.621,0.517,128.0
56.135,-0.559,0.147,2.0
56.238,-0.578,-0.15,5.0
59.234,-0.628,-0.472,4.0
20.14,-0.219,0.398,13.0
20.143,-0.225,0.291,10.0
20.152,-0.231,0.184,8.0
59.548,-0.702,0.224,1.0
59.541,-0.721,-0.091,12.0
56.593,-0.704,-0.386,13.0
20.142,-0.255,0.421,11.0
20.125,-0.261,0.314,11.0
20.118,-0.267,0.207,12.0
20.114,-0.273,0.099,10.0
59.518,-0.828,-0.021,15.0
59.471,-0.846,-0.336,4.0
53.514,-0.776,1.183,71.0
20.156,-0.298,0.338,5.0
20.127,-0.303,0.231,8.0
20.119,-0.309,0.123,12.0
20.132,-0.316,0.016,43.0
20.112,-0.322,-0.089,0.0
176.621,-2.874,4.117,61.0
176.663,-2.928,3.184,29.0
193.026,-3.256,2.458,5.0
20.15,-0.345,0.148,0.0
20.124,-0.351,0.041,11.0
52.987,-0.941,-0.17,15.0
190.926,-3.438,4.685,17.0
191.818,-3.511,3.694,9.0
53.046,-0.987,0.741,7.0
52.955,-1.0,0.455,49.0
52.946,-1.015,0.175,59.0
52.927,-1.03,-0.104,49.0
45.728,-0.902,1.179,5.0
38.429,-0.769,0.788,7.0
38.391,-0.779,0.584,19.0
38.379,-0.79,0.378,47.0
38.373,-0.8,0.175,39.0
38.385,-0.812,-0.026,9.0
40.424,-0.865,1.094,31.0
40.407,-0.876,0.88,29.0
40.425,-0.888,0.668,93.0
40.405,-0.899,0.45,55.0
40.415,-0.911,0.237,50.0
40.41,-0.922,0.024,37.0
38.721,-0.893,1.099,49.0
0.0,0.0,0.0,0.0
40.415,-0.954,0.721,28.0
40.427,-0.966,0.504,25.0
0.0,0.0,0.0,0.0
0.0,0.0,0.0,0.0
38.686,-0.955,1.15,56.0
38.678,-0.966,0.946,46.0
38.687,-0.977,0.742,33.0
38.672,-0.987,0.534,38.0
38.673,-0.998,0.331,48.0
38.676,-1.008,0.128,60.0
38.579,-1.015,1.199,53.0
38.651,-1.027,0.998,84.0
38.64,-1.037,0.794,68.0
38.628,-1.047,0.587,64.0
38.625,-1.057,0.384,69.0
38.659,-1.069,0.181,74.0
38.564,-1.075,1.252,70.0
38.594,-1.086,1.05,67.0
38.633,-1.097,0.848,74.0
38.643,-1.108,0.641,97.0
38.633,-1.117,0.438,84.0
38.641,-1.128,0.235,68.0
38.593,-1.136,1.307,56.0
38.582,-1.145,1.104,68.0
38.624,-1.156,0.902,74.0
38.611,-1.166,0.695,71.0
38.628,-1.176,0.493,65.0
38.656,-1.187,0.29,63.0
38.625,-1.194,1.363,68.0
38.612,-1.203,1.159,61.0
38.632,-1.214,0.957,66.0
38.635,-1.223,0.751,52.0
38.678,-1.235,0.549,34.0
38.697,-1.246,0.347,32.0
38.663,-1.253,1.42,62.0
38.675,-1.262,1.218,41.0
38.671,-1.272,1.015,25.0
38.748,-1.284,0.81,8.0
84.538,-2.823,1.324,5.0
0.0,0.0,0.0,0.0
31.339,-1.06,1.197,23.0
31.332,-1.068,1.032,37.0
31.34,-1.076,0.869,39.0
31.374,-1.085,0.702,22.0
31.355,-1.092,0.538,2.0
84.217,-2.953,1.005,28.0
31.271,-1.103,1.242,44.0
31.269,-1.11,1.078,45.0
31.295,-1.118,0.915,49.0
31.283,-1.125,0.747,43.0
31.316,-1.134,0.585,54.0
31.324,-1.142,0.421,50.0
31.277,-1.146,1.29,66.0
31.243,-1.152,1.124,50.0
31.241,-1.159,0.96,43.0
31.269,-1.168,0.795,62.0
31.263,-1.175,0.631,46.0
31.227,-1.181,0.467,33.0
28.457,-1.082,1.217,46.0
28.456,-1.088,1.068,60.0
28.444,-1.094,0.919,63.0
28.437,-1.1,0.767,62.0
28.442,-1.107,0.619,68.0
28.44,-1.113,0.47,70.0
28.429,-1.118,1.26,107.0
28.44,-1.125,1.112,121.0
28.436,-1.131,0.963,137.0
28.438,-1.137,0.812,150.0
28.45,-1.144,0.664,130.0
28.44,-1.15,0.515,118.0
28.433,-1.155,1.306,107.0
28.429,-1.161,1.156,107.0
28.423,-1.167,1.008,101.0
28.425,-1.173,0.856,96.0
28.436,-1.179,0.708,101.0
28.432,-1.185,0.56,90.0
28.441,-1.191,1.351,58.0
28.439,-1.197,1.202,57.0
28.451,-1.203,1.054,56.0
28.451,-1.208,0.902,57.0
28.457,-1.215,0.754,59.0
28.462,-1.221,0.606,55.0
31.335,-1.35,1.538,4.0
28.409,-1.229,1.246,0.0
28.399,-1.234,1.097,0.0
31.374,-1.37,1.045,0.0
31.348,-1.375,0.881,1.0
31.328,-1.38,0.717,13.0
28.402,-1.257,1.44,4.0
169.893,-7.552,7.728,9.0
31.372,-1.4,1.263,0.0
166.031,-7.444,5.803,12.0
85.324,-3.842,2.537,17.0
85.062,-3.845,2.086,27.0
161.091,-7.314,8.432,33.0
86.186,-3.928,4.061,4.0
159.661,-7.306,6.688,26.0
86.106,-3.956,3.149,8.0
86.053,-3.969,2.699,19.0
84.989,-3.935,2.222,31.0
28.395,-1.32,1.533,37.0
28.39,-1.325,1.384,11.0
85.582,-4.008,3.726,18.0
159.756,-7.511,6.107,12.0
0.0,0.0,0.0,0.0
84.901,-4.022,2.36,28.0
28.413,-1.351,1.58,79.0
28.412,-1.356,1.432,58.0
85.377,-4.089,3.859,27.0
86.402,-4.151,3.445,33.0
85.101,-4.103,2.949,29.0
85.354,-4.13,2.513,32.0
28.413,-1.38,1.627,71.0
28.418,-1.384,1.479,70.0
85.313,-4.171,3.996,26.0
86.37,-4.235,3.586,33.0
85.291,-4.197,3.098,19.0
85.798,-4.235,2.669,41.0
28.427,-1.409,1.676,70.0
28.415,-1.412,1.527,68.0
28.404,-1.416,1.378,16.0
85.769,-4.289,3.705,45.0
86.442,-4.335,3.284,15.0
85.045,-4.278,2.788,35.0
28.421,-1.435,1.723,69.0
28.418,-1.439,1.575,68.0
28.417,-1.443,1.426,59.0
84.748,-4.316,3.804,52.0
83.608,-4.27,3.317,20.0
84.997,-4.353,2.929,35.0
28.422,-1.461,1.771,71.0
28.418,-1.464,1.622,64.0
28.416,-1.468,1.474,66.0
84.137,-4.358,3.918,27.0
83.717,-4.348,3.463,20.0
0.0,0.0,0.0,0.0
28.428,-1.486,1.82,73.0
28.426,-1.489,1.671,66.0
28.421,-1.492,1.522,66.0
83.727,-4.408,4.041,21.0
83.507,-4.407,3.595,31.0
83.729,-4.429,3.168,32.0
28.422,-1.509,1.868,67.0
28.413,-1.512,1.719,65.0
28.409,-1.515,1.57,65.0
28.407,-1.518,1.419,59.0
83.444,-4.469,3.733,34.0
83.577,-4.485,3.304,34.0
28.432,-1.531,1.916,76.0
24.497,-1.322,1.523,32.0
28.416,-1.536,1.618,58.0
28.413,-1.539,1.467,68.0
83.627,-4.541,3.882,35.0
83.583,-4.547,3.444,33.0
28.416,-1.551,1.964,35.0
24.451,-1.337,1.562,30.0
28.403,-1.556,1.666,31.0
28.422,-1.56,1.516,64.0
83.756,-4.607,4.03,21.0
83.394,-4.596,3.579,32.0
24.537,-1.357,1.737,26.0
24.473,-1.355,1.605,29.0
24.449,-1.356,1.476,45.0
28.415,-1.579,1.564,36.0
28.412,-1.582,1.415,57.0
24.6,-1.371,1.097,3.0
24.47,-1.369,1.775,26.0
24.502,-1.373,1.648,39.0
24.422,-1.37,1.515,44.0
24.465,-1.375,1.388,40.0
28.411,-1.599,1.464,19.0
24.54,-1.383,1.136,26.0
24.459,-1.383,1.816,52.0
24.492,-1.387,1.69,45.0
24.41,-1.384,1.556,47.0
24.436,-1.387,1.428,60.0
24.502,-1.393,1.303,47.0
24.542,-1.397,1.177,35.0
24.431,-1.396,1.855,65.0
24.464,-1.399,1.729,53.0
24.419,-1.398,1.598,35.0
24.418,-1.4,1.468,61.0
24.461,-1.404,1.343,64.0
24.515,-1.409,1.218,44.0
24.389,-1.406,1.893,51.0
24.43,-1.41,1.768,50.0
24.436,-1.412,1.64,45.0
24.399,-1.411,1.507,67.0
24.441,-1.415,1.382,78.0
24.496,-1.42,1.258,54.0
24.345,-1.416,1.931,69.0
24.411,-1.421,1.808,63.0
24.429,-1.423,1.681,57.0
24.373,-1.421,1.547,66.0
24.423,-1.425,1.422,43.0
24.473,-1.429,1.298,66.0
24.326,-1.426,1.97,57.0
24.382,-1.43,1.847,54.0
24.409,-1.432,1.72,60.0
24.397,-1.433,1.589,50.0
24.382,-1.433,1.461,57.0
24.449,-1.438,1.337,54.0
28.422,-1.677,2.35,13.0
24.359,-1.438,1.886,56.0
24.389,-1.44,1.76,54.0
24.403,-1.442,1.631,59.0
24.385,-1.442,1.502,69.0
24.42,-1.445,1.376,43.0
28.436,-1.688,2.398,68.0
24.343,-1.446,1.925,75.0
24.393,-1.449,1.801,54.0
24.41,-1.451,1.672,67.0
24.387,-1.45,1.542,70.0
24.403,-1.452,1.415,44.0
28.436,-1.697,2.446,74.0
24.337,-1.453,1.965,45.0
24.374,-1.456,1.84,57.0
24.398,-1.457,1.711,52.0
24.384,-1.457,1.582,55.0
24.39,-1.458,1.455,45.0
28.433,-1.705,2.493,73.0
28.424,-1.705,2.342,16.0
24.346,-1.46,1.878,59.0
24.377,-1.462,1.75,42.0
24.409,-1.464,1.624,64.0
24.385,-1.463,1.495,54.0
28.431,-1.712,2.54,67.0
28.44,-1.712,2.39,62.0
24.345,-1.466,1.918,61.0
24.377,-1.468,1.79,45.0
24.4,-1.469,1.663,62.0
24.392,-1.468,1.535,66.0
28.418,-1.717,2.585,37.0
28.435,-1.717,2.436,68.0
24.344,-1.47,1.957,44.0
24.365,-1.471,1.828,55.0
24.378,-1.471,1.701,45.0
24.399,-1.473,1.574,67.0
28.409,-1.721,2.63,0.0
28.436,-1.721,2.482,66.0
28.453,-1.722,2.333,10.0
24.354,-1.474,1.866,54.0
24.368,-1.474,1.739,39.0
24.402,-1.476,1.613,70.0
54.304,-3.296,5.115,3.0
28.429,-1.724,2.527,61.0
28.425,-1.723,2.376,56.0
24.334,-1.474,1.904,56.0
24.374,-1.476,1.778,40.0
24.393,-1.477,1.651,66.0
54.306,-3.3,5.202,9.0
28.442,-1.727,2.574,44.0
28.428,-1.725,2.422,64.0
24.337,-1.476,1.942,53.0
24.367,-1.477,1.816,49.0
24.376,-1.476,1.688,50.0
30.484,-1.853,2.968,16.0
28.448,-1.728,2.619,3.0
28.434,-1.726,2.467,66.0
24.36,-1.478,1.982,31.0
24.342,-1.475,1.852,53.0
24.372,-1.476,1.726,36.0
30.489,-1.853,3.016,62.0
58.919,-3.578,5.517,3.0
28.437,-1.725,2.512,60.0
28.422,-1.723,2.357,38.0
24.344,-1.475,1.89,56.0
24.37,-1.475,1.763,38.0
30.484,-1.851,3.063,80.0
54.296,-3.295,5.168,8.0
28.433,-1.723,2.555,55.0
28.426,-1.721,2.401,66.0
24.339,-1.472,1.927,60.0
24.369,-1.473,1.8,50.0
30.463,-1.847,3.108,46.0
30.494,-1.847,2.948,6.0
28.405,-1.719,2.595,16.0
28.43,-1.718,2.444,70.0
24.344,-1.47,1.964,40.0
24.377,-1.47,1.837,59.0
30.468,-1.844,3.154,25.0
30.471,-1.842,2.992,45.0
54.211,-3.273,5.034,10.0
28.427,-1.714,2.486,68.0
28.435,-1.712,2.336,16.0
24.344,-1.464,1.87,60.0
0.0,0.0,0.0,0.0
30.484,-1.837,3.038,70.0
47.545,-2.862,4.485,3.0
28.426,-1.708,2.527,62.0
28.432,-1.706,2.376,59.0
24.356,-1.46,1.907,71.0
31.748,-1.909,3.38,46.0
30.481,-1.83,3.082,58.0
47.471,-2.847,4.547,6.0
28.422,-1.702,2.567,47.0
28.43,-1.7,2.417,72.0
24.341,-1.453,1.94,61.0
31.759,-1.903,3.427,64.0
30.516,-1.825,3.129,34.0
30.483,-1.82,2.963,24.0
28.424,-1.694,2.608,5.0
28.433,-1.692,2.458,69.0
24.33,-1.446,1.973,38.0
31.762,-1.894,3.472,41.0
31.335,-1.865,3.257,28.0
30.489,-1.811,3.006,46.0
45.691,-2.71,4.256,4.0
28.429,-1.683,2.496,69.0
28.428,-1.68,2.345,17.0
31.786,-1.885,3.519,4.0
31.725,-1.878,3.342,47.0
30.479,-1.801,3.047,67.0
47.445,-2.798,4.485,3.0
28.422,-1.673,2.534,65.0
28.423,-1.67,2.383,49.0
25.246,-1.488,2.83,45.0
31.73,-1.866,3.386,50.0
30.519,-1.792,3.093,46.0
47.477,-2.782,4.552,4.0
28.407,-1.661,2.571,39.0
28.43,-1.659,2.421,71.0
25.251,-1.479,2.864,45.0
31.753,-1.855,3.43,44.0
31.206,-1.819,3.203,34.0
30.485,-1.774,2.963,40.0
46.525,-2.701,4.273,5.0
28.426,-1.647,2.458,69.0
25.264,-1.468,2.899,20.0
31.779,-1.843,3.475,18.0
31.742,-1.836,3.3,55.0
30.489,-1.76,3.003,59.0
51.485,-2.966,4.794,4.0
28.413,-1.633,2.494,65.0
25.356,-1.462,2.942,11.0
25.296,-1.455,2.798,19.0
31.713,-1.82,3.337,28.0
30.492,-1.745,3.041,53.0
0.0,0.0,0.0,0.0
28.413,-1.619,2.529,64.0
25.439,-1.454,2.984,9.0
25.281,-1.441,2.828,26.0
36.891,-2.098,3.928,12.0
31.027,-1.76,3.133,44.0
30.524,-1.727,2.918,20.0
28.416,-1.604,2.564,50.0
33.472,-1.895,3.967,4.0
25.307,-1.429,2.862,25.0
36.974,-2.083,3.981,11.0
31.659,-1.778,3.235,36.0
30.506,-1.709,2.952,44.0
28.427,-1.589,2.598,4.0
33.501,-1.878,4.011,4.0
25.383,-1.418,2.901,22.0
46.168,-2.574,5.026,11.0
46.12,-2.564,4.766,10.0
30.531,-1.692,2.99,58.0
24.163,-1.336,2.236,10.0
36.988,-2.051,4.471,4.0
25.414,-1.405,2.933,29.0
52.611,-2.901,5.788,4.0
43.793,-2.408,4.575,3.0
30.904,-1.694,3.061,39.0
24.134,-1.319,2.26,24.0
0.0,0.0,0.0,0.0
25.44,-1.39,2.965,31.0
47.677,-2.598,5.298,6.0
51.467,-2.797,5.433,9.0
31.559,-1.709,3.161,28.0
24.116,-1.302,2.285,44.0
38.562,-2.088,4.747,36.0
25.46,-1.374,2.995,45.0
47.261,-2.544,5.302,18.0
37.026,-1.987,3.948,12.0
24.042,-1.286,2.433,2.0
24.095,-1.285,2.308,48.0
25.525,-1.365,3.169,2.0
25.477,-1.358,3.023,37.0
53.64,-2.85,6.073,6.0
36.866,-1.952,3.969,5.0
24.018,-1.267,2.455,18.0
24.072,-1.266,2.33,57.0
25.511,-1.345,3.193,29.0
25.453,-1.338,3.046,28.0
38.572,-2.021,4.406,2.0
36.857,-1.924,4.005,5.0
23.984,-1.248,2.476,24.0
24.07,-1.248,2.353,66.0
25.524,-1.327,3.22,58.0
25.484,-1.32,3.075,29.0
0.0,0.0,0.0,0.0
23.897,-1.229,2.62,14.0
23.989,-1.23,2.499,29.0
24.048,-1.228,2.374,60.0
25.536,-1.307,3.246,40.0
25.495,-1.3,3.101,11.0
37.015,-1.882,4.299,8.0
23.857,-1.208,2.637,28.0
23.966,-1.209,2.518,34.0
24.045,-1.209,2.396,40.0
46.518,-2.344,5.956,14.0
33.544,-1.684,4.11,2.0
23.774,-1.189,2.782,23.0
23.825,-1.187,2.655,28.0
23.947,-1.188,2.537,38.0
24.031,-1.188,2.415,23.0
37.19,-1.843,4.794,2.0
23.747,-1.172,2.93,4.0
23.775,-1.169,2.802,38.0
23.803,-1.166,2.672,31.0
23.921,-1.167,2.555,30.0
38.697,-1.881,3.921,27.0
37.182,-1.811,4.823,8.0
23.777,-1.153,2.953,11.0
23.724,-1.146,2.816,25.0
23.801,-1.145,2.691,43.0
23.902,-1.145,2.572,20.0
38.688,-1.847,3.951,29.0
42.367,-2.026,5.53,1.0
23.714,-1.129,2.964,35.0
23.678,-1.123,2.829,25.0
23.831,-1.125,2.713,41.0
23.929,-1.125,2.593,1.0
46.312,-2.169,4.764,37.0
23.854,-1.119,3.131,22.0
23.718,-1.108,2.982,49.0
23.689,-1.101,2.847,35.0
23.788,-1.101,2.726,5.0
60.135,-2.772,6.559,9.0
37.12,-1.704,3.845,10.0
23.849,-1.096,3.148,64.0
23.799,-1.089,3.009,47.0
23.693,-1.079,2.864,27.0
40.194,-1.823,4.633,2.0
47.796,-2.158,5.246,5.0
37.104,-1.668,3.868,9.0
23.852,-1.073,3.164,69.0
23.851,-1.068,3.032,52.0
23.756,-1.059,2.888,14.0
47.323,-2.101,5.486,12.0
37.09,-1.639,4.094,22.0
37.123,-1.633,3.893,2.0
23.824,-1.049,3.176,25.0
23.849,-1.045,3.046,18.0
39.35,-1.716,4.808,5.0
39.653,-1.721,4.621,4.0
47.251,-2.041,5.244,40.0
31.829,-1.368,3.357,5.0
37.104,-1.597,4.968,15.0
39.759,-1.703,5.101,7.0
39.33,-1.676,4.827,11.0
48.948,-2.076,5.731,5.0
36.519,-1.541,4.073,1.0
31.796,-1.335,3.37,3.0
32.489,-1.365,4.368,2.0
36.724,-1.535,4.732,13.0
0.0,0.0,0.0,0.0
28.402,-1.175,3.34,33.0
28.422,-1.17,3.184,51.0
24.722,-1.013,2.633,22.0
28.402,-1.164,3.832,21.0
28.414,-1.158,3.675,47.0
28.402,-1.152,3.515,55.0
28.391,-1.145,3.352,83.0
28.402,-1.14,3.195,110.0
24.736,-0.988,2.646,39.0
28.375,-1.133,3.842,28.0
28.394,-1.128,3.685,96.0
28.384,-1.122,3.525,96.0
28.391,-1.115,3.364,96.0
28.396,-1.11,3.207,106.0
24.746,-0.962,2.657,34.0
28.37,-1.103,3.853,28.0
28.397,-1.098,3.697,79.0
28.4,-1.092,3.538,67.0
28.398,-1.086,3.376,61.0
28.403,-1.08,3.218,32.0
24.765,-0.936,2.668,36.0
28.402,-1.073,3.867,32.0
32.326,-1.215,4.22,2.0
32.255,-1.205,4.03,45.0
32.178,-1.195,3.836,42.0
32.032,-1.183,3.64,4.0
24.777,-0.91,2.677,36.0
32.364,-1.188,4.418,13.0
32.33,-1.179,4.231,62.0
38.783,-1.406,4.857,27.0
39.066,-1.408,4.669,29.0
24.875,-0.891,2.834,20.0
24.819,-0.884,2.689,34.0
32.292,-1.149,4.417,26.0
32.368,-1.145,4.244,18.0
38.917,-1.368,4.884,50.0
0.0,0.0,0.0,0.0
24.873,-0.864,2.84,22.0
24.825,-0.857,2.695,25.0
32.292,-1.114,4.424,51.0
38.575,-1.322,5.067,41.0
33.114,-1.128,4.163,3.0
43.586,-1.475,5.23,24.0
24.889,-0.837,2.846,25.0
44.131,-1.475,4.8,7.0
32.337,-1.079,4.436,23.0
25.23,-0.836,3.318,25.0
25.249,-0.831,3.178,38.0
44.341,-1.451,5.327,4.0
24.874,-0.808,2.848,26.0
44.137,-1.425,4.807,9.0
25.243,-0.813,3.467,44.0
25.235,-0.808,3.322,74.0
25.235,-0.802,3.18,66.0
25.163,-0.794,3.026,20.0
24.895,-0.781,2.853,32.0
36.751,-1.144,4.006,1.0
25.237,-0.784,3.468,55.0
25.247,-0.779,3.326,42.0
25.232,-0.773,3.181,30.0
25.141,-0.765,3.025,24.0
24.85,-0.751,2.85,47.0
44.46,-1.334,4.849,6.0
0.0,0.0,0.0,0.0
32.886,-0.977,4.334,6.0
33.702,-0.994,4.25,3.0
25.142,-0.735,3.026,24.0
24.817,-0.721,2.847,43.0
41.18,-1.187,4.492,2.0
32.358,-0.93,4.449,2.0
36.369,-1.037,4.793,4.0
47.551,-1.346,5.997,13.0
25.181,-0.707,3.03,27.0
24.832,-0.692,2.847,50.0
47.492,-1.314,5.178,8.0
32.342,-0.891,4.445,3.0
38.057,-1.04,5.013,1.0
25.246,-0.685,3.182,17.0
25.144,-0.677,3.024,21.0
24.836,-0.663,2.846,41.0
40.983,-1.086,4.465,7.0
32.364,-0.854,4.445,5.0
38.885,-1.018,5.119,5.0
25.264,-0.656,3.181,34.0
24.825,-0.639,2.983,20.0
42.37,-1.083,4.851,16.0
47.17,-1.196,5.133,5.0
36.972,-0.932,5.073,8.0
39.66,-0.992,5.215,2.0
25.255,-0.626,3.177,22.0
24.769,-0.609,2.972,30.0
43.217,-1.053,4.94,3.0
51.707,-1.25,5.618,5.0
39.17,-0.942,5.367,2.0
36.727,-0.875,4.822,6.0
25.3,-0.597,3.177,17.0
24.791,-0.58,2.969,45.0
43.422,-1.008,4.954,9.0
44.656,-1.027,4.842,48.0
44.525,-1.018,6.09,9.0
36.818,-0.834,4.825,24.0
44.596,-1.001,5.589,4.0
24.802,-0.551,2.964,49.0
52.0,-1.146,5.92,20.0
59.509,-1.299,6.436,9.0
43.986,-0.953,6.005,6.0
36.793,-0.79,4.811,4.0
24.771,-0.527,3.097,42.0
24.797,-0.522,2.956,30.0
40.352,-0.842,4.581,12.0
45.189,-0.934,4.873,3.0
38.624,-0.792,5.26,2.0
37.541,-0.762,4.897,6.0
24.763,-0.497,3.088,81.0
40.432,-0.804,4.807,12.0
51.47,-1.013,5.825,10.0
44.446,-0.866,4.777,4.0
24.75,-0.478,3.361,8.0
24.759,-0.473,3.22,82.0
24.75,-0.468,3.077,15.0
42.574,-0.797,5.045,2.0
43.923,-0.813,4.953,18.0
31.742,-0.582,3.399,16.0
24.754,-0.449,3.351,53.0
24.766,-0.444,3.21,34.0
40.807,-0.724,5.056,16.0
44.256,-0.777,5.225,18.0
44.364,-0.77,4.984,18.0
31.747,-0.545,3.385,27.0
24.756,-0.42,3.34,60.0
24.791,-0.416,3.202,1.0
40.599,-0.673,5.01,3.0
37.586,-0.616,4.419,28.0
37.607,-0.609,4.206,52.0
31.772,-0.509,3.372,30.0
24.749,-0.391,3.326,14.0
37.65,-0.588,4.843,39.0
37.677,-0.581,4.63,49.0
37.616,-0.573,4.402,7.0
37.613,-0.566,4.186,28.0
37.65,-0.559,3.975,28.0
37.498,-0.549,5.019,51.0
40.554,-0.586,5.194,5.0
0.0,0.0,0.0,0.0
37.528,-0.528,4.37,24.0
31.758,-0.441,3.516,0.0
37.663,-0.516,3.954,8.0
45.037,-0.607,6.001,11.0
34.249,-0.455,4.365,2.0
46.543,-0.61,5.664,4.0
54.052,-0.699,6.261,15.0
54.212,-0.691,5.968,12.0
54.223,-0.681,5.659,19.0
40.646,-0.501,5.389,4.0
37.755,-0.459,4.787,1.0
44.237,-0.529,5.354,1.0
40.675,-0.479,4.684,11.0
31.849,-0.369,3.485,62.0
43.266,-0.494,4.486,3.0
36.381,-0.407,4.798,3.0
47.412,-0.522,5.979,4.0
0.0,0.0,0.0,0.0
52.583,-0.561,6.018,25.0
31.846,-0.334,3.462,57.0
52.488,-0.542,5.404,16.0
36.321,-0.366,4.764,5.0
34.209,-0.338,4.288,1.0
35.978,-0.35,4.302,2.0
31.825,-0.304,3.618,15.0
47.424,-0.445,5.119,18.0
52.199,-0.481,5.334,48.0
37.739,-0.338,4.92,3.0
47.76,-0.42,5.949,17.0
47.654,-0.411,5.66,16.0
31.833,-0.269,3.594,40.0
47.088,-0.39,5.045,50.0
47.028,-0.382,4.768,29.0
37.73,-0.297,4.888,4.0
47.252,-0.364,5.847,41.0
47.242,-0.356,5.572,13.0
31.859,-0.235,3.57,60.0
38.895,-0.28,4.134,66.0
38.886,-0.274,3.909,61.0
37.529,-0.254,4.829,26.0
36.466,-0.241,4.48,1.0
38.725,-0.251,4.533,31.0
39.117,-0.246,4.349,11.0
39.016,-0.239,4.112,33.0
38.895,-0.232,3.876,36.0
38.245,-0.218,4.886,5.0
38.693,-0.215,4.719,10.0
31.896,-0.172,3.704,50.0
39.084,-0.205,4.309,43.0
53.27,-0.271,5.565,6.0
51.244,-0.253,5.058,14.0
38.519,-0.179,4.884,6.0
39.19,-0.177,4.741,13.0
31.909,-0.139,3.675,29.0
42.804,-0.18,4.678,4.0
51.308,-0.208,5.31,21.0
30.991,-0.121,3.029,44.0
39.23,-0.142,4.936,5.0
31.955,-0.111,3.834,67.0
51.216,-0.17,5.848,9.0
36.785,-0.117,3.983,4.0
52.587,-0.16,5.39,12.0
31.013,-0.089,2.999,55.0
31.96,-0.083,3.988,81.0
31.934,-0.078,3.798,41.0
52.167,-0.121,5.901,8.0
46.087,-0.1,4.941,4.0
51.609,-0.105,5.234,7.0
31.009,-0.058,2.966,9.0
31.968,-0.051,3.954,15.0
52.184,-0.076,6.151,12.0
37.071,-0.049,4.153,5.0
46.026,-0.054,4.884,15.0
30.922,-0.032,3.102,32.0
52.351,-0.047,4.95,6.0
39.761,-0.025,4.873,3.0
36.49,-0.018,4.259,5.0
42.537,-0.015,4.718,6.0
30.768,-0.006,3.23,32.0
30.922,-0.002,3.067,36.0
52.158,0.001,4.872,5.0
33.445,0.011,4.06,4.0
39.789,0.018,4.598,4.0
42.568,0.025,4.671,4.0
30.758,0.022,3.193,37.0
52.355,0.044,5.132,11.0
44.84,0.043,4.136,1.0
39.75,0.05,4.778,1.0
30.496,0.042,3.488,20.0
30.651,0.046,3.327,35.0
30.789,0.05,3.16,35.0
53.551,0.094,5.185,13.0
53.668,0.101,4.885,15.0
40.031,0.087,4.763,2.0
30.501,0.07,3.45,25.0
30.682,0.074,3.292,57.0
30.929,0.078,3.135,38.0
45.834,0.122,4.38,25.0
51.098,0.142,4.587,7.0
30.469,0.093,3.586,5.0
30.554,0.097,3.418,42.0
30.739,0.101,3.259,9.0
30.946,0.106,3.097,46.0
45.734,0.162,4.311,19.0
53.522,0.195,4.735,16.0
30.461,0.12,3.545,34.0
30.568,0.124,3.378,39.0
36.263,0.151,3.796,3.0
30.963,0.132,3.058,8.0
42.988,0.189,3.995,2.0
0.0,0.0,0.0,0.0
30.491,0.146,3.507,28.0
37.017,0.181,4.04,6.0
30.947,0.155,3.197,5.0
60.663,0.311,5.908,15.0
53.573,0.279,4.906,52.0
45.253,0.241,3.881,46.0
30.526,0.171,3.469,18.0
36.955,0.211,3.983,6.0
30.939,0.18,3.154,47.0
53.679,0.318,5.154,29.0
50.961,0.307,4.596,5.0
60.5,0.37,5.105,10.0
30.569,0.196,3.43,2.0
47.575,0.31,5.06,3.0
30.935,0.204,3.109,18.0
41.965,0.281,3.969,3.0
45.759,0.311,4.061,7.0
45.405,0.312,3.766,73.0
42.551,0.305,4.713,2.0
30.938,0.224,3.246,31.0
36.344,0.267,3.6,2.0
45.582,0.339,4.245,45.0
40.405,0.304,3.528,24.0
52.605,0.401,4.287,9.0
47.483,0.375,5.189,7.0
30.942,0.247,3.2,46.0
45.846,0.37,4.474,21.0
53.928,0.44,4.942,6.0
45.013,0.371,3.863,32.0
43.527,0.362,3.482,6.0
37.097,0.32,3.998,8.0
40.112,0.349,4.088,2.0
45.839,0.402,4.403,3.0
50.921,0.451,4.589,12.0
45.128,0.403,3.804,19.0
58.321,0.526,4.577,22.0
30.94,0.288,3.286,36.0
45.92,0.43,4.608,16.0
40.376,0.381,3.816,24.0
40.406,0.385,3.578,48.0
58.101,0.557,4.807,11.0
58.606,0.567,4.508,18.0
45.992,0.458,4.812,9.0
36.328,0.364,3.588,2.0
40.472,0.408,3.76,34.0
40.414,0.411,3.515,12.0
58.215,0.595,4.724,14.0
67.345,0.693,5.072,6.0
52.552,0.556,5.414,12.0
57.739,0.614,5.61,6.0
40.473,0.433,3.695,31.0
44.251,0.476,3.777,5.0
43.363,0.469,3.449,5.0
67.298,0.733,4.96,8.0
40.17,0.448,4.073,2.0
40.304,0.452,3.85,72.0
44.078,0.497,3.952,3.0
52.562,0.596,4.401,24.0
67.221,0.766,5.236,6.0
46.4,0.531,3.344,10.0
36.347,0.426,3.624,6.0
40.323,0.475,3.784,54.0
40.405,0.478,3.555,19.0
52.505,0.624,4.308,20.0
67.371,0.804,5.134,12.0
46.366,0.556,3.263,66.0
40.311,0.494,3.951,6.0
40.438,0.497,3.726,45.0
44.291,0.547,3.822,1.0
43.297,0.536,3.479,9.0
68.081,0.847,5.072,7.0
59.707,0.746,4.101,14.0
40.339,0.514,3.884,25.0
40.481,0.517,3.66,16.0
52.475,0.673,4.438,39.0
68.856,0.886,5.414,8.0
46.371,0.599,3.375,56.0
59.748,0.774,4.0,34.0
40.405,0.533,3.82,28.0
40.402,0.535,3.582,42.0
52.238,0.694,4.326,12.0
68.206,0.908,5.243,12.0
59.301,0.791,4.212,18.0
101.772,1.363,6.636,5.0
40.534,0.552,3.76,25.0
52.454,0.716,4.558,25.0
43.211,0.592,3.502,5.0
46.418,0.637,3.485,42.0
59.697,0.821,4.134,46.0
101.935,1.405,6.465,9.0
44.015,0.617,4.004,6.0
52.228,0.734,4.444,8.0
53.074,0.747,4.205,4.0
46.391,0.654,3.4,54.0
59.809,0.845,4.034,23.0
67.518,0.955,4.16,30.0
40.413,0.581,3.602,91.0
51.376,0.739,4.279,2.0
46.424,0.669,3.594,54.0
59.426,0.858,4.247,31.0
101.459,1.467,6.66,12.0
67.503,0.977,4.038,17.0
40.421,0.594,3.529,11.0
43.179,0.635,3.517,7.0
46.432,0.684,3.51,72.0
59.81,0.882,4.165,34.0
67.567,0.997,4.311,16.0
66.206,0.978,3.838,13.0
44.122,0.661,3.77,5.0
46.443,0.696,3.696,61.0
46.429,0.696,3.424,20.0
101.633,1.525,6.89,13.0
67.516,1.014,4.184,56.0
66.198,0.995,3.715,30.0
46.537,0.708,3.89,2.0
46.427,0.707,3.608,73.0
59.526,0.907,4.277,33.0
67.724,1.033,4.463,3.0
67.53,1.03,4.056,9.0
103.918,1.585,5.635,8.0
46.432,0.717,3.793,39.0
46.434,0.717,3.521,7.0
59.909,0.925,4.192,30.0
67.529,1.043,4.323,41.0
66.233,1.022,3.854,29.0
103.877,1.604,5.437,6.0
46.431,0.725,3.704,90.0
59.314,0.926,4.384,12.0
67.69,1.056,4.606,13.0
67.524,1.053,4.193,39.0
66.224,1.032,3.725,15.0
110.632,1.725,5.578,9.0
46.437,0.731,3.614,29.0
59.619,0.939,4.29,60.0
67.634,1.064,4.471,8.0
0.0,0.0,0.0,0.0
69.72,1.095,3.787,4.0
110.397,1.733,5.353,6.0
67.718,1.074,5.139,19.0
67.683,1.072,4.74,26.0
67.545,1.068,4.335,36.0
66.212,1.047,3.855,38.0
103.852,1.64,5.441,12.0
103.854,1.638,4.834,6.0
67.753,1.079,5.01,21.0
67.683,1.076,4.607,32.0
67.544,1.072,4.203,36.0
66.247,1.05,3.727,6.0
110.4,1.748,5.567,11.0
103.407,1.635,4.612,30.0
59.671,0.951,4.294,69.0
67.618,1.076,4.47,17.0
67.353,1.07,4.058,6.0
69.732,1.106,3.787,4.0
110.416,1.749,5.352,7.0
117.668,1.86,5.018,19.0
67.68,1.078,4.737,28.0
67.554,1.074,4.332,38.0
66.221,1.051,3.859,37.0
103.864,1.645,5.435,15.0
103.871,1.641,4.828,7.0
117.742,1.857,4.787,6.0
67.67,1.075,4.601,24.0
67.549,1.07,4.197,32.0
66.234,1.047,3.728,7.0
110.422,1.741,5.558,13.0
103.419,1.627,4.602,36.0
118.509,1.859,4.581,11.0
67.628,1.068,4.463,14.0
69.075,1.088,4.153,4.0
103.852,1.631,5.636,6.0
110.412,1.729,5.335,8.0
117.695,1.839,5.001,32.0
0.0,0.0,0.0,0.0
67.55,1.058,4.32,56.0
66.222,1.034,3.848,37.0
103.834,1.617,5.427,7.0
69.297,1.075,3.209,2.0
117.726,1.821,4.764,11.0
125.216,1.932,4.337,17.0
67.532,1.047,4.183,31.0
66.199,1.022,3.713,14.0
110.557,1.701,5.554,7.0
103.722,1.591,4.593,31.0
118.554,1.812,4.558,19.0
124.941,1.902,4.076,18.0
69.249,1.059,4.148,10.0
69.594,1.06,3.762,2.0
110.311,1.674,5.318,11.0
103.028,1.557,4.355,20.0
118.534,1.785,4.317,11.0
157.152,2.357,4.808,25.0
66.2,0.996,3.832,27.0
110.652,1.659,5.758,6.0
69.337,1.034,3.202,3.0
102.959,1.529,4.142,12.0
125.196,1.851,4.306,15.0
157.162,2.315,4.491,19.0
66.166,0.977,3.696,18.0
108.966,1.601,5.448,3.0
103.949,1.521,4.591,16.0
118.505,1.725,4.53,26.0
125.042,1.811,4.049,30.0
157.049,2.265,4.171,22.0
101.898,1.472,5.486,6.0
69.353,0.997,3.329,7.0
103.88,1.485,4.378,14.0
118.449,1.685,4.29,40.0
157.863,2.234,4.796,14.0
196.211,2.762,4.816,20.0
110.455,1.556,5.72,9.0
69.332,0.971,3.185,4.0
117.776,1.641,4.724,23.0
118.377,1.639,4.044,20.0
157.829,2.173,4.47,20.0
20.302,0.277,0.456,2.0
69.354,0.95,3.451,7.0
103.853,1.413,4.559,2.0
117.82,1.593,4.484,23.0
125.066,1.68,4.018,24.0
20.297,0.271,0.533,7.0
20.288,0.269,0.415,9.0
110.334,1.463,5.265,7.0
103.902,1.368,4.351,21.0
102.933,1.346,3.709,8.0
125.082,1.624,3.766,26.0
20.295,0.261,0.492,22.0
20.279,0.259,0.373,18.0
110.306,1.41,5.04,21.0
103.96,1.319,4.143,23.0
140.048,1.763,4.763,14.0
20.269,0.253,0.569,15.0
20.29,0.251,0.451,26.0
20.289,0.249,0.333,22.0
124.873,1.533,5.454,9.0
133.321,1.623,5.044,19.0
140.139,1.692,4.484,11.0
20.285,0.242,0.528,27.0
20.283,0.24,0.41,27.0
20.281,0.238,0.292,22.0
124.928,1.466,5.204,23.0
133.449,1.551,4.778,15.0
20.274,0.233,0.607,9.0
20.25,0.231,0.487,25.0
20.275,0.229,0.369,28.0
20.288,0.227,0.251,25.0
124.931,1.392,4.951,25.0
117.993,1.301,3.986,25.0
20.258,0.221,0.566,20.0
20.268,0.219,0.446,29.0
20.287,0.216,0.328,32.0
20.298,0.214,0.21,25.0
103.947,1.093,3.908,24.0
20.306,0.211,0.645,2.0
20.273,0.208,0.525,28.0
20.27,0.206,0.405,34.0
20.285,0.203,0.287,25.0
20.302,0.201,0.169,28.0
103.878,1.024,3.698,25.0
20.262,0.197,0.603,16.0
20.269,0.194,0.485,28.0
20.283,0.192,0.365,29.0
20.292,0.19,0.247,27.0
20.31,0.187,0.128,28.0
103.64,0.949,3.48,59.0
20.257,0.182,0.562,20.0
20.27,0.18,0.444,28.0
20.258,0.177,0.323,26.0
20.292,0.175,0.206,25.0
20.286,0.172,0.088,29.0
20.276,0.17,0.64,7.0
20.226,0.167,0.52,20.0
20.211,0.164,0.402,22.0
20.206,0.162,0.283,21.0
20.185,0.159,0.165,23.0
20.214,0.156,0.047,24.0
20.208,0.154,0.598,13.0
20.158,0.151,0.478,19.0
20.168,0.148,0.361,24.0
20.144,0.145,0.242,20.0
20.2,0.143,0.125,28.0
20.197,0.14,0.007,26.0
20.183,0.137,0.557,19.0
20.168,0.135,0.439,24.0
20.159,0.132,0.321,25.0
20.163,0.129,0.202,23.0
20.197,0.126,0.085,30.0
20.193,0.123,-0.032,28.0
20.177,0.12,0.517,23.0
20.161,0.117,0.399,27.0
20.155,0.114,0.282,27.0
20.16,0.111,0.163,26.0
20.188,0.108,0.045,37.0
20.196,0.106,-0.071,33.0
20.162,0.103,0.477,28.0
20.16,0.099,0.36,28.0
20.161,0.096,0.242,26.0
20.157,0.093,0.123,24.0
20.184,0.09,0.006,27.0
20.182,0.087,-0.11,31.0
20.149,0.084,0.438,30.0
20.141,0.081,0.321,26.0
20.15,0.078,0.204,28.0
20.193,0.075,0.085,32.0
20.214,0.072,-0.032,33.0
20.205,0.068,-0.149,26.0
20.147,0.065,0.4,29.0
20.142,0.062,0.282,27.0
20.137,0.059,0.165,27.0
20.206,0.056,0.046,25.0
20.211,0.052,-0.07,21.0
20.228,0.049,-0.188,12.0
20.147,0.045,0.361,29.0
20.136,0.042,0.244,27.0
20.144,0.039,0.127,28.0
20.257,0.036,0.008,62.0
20.268,0.032,-0.109,150.0
20.249,0.029,-0.226,151.0
20.139,0.025,0.323,30.0
20.126,0.021,0.206,28.0
20.15,0.018,0.089,27.0
20.25,0.015,-0.029,151.0
20.261,0.011,-0.147,151.0
20.271,0.008,-0.265,95.0
20.126,0.004,0.285,28.0
20.126,0.0,0.168,27.0
20.178,-0.002,0.052,19.0
20.194,-0.006,-0.067,18.0
20.204,-0.01,-0.184,6.0
20.199,-0.013,-0.302,1.0
20.121,-0.017,0.248,28.0
20.123,-0.021,0.131,33.0
20.129,-0.024,0.014,29.0
20.151,-0.028,-0.104,28.0
20.155,-0.032,-0.221,10.0
20.162,-0.036,-0.338,9.0
20.121,-0.039,0.211,36.0
20.13,-0.043,0.094,40.0
20.116,-0.047,-0.022,33.0
20.151,-0.051,-0.141,33.0
20.147,-0.055,-0.258,26.0
20.178,-0.059,-0.375,20.0
20.122,-0.062,0.174,30.0
20.139,-0.066,0.058,37.0
20.148,-0.07,-0.058,29.0
20.135,-0.074,-0.177,30.0
20.143,-0.078,-0.294,32.0
20.173,-0.082,-0.411,29.0
20.124,-0.086,0.138,28.0
20.131,-0.09,0.022,33.0
20.15,-0.094,-0.094,27.0
20.143,-0.098,-0.213,25.0
20.142,-0.102,-0.33,35.0
20.165,-0.106,-0.447,34.0
20.134,-0.111,0.102,34.0
20.15,-0.115,-0.013,26.0
20.155,-0.119,-0.13,26.0
20.134,-0.123,-0.249,32.0
20.145,-0.127,-0.366,37.0
20.178,-0.131,-0.483,28.0
20.161,-0.136,0.067,27.0
20.168,-0.14,-0.048,19.0
20.153,-0.144,-0.165,15.0
20.148,-0.148,-0.284,28.0
20.154,-0.152,-0.401,33.0
20.17,-0.157,-0.518,38.0
56.218,-0.45,0.092,6.0
20.184,-0.165,-0.083,4.0
20.158,-0.169,-0.2,8.0
20.18,-0.174,-0.319,23.0
20.174,-0.178,-0.436,27.0
20.18,-0.183,-0.553,38.0
56.226,-0.523,-0.003,11.0
56.521,-0.538,-0.33,1.0
45.062,-0.439,-0.524,21.0
37.881,-0.377,-0.664,13.0
20.197,-0.205,-0.471,24.0
20.197,-0.21,-0.588,36.0
56.221,-0.598,-0.098,5.0
58.985,-0.641,-0.444,5.0
44.841,-0.497,-0.597,19.0
35.933,-0.406,-0.69,4.0
30.12,-0.347,-0.752,2.0
20.215,-0.237,-0.622,29.0
56.22,-0.674,-0.191,0.0
52.835,-0.645,-0.484,12.0
38.727,-0.481,-0.579,14.0
31.933,-0.404,-0.665,18.0
28.719,-0.37,-0.765,2.0
20.204,-0.265,-0.655,15.0
56.537,-0.756,-0.284,6.0
45.259,-0.616,-0.489,13.0
37.969,-0.525,-0.63,29.0
30.929,-0.435,-0.694,27.0
27.477,-0.393,-0.776,2.0
26.93,-0.391,-0.916,1.0
59.299,-0.875,-0.392,5.0
44.906,-0.674,-0.556,33.0
36.076,-0.549,-0.655,2.0
30.095,-0.465,-0.723,24.0
26.38,-0.414,-0.786,2.0
25.7,-0.41,-0.915,0.0
52.91,-0.857,-0.433,23.0
38.711,-0.636,-0.539,11.0
31.565,-0.526,-0.622,9.0
28.684,-0.485,-0.734,3.0
25.445,-0.436,-0.798,4.0
24.555,-0.427,-0.912,0.0
45.467,-0.802,-0.441,16.0
38.183,-0.682,-0.59,17.0
30.878,-0.559,-0.656,29.0
27.993,-0.514,-0.759,5.0
24.014,-0.447,-0.789,1.0
23.5,-0.443,-0.908,0.0
45.021,-0.86,-0.504,32.0
37.879,-0.733,-0.642,13.0
30.519,-0.598,-0.693,31.0
26.987,-0.535,-0.772,2.0
22.893,-0.46,-0.787,2.0
22.317,-0.454,-0.896,1.0
38.363,-0.79,-0.485,27.0
31.504,-0.656,-0.58,8.0
30.356,-0.64,-0.734,12.0
25.02,-0.534,-0.752,1.0
22.043,-0.476,-0.79,1.0
21.41,-0.468,-0.89,0.0
38.342,-0.847,-0.54,20.0
31.082,-0.695,-0.617,29.0
28.392,-0.642,-0.727,1.0
23.801,-0.544,-0.749,12.0
21.284,-0.492,-0.792,0.0
20.674,-0.483,-0.889,1.0
38.068,-0.899,-0.59,27.0
30.64,-0.731,-0.651,31.0
27.783,-0.67,-0.75,1.0
23.724,-0.578,-0.779,13.0
20.64,-0.509,-0.797,1.0
19.993,-0.498,-0.887,1.0
37.874,-0.953,-0.638,13.0
30.463,-0.774,-0.688,33.0
25.181,-0.646,-0.714,5.0
23.504,-0.609,-0.804,2.0
19.997,-0.524,-0.799,0.0
19.334,-0.512,-0.884,1.0
31.34,-0.837,-0.57,22.0
30.299,-0.818,-0.725,10.0
24.517,-0.668,-0.727,13.0
22.301,-0.614,-0.792,0.0
19.297,-0.536,-0.796,0.0
18.677,-0.524,-0.878,1.0
30.906,-0.875,-0.602,33.0
28.822,-0.823,-0.727,1.0
23.859,-0.688,-0.739,19.0
21.03,-0.612,-0.774,1.0
18.875,-0.554,-0.803,0.0
18.068,-0.536,-0.873,0.0
30.615,-0.915,-0.635,40.0
27.748,-0.837,-0.735,1.0
23.75,-0.723,-0.765,12.0
20.465,-0.629,-0.779,1.0
18.33,-0.568,-0.803,0.0
17.484,-0.547,-0.867,0.0
30.488,-0.961,-0.67,38.0
25.24,-0.802,-0.699,2.0
23.297,-0.747,-0.779,5.0
19.766,-0.639,-0.776,3.0
17.972,-0.587,-0.809,0.0
16.99,-0.559,-0.863,0.0
30.448,-1.009,-0.706,20.0
24.632,-0.824,-0.712,17.0
22.549,-0.76,-0.781,4.0
19.403,-0.659,-0.785,0.0
17.642,-0.605,-0.815,0.0
16.434,-0.568,-0.854,0.0
0.0,0.0,0.0,0.0
24.137,-0.847,-0.726,23.0
21.793,-0.771,-0.78,0.0
18.849,-0.672,-0.785,1.0
17.154,-0.617,-0.812,0.0
16.141,-0.585,-0.857,1.0
28.251,-1.03,-0.72,0.0
23.802,-0.875,-0.743,17.0
21.043,-0.78,-0.777,0.0
18.51,-0.691,-0.791,0.0
16.925,-0.637,-0.821,0.0
15.994,-0.607,-0.867,1.0
27.895,-1.064,-0.741,1.0
23.715,-0.911,-0.765,8.0
20.543,-0.796,-0.78,3.0
18.22,-0.711,-0.798,1.0
28.523,-1.122,-1.414,1.0
15.878,-0.629,-0.878,1.0
25.085,-0.999,-0.692,6.0
23.016,-0.923,-0.767,2.0
20.197,-0.816,-0.788,1.0
17.876,-0.728,-0.802,1.0
16.282,-0.668,-0.823,1.0
15.781,-0.652,-0.889,1.0
24.529,-1.018,-0.702,18.0
22.183,-0.928,-0.761,1.0
19.618,-0.826,-0.785,0.0
17.464,-0.741,-0.801,0.0
16.202,-0.692,-0.835,0.0
15.67,-0.674,-0.898,1.0
24.021,-1.038,-0.711,20.0
21.836,-0.951,-0.771,3.0
19.313,-0.846,-0.792,0.0
17.142,-0.756,-0.802,0.0
15.895,-0.707,-0.835,0.0
15.569,-0.697,-0.907,0.0
23.852,-1.072,-0.728,18.0
21.386,-0.968,-0.775,1.0
18.884,-0.86,-0.792,0.0
16.805,-0.771,-0.802,1.0
15.656,-0.723,-0.837,0.0
15.481,-0.72,-0.916,1.0
23.767,-1.109,-0.747,13.0
20.87,-0.98,-0.775,1.0
18.47,-0.873,-0.791,0.0
16.539,-0.787,-0.804,0.0
15.482,-0.741,-0.841,0.0
15.377,-0.741,-0.923,1.0
23.522,-1.138,-0.759,5.0
20.502,-0.998,-0.778,0.0
18.265,-0.895,-0.797,0.0
16.377,-0.808,-0.81,1.0
15.39,-0.764,-0.849,1.0
15.294,-0.764,-0.931,1.0
22.958,-1.151,-0.76,3.0
19.971,-1.007,-0.774,0.0
17.916,-0.909,-0.797,0.0
16.241,-0.829,-0.816,0.0
15.291,-0.786,-0.856,1.0
15.212,-0.786,-0.938,0.0
22.401,-1.161,-0.759,3.0
19.663,-1.026,-0.778,0.0
17.527,-0.92,-0.793,0.0
16.007,-0.845,-0.817,0.0
15.177,-0.806,-0.861,0.0
15.112,-0.807,-0.943,0.0
21.964,-1.177,-0.76,1.0
19.411,-1.046,-0.782,0.0
17.277,-0.936,-0.794,0.0
15.848,-0.864,-0.82,1.0
15.079,-0.827,-0.866,0.0
15.013,-0.828,-0.947,1.0
21.494,-1.189,-0.759,2.0
19.092,-1.062,-0.782,0.0
17.018,-0.952,-0.794,0.0
15.744,-0.886,-0.825,1.0
14.991,-0.848,-0.871,1.0
14.935,-0.85,-0.953,1.0
21.154,-1.207,-0.76,2.0
18.739,-1.075,-0.78,1.0
16.848,-0.972,-0.796,0.0
15.617,-0.906,-0.828,1.0
14.923,-0.871,-0.876,1.0
14.893,-0.874,-0.959,1.0
20.89,-1.228,-0.764,1.0
18.632,-1.102,-0.787,1.0
16.643,-0.989,-0.797,0.0
15.512,-0.927,-0.832,0.0
14.859,-0.893,-0.881,1.0
14.842,-0.897,-0.965,1.0
20.755,-1.257,-0.771,2.0
18.399,-1.12,-0.787,1.0
16.452,-1.007,-0.797,1.0
15.423,-0.949,-0.836,0.0
14.805,-0.916,-0.886,1.0
14.789,-0.919,-0.969,1.0
20.395,-1.27,-0.768,0.0
18.282,-1.145,-0.792,2.0
16.328,-1.028,-0.799,1.0
15.303,-0.968,-0.837,0.0
14.728,-0.937,-0.889,1.0
14.698,-0.94,-0.971,0.0
20.257,-1.297,-0.773,0.0
18.107,-1.165,-0.793,1.0
16.257,-1.051,-0.804,1.0
15.23,-0.99,-0.84,1.0
14.661,-0.958,-0.892,1.0
14.644,-0.962,-0.974,0.0
19.899,-1.309,-0.768,1.0
17.871,-1.181,-0.791,0.0
16.173,-1.074,-0.807,1.0
15.136,-1.01,-0.842,1.0
14.601,-0.979,-0.895,1.0
14.582,-0.983,-0.976,0.0
19.769,-1.334,-0.771,0.0
17.604,-1.194,-0.786,0.0
16.111,-1.098,-0.81,1.0
15.063,-1.031,-0.844,1.0
14.55,-1.001,-0.897,1.0
14.494,-1.002,-0.975,0.0
19.536,-1.352,-0.769,1.0
17.498,-1.217,-0.787,0.0
15.978,-1.116,-0.809,1.0
14.976,-1.051,-0.844,0.0
14.491,-1.022,-0.898,1.0
14.424,-1.022,-0.976,0.0
19.481,-1.382,-0.774,0.0
17.37,-1.237,-0.787,1.0
15.885,-1.137,-0.809,1.0
14.874,-1.069,-0.843,0.0
14.426,-1.042,-0.899,1.0
14.368,-1.042,-0.976,0.0
19.263,-1.399,-0.77,1.0
17.169,-1.252,-0.783,10.0
15.858,-1.162,-0.812,0.0
14.81,-1.09,-0.843,0.0
14.375,-1.063,-0.899,1.0
14.308,-1.063,-0.976,0.0
19.157,-1.423,-0.771,1.0
17.172,-1.282,-0.787,4.0
15.731,-1.179,-0.809,1.0
14.736,-1.109,-0.842,1.0
14.307,-1.082,-0.898,1.0
14.263,-1.083,-0.975,0.0
19.085,-1.45,-0.772,0.0
17.109,-1.305,-0.787,2.0
15.717,-1.204,-0.811,1.0
14.702,-1.131,-0.843,0.0
14.25,-1.101,-0.897,1.0
14.231,-1.104,-0.976,0.0
18.988,-1.474,-0.771,0.0
16.994,-1.325,-0.785,1.0
15.696,-1.229,-0.813,1.0
14.643,-1.151,-0.841,1.0
14.19,-1.12,-0.895,1.0
14.162,-1.123,-0.973,1.0
18.937,-1.502,-0.771,0.0
16.938,-1.348,-0.784,1.0
15.706,-1.255,-0.815,1.0
14.617,-1.173,-0.842,0.0
14.152,-1.141,-0.894,1.0
14.127,-1.143,-0.972,1.0
18.837,-1.525,-0.768,1.0
16.971,-1.379,-0.787,0.0
15.669,-1.278,-0.814,1.0
14.609,-1.196,-0.842,0.0
14.107,-1.16,-0.892,1.0
14.092,-1.164,-0.97,1.0
18.902,-1.561,-0.772,2.0
16.898,-1.4,-0.784,0.0
15.652,-1.302,-0.813,1.0
14.545,-1.215,-0.838,0.0
14.059,-1.179,-0.889,1.0
14.05,-1.183,-0.967,1.0
18.802,-1.583,-0.768,1.0
16.973,-1.434,-0.787,0.0
15.605,-1.323,-0.811,1.0
14.539,-1.237,-0.838,0.0
14.024,-1.198,-0.887,1.0
14.012,-1.201,-0.964,1.0
18.819,-1.613,-0.767,1.0
16.911,-1.455,-0.784,0.0
15.619,-1.349,-0.811,1.0
14.588,-1.264,-0.84,1.0
13.988,-1.217,-0.883,1.0
13.963,-1.22,-0.96,1.0
18.859,-1.647,-0.768,1.0
17.003,-1.49,-0.786,0.0
15.632,-1.375,-0.81,1.0
14.611,-1.289,-0.84,1.0
13.952,-1.236,-0.879,1.0
13.938,-1.239,-0.956,1.0
18.936,-1.683,-0.768,1.0
17.024,-1.518,-0.785,1.0
15.661,-1.401,-0.809,0.0
14.594,-1.31,-0.837,1.0
13.904,-1.253,-0.874,1.0
13.895,-1.256,-0.951,1.0
18.945,-1.712,-0.766,1.0
16.993,-1.541,-0.781,0.0
15.642,-1.423,-0.806,1.0
14.587,-1.332,-0.834,0.0
13.862,-1.27,-0.869,1.0
13.855,-1.274,-0.946,1.0
18.979,-1.744,-0.763,1.0
17.01,-1.568,-0.778,0.0
15.704,-1.452,-0.806,1.0
14.605,-1.355,-0.831,0.0
13.845,-1.289,-0.865,1.0
13.824,-1.292,-0.941,1.0
19.102,-1.784,-0.764,2.0
17.088,-1.601,-0.778,0.0
15.748,-1.48,-0.804,1.0
14.679,-1.384,-0.832,0.0
13.813,-1.307,-0.859,1.0
13.777,-1.307,-0.934,1.0
19.23,-1.824,-0.764,1.0
17.131,-1.63,-0.775,0.0
15.826,-1.51,-0.803,1.0
14.755,-1.413,-0.832,0.0
13.801,-1.325,-0.855,0.0
13.743,-1.324,-0.927,1.0
19.309,-1.859,-0.761,1.0
17.287,-1.669,-0.777,0.0
15.84,-1.534,-0.799,1.0
14.794,-1.437,-0.829,0.0
13.831,-1.348,-0.852,0.0
13.715,-1.341,-0.921,1.0
19.465,-1.902,-0.76,1.0
17.409,-1.706,-0.776,1.0
15.919,-1.564,-0.797,1.0
14.906,-1.469,-0.83,0.0
13.932,-1.377,-0.853,0.0
13.697,-1.358,-0.914,1.0
19.542,-1.936,-0.756,1.0
17.507,-1.74,-0.774,0.0
16.03,-1.598,-0.796,1.0
14.995,-1.499,-0.829,1.0
13.979,-1.401,-0.85,0.0
13.656,-1.373,-0.906,1.0
19.673,-1.976,-0.753,1.0
17.719,-1.785,-0.775,0.0
16.157,-1.632,-0.796,1.0
15.049,-1.524,-0.826,1.0
14.051,-1.427,-0.848,0.0
13.619,-1.387,-0.897,1.0
19.937,-2.029,-0.754,2.0
17.923,-1.829,-0.776,0.0
16.208,-1.658,-0.791,1.0
15.089,-1.548,-0.821,1.0
14.108,-1.451,-0.845,1.0
13.595,-1.403,-0.889,1.0
20.107,-2.073,-0.751,2.0
18.031,-1.863,-0.772,1.0
16.317,-1.69,-0.788,2.0
15.16,-1.575,-0.817,1.0
14.167,-1.476,-0.841,1.0
13.57,-1.417,-0.881,1.0
20.271,-2.116,-0.746,2.0
18.101,-1.894,-0.765,1.0
16.411,-1.721,-0.784,1.0
15.235,-1.602,-0.813,1.0
14.269,-1.504,-0.84,1.0
13.551,-1.432,-0.872,1.0
20.655,-2.181,-0.749,4.0
18.336,-1.94,-0.765,1.0
16.537,-1.754,-0.781,0.0
15.334,-1.631,-0.809,1.0
14.358,-1.531,-0.837,0.0
13.551,-1.448,-0.864,1.0
20.754,-2.216,-0.741,3.0
18.549,-1.985,-0.763,1.0
16.744,-1.796,-0.781,1.0
15.423,-1.658,-0.805,1.0
14.444,-1.557,-0.833,1.0
13.57,-1.466,-0.857,0.0
20.969,-2.264,-0.735,3.0
18.812,-2.035,-0.763,0.0
16.939,-1.837,-0.779,1.0
15.558,-1.691,-0.802,1.0
14.532,-1.583,-0.829,0.0
13.658,-1.491,-0.854,0.0
21.146,-2.307,-0.728,2.0
18.971,-2.074,-0.756,1.0
17.094,-1.873,-0.775,1.0
15.728,-1.727,-0.801,0.0
14.683,-1.616,-0.828,0.0
13.79,-1.521,-0.852,0.0
21.549,-2.375,-0.727,2.0
19.289,-2.13,-0.756,1.0
17.284,-1.913,-0.772,1.0
15.897,-1.763,-0.798,1.0
14.833,-1.649,-0.826,1.0
13.899,-1.548,-0.849,0.0
22.006,-2.449,-0.727,3.0
19.513,-2.176,-0.751,1.0
17.623,-1.969,-0.774,1.0
16.034,-1.795,-0.793,1.0
14.972,-1.68,-0.822,1.0
13.982,-1.572,-0.844,1.0
22.305,-2.505,-0.721,4.0
19.853,-2.234,-0.75,1.0
17.769,-2.003,-0.767,2.0
16.161,-1.826,-0.788,1.0
15.068,-1.706,-0.816,1.0
14.097,-1.599,-0.841,1.0
22.673,-2.569,-0.715,5.0
20.153,-2.288,-0.745,2.0
18.051,-2.053,-0.766,0.0
16.34,-1.862,-0.784,1.0
15.194,-1.735,-0.811,1.0
14.216,-1.626,-0.836,0.0
22.955,-2.623,-0.706,5.0
20.507,-2.348,-0.742,2.0
18.311,-2.1,-0.762,0.0
16.541,-1.901,-0.78,1.0
15.357,-1.768,-0.808,0.0
14.382,-1.659,-0.835,1.0
23.344,-2.689,-0.699,3.0
20.81,-2.401,-0.736,3.0
18.699,-2.161,-0.763,0.0
16.823,-1.948,-0.779,1.0
15.51,-1.799,-0.803,0.0
14.482,-1.683,-0.828,1.0
23.934,-2.779,-0.697,5.0
21.357,-2.483,-0.738,4.0
18.955,-2.208,-0.757,1.0
17.077,-1.992,-0.776,1.0
15.69,-1.834,-0.798,1.0
14.695,-1.72,-0.828,1.0
24.512,-2.867,-0.693,4.0
21.713,-2.543,-0.731,5.0
19.285,-2.262,-0.754,2.0
17.343,-2.038,-0.773,1.0
15.918,-1.873,-0.796,1.0
14.88,-1.754,-0.825,1.0
25.112,-2.957,-0.687,4.0
21.931,-2.586,-0.719,4.0
19.651,-2.321,-0.75,1.0
17.581,-2.079,-0.768,1.0
16.059,-1.902,-0.788,1.0
15.005,-1.78,-0.818,1.0
25.506,-3.023,-0.675,5.0
22.358,-2.654,-0.712,4.0
20.024,-2.38,-0.746,1.0
17.899,-2.13,-0.765,1.0
16.309,-1.944,-0.785,1.0
15.165,-1.81,-0.812,1.0
25.909,-3.09,-0.661,3.0
22.903,-2.735,-0.708,3.0
20.333,-2.431,-0.738,2.0
18.322,-2.194,-0.766,0.0
16.505,-1.979,-0.779,1.0
15.391,-1.848,-0.81,1.0
26.636,-3.195,-0.654,2.0
23.391,-2.809,-0.7,3.0
20.806,-2.502,-0.735,3.0
18.717,-2.254,-0.764,2.0
16.826,-2.029,-0.778,1.0
15.513,-1.873,-0.801,1.0
27.509,-3.318,-0.649,2.0
23.765,-2.869,-0.688,1.0
21.253,-2.569,-0.73,4.0
18.996,-2.299,-0.757,2.0
17.174,-2.081,-0.777,1.0
15.697,-1.904,-0.795,1.0
27.988,-3.393,-0.632,4.0
24.577,-2.982,-0.688,3.0
21.71,-2.637,-0.724,4.0
19.336,-2.351,-0.751,2.0
17.429,-2.122,-0.771,1.0
15.972,-1.947,-0.793,1.0
28.728,-3.499,-0.62,8.0
25.02,-3.05,-0.674,3.0
22.217,-2.711,-0.718,4.0
19.745,-2.412,-0.747,2.0
17.754,-2.171,-0.767,0.0
16.221,-1.985,-0.788,1.0
29.151,-3.565,-0.599,21.0
25.924,-3.173,-0.672,4.0
22.745,-2.787,-0.712,4.0
20.179,-2.475,-0.742,1.0
18.213,-2.236,-0.768,0.0
16.429,-2.019,-0.781,1.0
29.558,-3.629,-0.576,24.0
26.417,-3.246,-0.657,4.0
23.291,-2.864,-0.704,5.0
20.594,-2.535,-0.735,3.0
18.603,-2.292,-0.764,1.0
16.783,-2.069,-0.78,1.0
30.122,-3.711,-0.555,22.0
27.247,-3.359,-0.649,4.0
23.758,-2.931,-0.693,3.0
21.146,-2.611,-0.733,3.0
18.951,-2.342,-0.759,1.0
17.126,-2.118,-0.778,1.0
30.873,-3.816,-0.536,23.0
27.944,-3.456,-0.635,7.0
24.559,-3.039,-0.691,1.0
21.648,-2.681,-0.727,4.0
19.309,-2.393,-0.752,2.0
17.395,-2.157,-0.771,1.0
31.68,-3.926,-0.516,23.0
28.463,-3.529,-0.616,15.0
25.186,-3.125,-0.681,4.0
22.195,-2.755,-0.721,4.0
19.748,-2.453,-0.748,1.0
17.708,-2.201,-0.765,1.0
32.668,-4.058,-0.496,27.0
28.738,-3.571,-0.591,23.0
25.752,-3.202,-0.667,3.0
22.69,-2.823,-0.712,4.0
20.267,-2.523,-0.745,2.0
18.293,-2.278,-0.77,1.0
33.42,-4.16,-0.471,28.0
29.402,-3.661,-0.572,19.0
26.518,-3.303,-0.658,1.0
23.287,-2.902,-0.705,4.0
20.702,-2.581,-0.738,3.0
18.607,-2.321,-0.763,2.0
34.154,-4.258,-0.443,27.0
30.172,-3.763,-0.553,20.0
27.349,-3.412,-0.647,3.0
23.797,-2.97,-0.693,3.0
21.156,-2.641,-0.73,3.0
19.03,-2.377,-0.758,1.0
39.669,-4.952,-0.469,2.0
31.012,-3.872,-0.533,22.0
28.108,-3.511,-0.633,7.0
24.697,-3.086,-0.691,3.0
21.855,-2.731,-0.729,3.0
19.401,-2.425,-0.751,1.0
39.766,-4.969,-0.425,19.0
31.888,-3.985,-0.511,24.0
28.586,-3.573,-0.611,21.0
25.302,-3.163,-0.679,4.0
22.399,-2.801,-0.721,4.0
19.879,-2.486,-0.747,2.0
39.968,-4.997,-0.381,24.0
32.856,-4.108,-0.489,24.0
29.022,-3.629,-0.588,21.0
25.933,-3.243,-0.666,2.0
22.926,-2.867,-0.712,4.0
20.41,-2.553,-0.743,2.0
40.249,-5.033,-0.337,16.0
33.725,-4.217,-0.463,27.0
29.677,-3.711,-0.566,24.0
26.925,-3.367,-0.661,2.0
23.454,-2.933,-0.701,3.0
20.869,-2.61,-0.735,3.0
40.505,-5.064,-0.293,9.0
34.457,-4.307,-0.434,26.0
30.43,-3.803,-0.546,21.0
27.692,-3.461,-0.647,7.0
24.152,-3.019,-0.694,2.0
21.402,-2.675,-0.729,3.0
46.075,-5.756,-0.281,21.0
39.704,-4.959,-0.454,6.0
31.399,-3.921,-0.527,19.0
28.273,-3.531,-0.628,14.0
24.97,-3.118,-0.689,4.0
22.117,-2.761,-0.728,4.0
47.09,-5.878,-0.232,22.0
39.818,-4.969,-0.409,23.0
32.469,-4.051,-0.508,27.0
28.738,-3.584,-0.605,20.0
25.519,-3.182,-0.674,3.0
22.619,-2.82,-0.719,3.0
48.535,-6.05,-0.183,23.0
40.088,-4.995,-0.366,16.0
33.345,-4.154,-0.483,26.0
29.134,-3.628,-0.58,20.0
26.323,-3.277,-0.665,2.0
23.206,-2.888,-0.711,4.0
50.044,-6.227,-0.131,8.0
40.403,-5.026,-0.322,14.0
34.081,-4.237,-0.453,22.0
29.917,-3.718,-0.561,18.0
27.237,-3.384,-0.656,3.0
23.7,-2.944,-0.698,2.0
55.728,-6.92,-0.081,9.0
45.967,-5.705,-0.313,20.0
34.748,-4.31,-0.422,13.0
30.91,-3.833,-0.544,14.0
28.058,-3.477,-0.643,7.0
24.607,-3.049,-0.696,2.0
80.834,-10.013,-0.023,4.0
46.635,-5.773,-0.263,21.0
39.756,-4.919,-0.437,13.0
31.867,-3.94,-0.523,24.0
28.607,-3.536,-0.623,13.0
25.378,-3.135,-0.688,4.0
80.943,-9.998,0.069,13.0
47.963,-5.92,-0.215,22.0
40.016,-4.936,-0.393,19.0
32.899,-4.056,-0.503,25.0
28.955,-3.567,-0.597,19.0
26.127,-3.217,-0.679,5.0
80.618,-9.925,0.161,26.0
49.843,-6.132,-0.166,23.0
40.256,-4.949,-0.349,15.0
33.696,-4.139,-0.476,26.0
29.857,-3.665,-0.582,24.0
26.705,-3.276,-0.663,3.0
80.463,-9.871,0.253,29.0
55.644,-6.82,-0.122,14.0
45.583,-5.582,-0.343,11.0
34.459,-4.217,-0.448,24.0
30.488,-3.728,-0.559,20.0
27.59,-3.371,-0.653,3.0
80.405,-9.824,0.344,36.0
56.04,-6.84,-0.059,6.0
46.408,-5.66,-0.297,21.0
39.644,-4.83,-0.47,7.0
31.542,-3.84,-0.542,27.0
28.546,-3.472,-0.644,8.0
80.308,-9.769,0.435,34.0
80.837,-9.823,0.005,10.0
47.578,-5.775,-0.25,22.0
39.825,-4.83,-0.427,21.0
32.631,-3.954,-0.524,30.0
29.039,-3.515,-0.622,12.0
80.314,-9.723,0.525,26.0
81.131,-9.811,0.096,17.0
48.769,-5.891,-0.203,23.0
40.165,-4.846,-0.386,15.0
33.397,-4.026,-0.499,27.0
29.643,-3.57,-0.602,21.0
80.218,-9.661,0.613,26.0
80.468,-9.679,0.185,29.0
55.449,-6.662,-0.169,9.0
40.394,-4.848,-0.343,6.0
34.165,-4.095,-0.473,26.0
30.318,-3.63,-0.582,23.0
80.154,-9.599,0.702,31.0
80.332,-9.608,0.273,26.0
55.798,-6.665,-0.108,13.0
46.022,-5.491,-0.34,20.0
34.893,-4.158,-0.444,19.0
31.297,-3.725,-0.567,20.0
80.109,-9.535,0.789,28.0
80.158,-9.529,0.36,31.0
80.876,-9.601,-0.07,7.0
47.164,-5.592,-0.298,22.0
39.833,-4.717,-0.465,5.0
32.195,-3.807,-0.548,27.0
80.179,-9.483,0.876,15.0
80.077,-9.457,0.445,33.0
80.576,-9.503,0.017,18.0
48.29,-5.687,-0.253,22.0
40.016,-4.706,-0.424,16.0
32.979,-3.873,-0.526,27.0
192.322,-22.593,2.304,19.0
79.987,-9.382,0.529,33.0
80.522,-9.43,0.102,27.0
49.924,-5.838,-0.209,24.0
40.184,-4.692,-0.384,14.0
33.753,-3.936,-0.503,32.0
85.221,-9.939,1.11,6.0
79.996,-9.314,0.613,23.0
65.353,-7.598,0.15,2.0
55.201,-6.407,-0.174,13.0
45.02,-5.217,-0.384,8.0
34.424,-3.983,-0.478,27.0
84.729,-9.807,1.191,27.0
79.956,-9.238,0.695,7.0
65.245,-7.525,0.217,151.0
55.883,-6.435,-0.118,12.0
46.307,-5.324,-0.347,20.0
39.701,-4.557,-0.51,2.0
84.473,-9.698,1.274,26.0
80.112,-9.18,0.778,4.0
65.187,-7.456,0.283,208.0
56.372,-6.437,-0.063,1.0
47.59,-5.425,-0.308,21.0
39.857,-4.536,-0.472,12.0
84.404,-9.607,1.357,18.0
84.43,-9.592,0.904,4.0
65.157,-7.388,0.348,198.0
65.136,-7.372,-0.007,0.0
0.0,0.0,0.0,0.0
40.139,-4.526,-0.436,15.0
84.625,-9.545,1.444,27.0
84.047,-9.461,0.984,2.0
65.135,-7.318,0.412,8.0
65.034,-7.292,0.055,1.0
50.761,-5.681,-0.229,12.0
0.0,0.0,0.0,0.0
82.17,-9.181,1.482,10.0
0.0,0.0,0.0,0.0
65.118,-7.246,0.474,6.0
65.123,-7.232,0.117,0.0
55.202,-6.117,-0.196,23.0
0.0,0.0,0.0,0.0
82.519,-9.129,1.567,26.0
0.0,0.0,0.0,0.0
65.049,-7.165,0.535,11.0
65.04,-7.149,0.178,1.0
55.992,-6.142,-0.147,29.0
0.0,0.0,0.0,0.0
81.869,-8.963,1.631,34.0
0.0,0.0,0.0,0.0
0.0,0.0,0.0,0.0
65.035,-7.072,0.238,2.0
65.345,-7.09,-0.112,8.0
47.485,-5.141,-0.337,21.0
81.901,-8.87,1.705,39.0
82.143,-8.875,1.267,5.0
0.0,0.0,0.0,0.0
65.09,-7.001,0.295,156.0
65.113,-6.987,-0.055,5.0
48.102,-5.15,-0.3,5.0
81.852,-8.766,1.775,34.0
82.302,-8.793,1.34,14.0
0.0,0.0,0.0,0.0
65.085,-6.92,0.351,175.0
64.944,-6.888,0.001,2.0
54.322,-5.748,-0.292,4.0
81.97,-8.675,1.847,45.0
82.119,-8.668,1.407,34.0
0.0,0.0,0.0,0.0
65.088,-6.836,0.406,178.0
64.942,-6.804,0.055,3.0
54.483,-5.694,-0.248,28.0
81.979,-8.57,1.917,46.0
81.967,-8.546,1.473,49.0
0.0,0.0,0.0,0.0
65.107,-6.752,0.46,168.0
64.956,-6.719,0.108,3.0
55.647,-5.742,-0.207,29.0
82.107,-8.474,1.984,46.0
81.916,-8.432,1.537,42.0
0.0,0.0,0.0,0.0
65.064,-6.661,0.51,150.0
64.999,-6.636,0.158,5.0
56.048,-5.707,-0.165,12.0
82.351,-8.387,2.055,62.0
81.717,-8.298,1.597,38.0
0.0,0.0,0.0,0.0
65.041,-6.568,0.56,85.0
65.036,-6.549,0.208,27.0
65.396,-6.567,-0.143,12.0
82.237,-8.259,2.114,56.0
81.666,-8.178,1.657,43.0
82.015,-8.189,1.219,1.0
0.0,0.0,0.0,0.0
65.049,-6.457,0.256,21.0
65.388,-6.472,-0.096,13.0
82.077,-8.126,2.169,53.0
81.899,-8.083,1.719,35.0
81.787,-8.048,1.274,7.0
0.0,0.0,0.0,0.0
65.104,-6.368,0.301,5.0
65.057,-6.344,-0.051,2.0
82.315,-8.028,2.232,48.0
82.453,-8.017,1.788,21.0
81.969,-7.945,1.332,24.0
0.0,0.0,0.0,0.0
65.12,-6.273,0.345,10.0
65.078,-6.249,-0.007,25.0
82.086,-7.884,2.28,43.0
82.767,-7.923,1.849,12.0
82.046,-7.828,1.387,36.0
54.999,-5.23,0.626,0.0
65.158,-6.176,0.388,12.0
54.945,-5.192,0.029,4.0
82.099,-7.758,2.333,41.0
82.806,-7.798,1.902,65.0
82.345,-7.728,1.444,34.0
54.97,-5.142,0.659,163.0
54.961,-5.124,0.361,158.0
54.962,-5.108,0.061,158.0
82.072,-7.628,2.382,46.0
82.207,-7.614,1.937,45.0
54.945,-5.071,0.996,150.0
54.954,-5.054,0.691,154.0
54.967,-5.038,0.392,161.0
54.942,-5.019,0.093,150.0
82.124,-7.502,2.429,42.0
82.232,-7.486,1.984,42.0
54.927,-4.982,1.026,12.0
55.033,-4.974,0.722,0.0
0.0,0.0,0.0,0.0
0.0,0.0,0.0,0.0
82.098,-7.367,2.472,41.0
82.481,-7.374,2.034,41.0
0.0,0.0,0.0,0.0
0.0,0.0,0.0,0.0
0.0,0.0,0.0,0.0
0.0,0.0,0.0,0.0
82.285,-7.249,2.52,33.0
83.129,-7.296,2.091,21.0
0.0,0.0,0.0,0.0
0.0,0.0,0.0,0.0
0.0,0.0,0.0,0.0
0.0,0.0,0.0,0.0
82.412,-7.122,2.563,41.0
83.054,-7.149,2.128,36.0
84.791,-7.27,1.709,3.0
0.0,0.0,0.0,0.0
0.0,0.0,0.0,0.0
0.0,0.0,0.0,0.0
82.121,-6.956,2.59,43.0
82.86,-6.99,2.159,46.0
82.884,-6.964,1.707,10.0
82.07,-6.868,1.233,24.0
79.305,-6.609,0.758,12.0
79.406,-6.591,0.324,26.0
82.284,-6.828,2.628,47.0
82.399,-6.809,2.18,40.0
82.755,-6.81,1.736,45.0
82.049,-6.723,1.265,18.0
81.497,-6.651,0.81,14.0
79.407,-6.454,0.354,32.0
82.36,-6.691,2.661,40.0
82.274,-6.655,2.207,39.0
82.671,-6.657,1.765,45.0
82.24,-6.594,1.296,18.0
81.721,-6.524,0.84,19.0
61.489,-4.888,0.296,10.0
82.448,-6.552,2.691,42.0
82.152,-6.499,2.23,39.0
82.532,-6.5,1.788,48.0
82.009,-6.43,1.318,15.0
81.938,-6.396,0.868,21.0
61.979,-4.817,0.317,3.0
82.654,-6.419,2.723,34.0
82.402,-6.371,2.262,40.0
82.648,-6.36,1.814,43.0
132.719,-10.167,2.172,20.0
0.0,0.0,0.0,0.0
65.679,-4.986,0.353,0.0
82.718,-6.274,2.746,41.0
82.592,-6.235,2.289,42.0
82.696,-6.213,1.837,49.0
83.031,-6.208,1.379,12.0
65.603,-4.882,0.729,0.0
65.539,-4.855,0.368,1.0
82.875,-6.135,2.77,39.0
82.7,-6.092,2.31,64.0
82.499,-6.047,1.85,43.0
0.0,0.0,0.0,0.0
65.704,-4.769,0.743,0.0
65.476,-4.729,0.381,1.0
82.752,-5.972,2.782,39.0
82.608,-5.931,2.322,42.0
82.608,-5.9,1.867,45.0
0.0,0.0,0.0,0.0
65.663,-4.644,0.754,0.0
65.542,-4.612,0.391,10.0
83.045,-5.838,2.805,38.0
82.645,-5.779,2.335,28.0
83.02,-5.775,1.888,41.0
0.0,0.0,0.0,0.0
65.605,-4.516,0.762,0.0
65.58,-4.491,0.4,150.0
24.543,-1.678,0.831,23.0
24.629,-1.676,0.698,23.0
24.6,-1.664,0.562,8.0
24.613,-1.656,0.423,5.0
24.594,-1.646,0.287,11.0
65.554,-4.365,0.405,8.0
24.506,-1.629,0.832,38.0
24.541,-1.622,0.698,56.0
24.567,-1.615,0.563,41.0
24.563,-1.606,0.424,36.0
24.541,-1.596,0.288,38.0
24.533,-1.587,0.153,47.0
24.488,-1.581,0.832,70.0
24.529,-1.574,0.698,67.0
24.536,-1.566,0.562,56.0
24.528,-1.556,0.424,67.0
24.518,-1.547,0.288,58.0
24.514,-1.538,0.153,41.0
24.489,-1.534,0.832,69.0
24.526,-1.527,0.698,63.0
24.542,-1.519,0.562,75.0
24.539,-1.51,0.424,65.0
24.532,-1.5,0.288,72.0
24.519,-1.491,0.152,71.0
24.507,-1.487,0.832,79.0
24.549,-1.481,0.697,75.0
24.542,-1.471,0.561,70.0
24.549,-1.463,0.423,64.0
24.531,-1.453,0.286,50.0
24.537,-1.444,0.15,59.0
24.537,-1.441,0.831,57.0
24.577,-1.434,0.696,61.0
24.582,-1.425,0.56,35.0
24.573,-1.416,0.421,38.0
24.584,-1.407,0.285,40.0
24.573,-1.398,0.148,36.0
24.594,-1.396,0.831,20.0
24.615,-1.388,0.694,3.0
83.584,-4.683,1.894,32.0
24.649,-1.372,0.419,0.0
24.637,-1.363,0.282,0.0
65.668,-3.608,0.387,1.0
83.259,-4.563,2.8,36.0
84.095,-4.578,2.36,42.0
83.787,-4.53,1.885,45.0
85.953,-4.615,1.447,12.0
0.0,0.0,0.0,0.0
0.0,0.0,0.0,0.0
84.604,-4.469,2.828,44.0
84.45,-4.429,2.353,41.0
84.75,-4.413,1.89,52.0
86.062,-4.45,1.431,16.0
82.754,-4.249,0.915,0.0
0.0,0.0,0.0,0.0
85.102,-4.325,2.826,40.0
84.779,-4.278,2.342,33.0
84.692,-4.242,1.867,43.0
83.487,-4.151,1.367,11.0
82.411,-4.068,0.89,2.0
68.334,-3.348,0.357,1.0
85.851,-4.191,2.827,42.0
84.792,-4.109,2.319,33.0
84.572,-4.066,1.841,40.0
83.294,-3.975,1.34,9.0
82.923,-3.927,0.872,47.0
31.29,-1.47,0.154,11.0
86.281,-4.041,2.814,20.0
85.023,-3.95,2.299,29.0
85.102,-3.922,1.825,31.0
31.293,-1.431,0.493,34.0
31.272,-1.418,0.318,31.0
31.241,-1.406,0.143,52.0
193.936,-8.693,6.259,6.0
31.345,-1.393,0.836,15.0
31.305,-1.38,0.66,18.0
28.453,-1.244,0.438,62.0
28.44,-1.233,0.279,64.0
28.441,-1.223,0.12,71.0
28.443,-1.218,0.907,64.0
28.438,-1.207,0.747,89.0
28.427,-1.196,0.588,107.0
28.435,-1.186,0.426,106.0
28.441,-1.176,0.267,115.0
28.436,-1.166,0.108,151.0
28.443,-1.16,0.894,150.0
28.437,-1.149,0.735,139.0
28.433,-1.139,0.575,74.0
28.451,-1.129,0.413,68.0
28.458,-1.12,0.254,67.0
28.452,-1.109,0.095,24.0
31.28,-1.213,0.969,11.0
31.278,-1.202,0.794,55.0
31.278,-1.191,0.618,59.0
31.257,-1.179,0.439,42.0
31.299,-1.169,0.265,44.0
80.286,-2.971,0.23,13.0
31.273,-1.151,0.953,46.0
31.311,-1.141,0.779,44.0
31.354,-1.131,0.604,27.0
84.216,-3.008,1.141,32.0
80.42,-2.845,0.639,22.0
80.439,-2.816,0.187,31.0
31.362,-1.091,0.939,26.0
38.714,-1.332,0.941,0.0
38.729,-1.319,0.724,2.0
38.746,-1.306,0.503,3.0
38.731,-1.291,0.285,22.0
38.702,-1.277,0.068,37.0
38.648,-1.266,1.135,57.0
38.638,-1.252,0.917,63.0
38.646,-1.239,0.7,64.0
38.63,-1.225,0.479,64.0
38.643,-1.211,0.261,66.0
38.649,-1.198,0.044,63.0
38.59,-1.187,1.109,70.0
38.643,-1.175,0.893,96.0
38.639,-1.161,0.675,95.0
38.635,-1.147,0.454,97.0
38.648,-1.134,0.237,97.0
38.655,-1.121,0.019,86.0
38.594,-1.11,1.084,65.0
38.632,-1.097,0.867,76.0
38.634,-1.083,0.649,67.0
38.625,-1.07,0.428,65.0
38.652,-1.057,0.21,64.0
38.658,-1.044,-0.007,60.0
38.622,-1.034,1.057,68.0
38.674,-1.022,0.841,40.0
38.706,-1.009,0.623,23.0
38.736,-0.996,0.401,22.0
0.0,0.0,0.0,0.0
0.0,0.0,0.0,0.0
38.696,-0.959,1.031,48.0
40.417,-0.988,0.849,28.0
40.406,-0.973,0.62,37.0
40.403,-0.96,0.389,38.0
40.407,-0.946,0.161,50.0
40.412,-0.933,-0.066,56.0
40.406,-0.922,1.046,39.0
40.408,-0.908,0.818,16.0
38.39,-0.85,0.56,11.0
38.381,-0.837,0.339,41.0
38.37,-0.824,0.122,52.0
38.374,-0.811,-0.093,25.0
45.7,-0.953,1.146,1.0
38.403,-0.788,0.746,3.0
52.958,-1.069,0.729,40.0
52.942,-1.051,0.424,57.0
52.973,-1.033,0.125,47.0
52.956,-1.016,-0.173,41.0
190.85,-3.61,4.626,21.0
191.585,-3.562,3.561,19.0
192.971,-3.522,2.495,21.0
20.136,-0.36,0.144,1.0
20.138,-0.354,0.03,42.0
20.134,-0.347,-0.083,2.0
176.646,-3.001,4.128,50.0
176.615,-2.942,3.127,32.0
20.139,-0.328,0.242,6.0
20.108,-0.321,0.126,14.0
20.139,-0.315,0.012,22.0
59.522,-0.913,-0.299,1.0
53.503,-0.805,1.201,46.0
20.133,-0.296,0.338,10.0
20.121,-0.289,0.223,14.0
20.137,-0.283,0.107,11.0
59.521,-0.819,-0.018,77.0
56.581,-0.759,-0.338,12.0
20.148,-0.264,0.433,12.0
20.131,-0.258,0.318,11.0
20.153,-0.251,0.204,12.0
56.149,-0.683,0.246,2.0
56.33,-0.667,-0.072,2.0
59.418,-0.684,-0.413,10.0
20.154,-0.226,0.413,18.0
64.335,-0.701,0.954,8.0
64.314,-0.681,0.589,108.0
56.177,-0.577,0.19,10.0
56.227,-0.559,-0.128,14.0
56.518,-0.544,-0.449,1.0
20.187,-0.188,0.393,15.0
64.358,-0.581,0.889,25.0
20.252,-0.176,0.164,0.0
20.206,-0.169,0.047,2.0
20.183,-0.163,-0.066,12.0
20.16,-0.156,-0.181,14.0
20.194,-0.151,0.372,20.0
20.159,-0.144,0.257,16.0
20.144,-0.137,0.142,16.0
20.148,-0.131,0.025,26.0
20.151,-0.125,-0.088,26.0
20.154,-0.119,-0.203,20.0
20.124,-0.112,0.349,28.0
20.13,-0.106,0.234,25.0
20.126,-0.1,0.12,27.0
20.123,-0.094,0.003,34.0
20.132,-0.087,-0.11,30.0
20.147,-0.081,-0.225,22.0
20.125,-0.076,0.326,31.0
20.12,-0.069,0.212,28.0
20.127,-0.063,0.097,39.0
20.121,-0.057,-0.018,38.0
20.139,-0.051,-0.133,33.0
20.161,-0.045,-0.248,20.0
20.119,-0.039,0.303,29.0
20.116,-0.033,0.188,31.0
20.125,-0.027,0.074,31.0
20.151,-0.021,-0.042,17.0
20.202,-0.015,-0.157,15.0
20.234,-0.009,-0.273,10.0
20.127,-0.003,0.279,28.0
20.134,0.002,0.165,27.0
20.232,0.008,0.05,150.0
20.254,0.014,-0.066,151.0
20.26,0.02,-0.182,151.0
20.271,0.026,-0.298,64.0
20.143,0.032,0.255,29.0
20.146,0.038,0.14,27.0
20.219,0.044,0.025,22.0
20.213,0.05,-0.091,25.0
20.202,0.056,-0.206,11.0
0.0,0.0,0.0,0.0
20.153,0.068,0.23,28.0
20.16,0.073,0.115,26.0
20.193,0.079,0.0,27.0
20.182,0.085,-0.116,30.0
20.199,0.091,-0.232,25.0
20.199,0.097,-0.347,12.0
20.164,0.103,0.204,27.0
20.194,0.108,0.089,34.0
20.179,0.114,-0.025,28.0
20.168,0.12,-0.142,40.0
20.176,0.125,-0.258,31.0
20.196,0.131,-0.373,29.0
20.184,0.137,0.178,25.0
20.225,0.143,0.063,26.0
20.214,0.149,-0.052,22.0
20.164,0.154,-0.169,18.0
20.171,0.16,-0.284,34.0
20.174,0.165,-0.399,34.0
20.3,0.172,0.152,29.0
20.331,0.178,0.036,33.0
20.217,0.182,-0.079,6.0
20.151,0.187,-0.196,16.0
20.18,0.193,-0.311,28.0
20.184,0.199,-0.427,29.0
20.317,0.206,0.125,27.0
20.331,0.212,0.008,3.0
0.0,0.0,0.0,0.0
20.184,0.221,-0.224,18.0
20.199,0.227,-0.34,26.0
20.178,0.232,-0.455,18.0
99.505,1.173,0.473,5.0
99.725,1.202,-0.095,2.0
0.0,0.0,0.0,0.0
20.242,0.254,-0.253,0.0
20.19,0.259,-0.368,8.0
20.193,0.264,-0.483,11.0
99.672,1.333,0.335,5.0
0.0,0.0,0.0,0.0
0.0,0.0,0.0,0.0
0.0,0.0,0.0,0.0
38.697,0.558,-0.76,0.0
33.052,0.485,-0.839,0.0
99.743,1.492,0.191,5.0
0.0,0.0,0.0,0.0
0.0,0.0,0.0,0.0
0.0,0.0,0.0,0.0
37.631,0.601,-0.794,0.0
32.041,0.519,-0.86,1.0
99.836,1.647,0.046,5.0
0.0,0.0,0.0,0.0
0.0,0.0,0.0,0.0
43.077,0.743,-0.725,0.0
37.042,0.648,-0.836,0.0
31.094,0.551,-0.88,1.0
0.0,0.0,0.0,0.0
0.0,0.0,0.0,0.0
0.0,0.0,0.0,0.0
41.214,0.773,-0.756,0.0
34.403,0.654,-0.829,0.0
29.306,0.564,-0.874,0.0
0.0,0.0,0.0,0.0
0.0,0.0,0.0,0.0
0.0,0.0,0.0,0.0
0.0,0.0,0.0,0.0
32.642,0.668,-0.836,1.0
28.234,0.585,-0.885,0.0
0.0,0.0,0.0,0.0
0.0,0.0,0.0,0.0
0.0,0.0,0.0,0.0
36.968,0.802,-0.792,0.0
31.624,0.693,-0.859,2.0
26.715,0.592,-0.879,0.0
0.0,0.0,0.0,0.0
0.0,0.0,0.0,0.0
0.0,0.0,0.0,0.0
35.412,0.818,-0.814,0.0
30.039,0.701,-0.863,0.0
25.893,0.61,-0.893,0.0
0.0,0.0,0.0,0.0
0.0,0.0,0.0,0.0
0.0,0.0,0.0,0.0
33.583,0.822,-0.825,0.0
28.73,0.71,-0.871,0.0
24.792,0.618,-0.895,0.0
0.0,0.0,0.0,0.0
0.0,0.0,0.0,0.0
38.359,0.983,-0.78,0.0
32.266,0.833,-0.845,1.0
27.791,0.724,-0.888,0.0
23.881,0.627,-0.9,0.0
0.0,0.0,0.0,0.0
0.0,0.0,0.0,0.0
36.982,0.996,-0.811,0.0
30.984,0.841,-0.861,1.0
26.193,0.716,-0.879,0.0
22.837,0.63,-0.898,0.0
0.0,0.0,0.0,0.0
0.0,0.0,0.0,0.0
34.392,0.97,-0.811,0.0
29.368,0.835,-0.865,0.0
25.201,0.722,-0.888,0.0
22.215,0.641,-0.91,0.0
0.0,0.0,0.0,0.0
39.051,1.143,-0.761,0.0
32.468,0.957,-0.82,1.0
28.297,0.84,-0.881,0.0
24.229,0.724,-0.894,0.0
21.342,0.642,-0.911,0.0
0.0,0.0,0.0,0.0
0.0,0.0,0.0,0.0
31.9,0.979,-0.859,0.0
26.421,0.816,-0.866,0.0
23.171,0.72,-0.893,0.0
20.548,0.643,-0.911,0.0
0.0,0.0,0.0,0.0
0.0,0.0,0.0,0.0
30.049,0.957,-0.859,1.0
25.663,0.822,-0.884,0.0
22.485,0.725,-0.905,0.0
19.917,0.646,-0.916,0.0
0.0,0.0,0.0,0.0
32.814,1.077,-0.805,0.0
28.437,0.938,-0.862,0.0
24.509,0.813,-0.887,0.0
21.79,0.727,-0.914,0.0
19.184,0.644,-0.916,0.0
37.951,1.281,-0.778,0.0
32.051,1.087,-0.841,1.0
27.089,0.924,-0.868,0.0
23.564,0.808,-0.893,0.0
20.689,0.713,-0.904,0.0
18.623,0.646,-0.921,0.0
35.938,1.252,-0.798,1.0
30.142,1.055,-0.843,1.0
26.071,0.917,-0.88,0.0
22.563,0.798,-0.894,0.0
20.095,0.714,-0.912,0.0
17.994,0.643,-0.921,0.0
33.175,1.19,-0.794,0.0
28.946,1.043,-0.86,0.0
24.813,0.899,-0.881,0.0
21.853,0.795,-0.904,0.0
19.608,0.717,-0.925,0.0
17.545,0.645,-0.929,0.0
32.242,1.189,-0.828,0.0
28.392,1.052,-0.893,0.0
23.951,0.891,-0.892,0.0
20.868,0.78,-0.9,0.0
18.707,0.702,-0.915,0.0
16.896,0.637,-0.924,0.0
30.209,1.143,-0.829,0.0
0.0,0.0,0.0,0.0
22.816,0.871,-0.89,0.0
20.243,0.776,-0.909,1.0
18.205,0.701,-0.923,0.0
16.479,0.637,-0.931,0.0
29.802,1.155,-0.871,0.0
24.877,0.968,-0.871,0.0
22.206,0.868,-0.905,0.0
19.897,0.781,-0.928,0.0
17.626,0.694,-0.924,0.0
16.066,0.636,-0.936,0.0
27.933,1.108,-0.865,0.0
24.095,0.959,-0.886,0.0
20.283,0.81,-0.863,0.0
18.804,0.754,-0.911,0.0
16.985,0.684,-0.921,0.0
15.576,0.629,-0.935,0.0
26.424,1.07,-0.865,0.0
22.526,0.915,-0.868,0.0
20.198,0.824,-0.895,10.0
18.317,0.75,-0.919,0.0
16.585,0.681,-0.928,0.0
15.186,0.626,-0.938,0.0
20.245,0.836,-0.699,0.0
20.268,0.84,-0.817,3.0
20.007,0.832,-0.922,0.0
17.839,0.744,-0.927,0.0
16.139,0.676,-0.933,0.0
14.765,0.62,-0.939,0.0
20.263,0.852,-0.735,150.0
20.227,0.854,-0.851,14.0
0.0,0.0,0.0,0.0
20.227,0.859,-1.088,1.0
15.696,0.669,-0.935,0.0
14.43,0.617,-0.943,0.0
20.222,0.865,-0.77,154.0
20.221,0.868,-0.887,30.0
20.224,0.871,-1.004,0.0
16.691,0.721,-0.927,0.0
15.232,0.66,-0.934,0.0
14.126,0.614,-0.948,0.0
20.246,0.88,-0.807,150.0
20.107,0.877,-0.917,10.0
20.206,0.883,-1.039,17.0
16.192,0.71,-0.928,0.0
14.829,0.652,-0.936,0.0
20.172,0.89,-1.391,0.0
20.244,0.893,-0.843,73.0
19.922,0.881,-0.944,3.0
20.228,0.897,-1.076,35.0
15.721,0.699,-0.929,0.0
14.508,0.647,-0.942,0.0
13.394,0.599,-0.947,0.0
20.223,0.904,-0.878,80.0
0.0,0.0,0.0,0.0
20.241,0.91,-1.113,0.0
15.295,0.689,-0.931,0.0
14.241,0.643,-0.95,0.0
13.058,0.591,-0.947,0.0
20.185,0.914,-0.912,31.0
20.201,0.917,-1.03,4.0
16.315,0.742,-0.926,0.0
14.901,0.68,-0.934,0.0
20.267,0.927,-1.388,0.0
12.713,0.583,-0.945,0.0
20.149,0.923,-0.946,19.0
20.208,0.928,-1.066,11.0
15.934,0.733,-0.933,0.0
14.57,0.672,-0.939,0.0
13.411,0.62,-0.942,0.0
12.424,0.576,-0.945,0.0
0.0,0.0,0.0,0.0
16.847,0.781,-0.919,0.0
15.392,0.715,-0.928,0.0
14.287,0.666,-0.946,0.0
13.14,0.613,-0.947,0.0
12.11,0.566,-0.943,0.0
20.223,0.945,-1.022,1.0
16.393,0.768,-0.923,0.0
15.025,0.705,-0.933,0.0
0.0,0.0,0.0,0.0
12.807,0.603,-0.946,0.0
11.826,0.558,-0.942,0.0
20.233,0.954,-1.058,1.0
16.0,0.755,-0.929,0.0
14.658,0.693,-0.936,0.0
13.433,0.637,-0.937,0.0
12.495,0.593,-0.945,0.0
11.601,0.552,-0.945,0.0
17.078,0.811,-0.923,0.0
15.466,0.736,-0.926,0.0
14.309,0.682,-0.939,0.0
13.106,0.626,-0.938,0.0
12.226,0.585,-0.946,0.0
11.373,0.545,-0.946,0.0
16.494,0.789,-0.92,0.0
15.119,0.724,-0.931,0.0
0.0,0.0,0.0,0.0
12.86,0.618,-0.943,0.0
11.945,0.575,-0.945,0.0
11.147,0.537,-0.947,0.0
16.067,0.773,-0.924,0.0
14.723,0.709,-0.932,0.0
13.474,0.65,-0.932,0.0
12.552,0.606,-0.942,0.0
11.647,0.563,-0.942,0.0
10.935,0.53,-0.948,0.0
15.608,0.754,-0.925,0.0
14.409,0.697,-0.937,0.0
13.256,0.642,-0.939,0.0
12.263,0.595,-0.941,0.0
11.426,0.555,-0.944,0.0
10.704,0.521,-0.947,0.0
15.215,0.738,-0.928,0.0
14.066,0.683,-0.939,0.0
12.978,0.631,-0.942,0.0
11.952,0.582,-0.938,0.0
11.187,0.546,-0.943,0.0
10.523,0.514,-0.949,0.0
14.867,0.724,-0.932,0.0
0.0,0.0,0.0,0.0
12.65,0.617,-0.94,0.0
11.735,0.573,-0.941,0.0
11.072,0.541,-0.953,0.0
10.302,0.504,-0.946,0.0
14.479,0.706,-0.932,0.0
13.362,0.653,-0.938,0.0
12.42,0.607,-0.944,0.0
11.498,0.563,-0.942,0.0
10.744,0.526,-0.943,0.0
10.132,0.497,-0.948,0.0
14.217,0.695,-0.939,0.0
13.079,0.64,-0.94,0.0
12.096,0.592,-0.939,0.0
11.279,0.553,-0.943,0.0
10.566,0.518,-0.945,0.0
9.94,0.488,-0.947,0.0
0.0,0.0,0.0,0.0
12.763,0.624,-0.938,0.0
11.808,0.578,-0.937,0.0
11.058,0.542,-0.943,0.0
10.392,0.51,-0.946,0.0
9.803,0.481,-0.95,0.0
13.489,0.66,-0.936,0.0
12.531,0.613,-0.942,0.0
11.644,0.57,-0.943,0.0
10.839,0.531,-0.942,0.0
10.185,0.499,-0.944,0.0
9.593,0.471,-0.946,0.0
13.216,0.646,-0.938,0.0
12.278,0.6,-0.943,0.0
11.374,0.556,-0.94,0.0
10.686,0.523,-0.946,0.0
10.044,0.492,-0.948,0.0
9.424,0.462,-0.944,0.0
12.921,0.63,-0.938,0.0
11.954,0.583,-0.937,0.0
11.196,0.546,-0.943,0.0
10.422,0.509,-0.939,0.0
9.848,0.481,-0.945,0.0
9.28,0.454,-0.945,0.0
12.679,0.617,-0.941,0.0
11.748,0.572,-0.94,0.0
10.95,0.533,-0.939,0.0
10.304,0.502,-0.945,0.0
9.702,0.473,-0.946,0.0
9.149,0.446,-0.946,0.0
12.427,0.603,-0.942,0.0
11.567,0.561,-0.943,0.0
10.67,0.518,-0.932,0.0
10.135,0.492,-0.946,0.0
9.551,0.464,-0.947,0.0
8.963,0.435,-0.941,0.0
12.163,0.587,-0.941,0.0
11.347,0.548,-0.943,0.0
10.602,0.512,-0.943,0.0
9.961,0.481,-0.945,0.0
9.381,0.453,-0.945,0.0
8.799,0.425,-0.937,0.0
11.905,0.572,-0.939,0.0
11.097,0.533,-0.939,0.0
10.398,0.5,-0.941,0.0
9.81,0.471,-0.945,0.0
9.229,0.443,-0.943,0.0
8.726,0.419,-0.943,0.0
11.681,0.558,-0.939,0.0
10.963,0.524,-0.945,0.0
10.291,0.492,-0.947,0.0
9.628,0.46,-0.943,0.0
9.094,0.434,-0.943,0.0
8.6,0.411,-0.942,0.0
11.481,0.545,-0.94,0.0
10.668,0.506,-0.935,0.0
10.112,0.48,-0.945,0.0
9.517,0.451,-0.946,0.0
8.954,0.425,-0.942,0.0
8.492,0.403,-0.943,0.0
11.294,0.532,-0.941,0.0
10.591,0.499,-0.944,0.0
9.925,0.467,-0.942,0.0
9.367,0.441,-0.944,0.0
8.795,0.414,-0.938,0.0
8.388,0.395,-0.943,0.0
11.118,0.52,-0.942,0.0
10.405,0.486,-0.942,0.0
9.797,0.458,-0.944,0.0
9.249,0.432,-0.946,0.0
8.727,0.407,-0.943,0.0
8.271,0.386,-0.942,0.0
11.026,0.511,-0.95,0.0
10.26,0.475,-0.943,0.0
9.66,0.447,-0.944,0.0
9.044,0.418,-0.937,0.0
8.625,0.399,-0.944,0.0
8.204,0.379,-0.946,0.0
10.775,0.494,-0.943,0.0
10.118,0.464,-0.944,0.0
9.498,0.435,-0.941,0.0
8.963,0.41,-0.941,0.0
8.524,0.39,-0.945,0.0
8.079,0.369,-0.942,0.0
10.642,0.483,-0.945,0.0
9.942,0.451,-0.941,0.0
9.414,0.427,-0.945,0.0
8.862,0.401,-0.942,0.0
8.431,0.381,-0.946,0.0
7.968,0.36,-0.94,0.0
10.413,0.467,-0.939,0.0
9.846,0.441,-0.945,0.0
9.241,0.414,-0.94,0.0
8.697,0.389,-0.936,0.0
8.315,0.372,-0.944,0.0
7.915,0.353,-0.944,0.0
10.29,0.456,-0.941,0.0
9.679,0.429,-0.941,0.0
9.124,0.403,-0.94,0.0
8.655,0.382,-0.943,0.0
8.222,0.363,-0.943,0.0
7.827,0.345,-0.944,0.0
10.172,0.445,-0.943,0.0
9.586,0.419,-0.944,0.0
8.986,0.392,-0.937,0.0
8.523,0.371,-0.939,0.0
8.145,0.354,-0.945,0.0
7.761,0.337,-0.945,0.0
10.023,0.432,-0.941,0.0
9.467,0.408,-0.944,0.0
8.897,0.383,-0.939,0.0
8.46,0.363,-0.942,0.0
8.048,0.345,-0.943,0.0
7.699,0.33,-0.947,0.0
9.898,0.421,-0.941,0.0
9.337,0.396,-0.942,0.0
8.824,0.374,-0.941,0.0
8.361,0.354,-0.941,0.0
7.969,0.336,-0.943,0.0
7.619,0.321,-0.946,0.0
9.785,0.409,-0.942,0.0
9.219,0.385,-0.941,0.0
8.684,0.362,-0.936,0.0
8.274,0.344,-0.941,0.0
7.891,0.328,-0.943,0.0
7.567,0.314,-0.948,0.0
9.661,0.397,-0.941,0.0
9.131,0.375,-0.942,0.0
8.617,0.353,-0.939,0.0
8.194,0.335,-0.941,0.0
7.795,0.318,-0.94,0.0
7.466,0.304,-0.944,0.0
9.573,0.387,-0.943,0.0
9.006,0.363,-0.939,0.0
8.535,0.343,-0.939,0.0
8.11,0.325,-0.94,0.0
7.741,0.31,-0.942,0.0
7.422,0.297,-0.946,0.0
9.474,0.375,-0.943,0.0
8.95,0.354,-0.942,0.0
8.469,0.334,-0.94,0.0
8.055,0.317,-0.942,0.0
7.687,0.302,-0.943,0.0
7.396,0.29,-0.951,0.0
9.359,0.363,-0.941,0.0
8.868,0.344,-0.942,0.0
8.387,0.324,-0.94,0.0
7.995,0.308,-0.943,0.0
7.62,0.293,-0.943,0.0
7.308,0.281,-0.947,0.0
9.239,0.351,-0.937,0.0
8.742,0.332,-0.937,0.0
8.325,0.315,-0.941,0.0
7.937,0.299,-0.943,0.0
7.606,0.286,-0.948,0.0
7.263,0.273,-0.948,0.0
9.186,0.342,-0.941,0.0
8.688,0.322,-0.94,0.0
8.236,0.305,-0.938,0.0
7.824,0.289,-0.937,0.0
7.507,0.276,-0.943,0.0
7.239,0.266,-0.951,0.0
9.092,0.33,-0.939,0.0
8.628,0.313,-0.941,0.0
8.202,0.296,-0.942,0.0
7.795,0.281,-0.941,0.0
7.468,0.268,-0.945,0.0
7.188,0.257,-0.951,0.0
9.006,0.319,-0.938,0.0
8.576,0.303,-0.942,0.0
8.137,0.287,-0.941,0.0
7.738,0.272,-0.94,0.0
7.46,0.261,-0.95,0.0
7.144,0.249,-0.951,0.0
8.936,0.309,-0.938,0.0
8.508,0.293,-0.942,0.0
8.098,0.278,-0.943,0.0
7.696,0.263,-0.941,0.0
7.374,0.251,-0.945,0.0
7.096,0.241,-0.95,0.0
8.899,0.299,-0.941,0.0
8.432,0.282,-0.94,0.0
8.012,0.267,-0.939,0.0
7.644,0.254,-0.941,0.0
7.346,0.243,-0.947,0.0
7.055,0.233,-0.95,0.0
8.807,0.288,-0.938,0.0
8.403,0.274,-0.943,0.0
7.971,0.258,-0.94,0.0
7.609,0.246,-0.942,0.0
7.322,0.235,-0.949,0.0
7.019,0.225,-0.95,0.0
8.746,0.277,-0.937,0.0
8.335,0.263,-0.941,0.0
7.928,0.249,-0.94,0.0
7.547,0.236,-0.939,0.0
7.295,0.227,-0.95,0.0
6.975,0.217,-0.949,0.0
8.681,0.267,-0.936,0.0
8.261,0.253,-0.938,0.0
7.88,0.24,-0.94,0.0
7.544,0.229,-0.944,0.0
7.247,0.219,-0.948,0.0
6.946,0.209,-0.949,0.0
8.642,0.257,-0.937,0.0
8.232,0.243,-0.939,0.0
7.837,0.231,-0.939,0.0
7.495,0.22,-0.942,0.0
7.219,0.21,-0.949,0.0
6.866,0.199,-0.942,0.0
8.602,0.247,-0.937,0.0
8.215,0.235,-0.942,0.0
7.804,0.222,-0.939,0.0
7.489,0.212,-0.945,0.0
7.207,0.203,-0.951,0.0
6.923,0.194,-0.954,0.0
8.544,0.236,-0.935,0.0
8.128,0.224,-0.936,0.0
7.782,0.213,-0.941,0.0
7.412,0.202,-0.939,0.0
7.151,0.194,-0.947,0.0
0.0,0.0,0.0,0.0
8.524,0.227,-0.937,0.0
8.133,0.215,-0.941,0.0
7.753,0.204,-0.941,0.0
7.456,0.195,-0.948,0.0
7.108,0.185,-0.945,0.0
6.844,0.177,-0.949,0.0
8.487,0.217,-0.937,0.0
8.087,0.206,-0.939,0.0
7.73,0.195,-0.941,0.0
7.388,0.185,-0.943,0.0
7.146,0.178,-0.953,0.0
0.0,0.0,0.0,0.0
8.473,0.207,-0.938,0.0
8.057,0.196,-0.938,0.0
7.718,0.186,-0.943,0.0
7.324,0.176,-0.937,0.0
7.075,0.169,-0.946,0.0
6.833,0.162,-0.953,0.0
8.45,0.198,-0.939,0.0
8.041,0.187,-0.939,0.0
7.692,0.177,-0.942,0.0
7.337,0.168,-0.941,0.0
7.147,0.163,-0.958,0.0
6.834,0.154,-0.955,0.0
8.392,0.187,-0.935,0.0
8.014,0.177,-0.938,0.0
7.681,0.169,-0.943,0.0
7.365,0.161,-0.947,0.0
7.083,0.153,-0.951,0.0
6.783,0.146,-0.95,0.0
8.401,0.178,-0.938,0.0
8.004,0.168,-0.939,0.0
7.647,0.16,-0.94,0.0
0.0,0.0,0.0,0.0
7.042,0.144,-0.947,0.0
6.793,0.138,-0.952,0.0
8.388,0.168,-0.938,0.0
7.998,0.159,-0.94,0.0
7.675,0.151,-0.945,0.0
7.334,0.143,-0.946,0.0
7.016,0.136,-0.945,0.0
6.79,0.13,-0.953,0.0
8.369,0.159,-0.937,0.0
7.982,0.15,-0.939,0.0
7.654,0.142,-0.944,0.0
0.0,0.0,0.0,0.0
7.026,0.128,-0.947,0.0
6.745,0.122,-0.948,0.0
8.371,0.149,-0.938,0.0
7.985,0.141,-0.94,0.0
7.61,0.133,-0.939,0.0
0.0,0.0,0.0,0.0
7.049,0.121,-0.951,0.0
6.74,0.114,-0.947,0.0
8.348,0.14,-0.936,0.0
7.974,0.132,-0.939,0.0
7.611,0.124,-0.94,0.0
0.0,0.0,0.0,0.0
0.0,0.0,0.0,0.0
6.759,0.107,-0.95,0.0
8.364,0.13,-0.938,0.0
7.98,0.123,-0.94,0.0
7.623,0.116,-0.941,0.0
0.0,0.0,0.0,0.0
0.0,0.0,0.0,0.0
6.749,0.099,-0.949,0.0
8.36,0.121,-0.938,0.0
7.985,0.114,-0.94,0.0
7.611,0.107,-0.939,0.0
0.0,0.0,0.0,0.0
7.039,0.096,-0.949,0.0
6.781,0.092,-0.953,0.0
8.371,0.111,-0.938,0.0
8.023,0.105,-0.944,0.0
7.632,0.099,-0.941,0.0
0.0,0.0,0.0,0.0
0.0,0.0,0.0,0.0
6.822,0.085,-0.958,0.0
8.373,0.102,-0.938,0.0
8.002,0.096,-0.941,0.0
7.663,0.09,-0.944,0.0
7.319,0.085,-0.944,0.0
7.066,0.081,-0.951,0.0
6.786,0.076,-0.952,0.0
8.38,0.092,-0.937,0.0
7.988,0.087,-0.938,0.0
7.686,0.082,-0.945,0.0
7.304,0.076,-0.94,0.0
0.0,0.0,0.0,0.0
6.816,0.069,-0.955,0.0
8.384,0.083,-0.936,0.0
8.004,0.078,-0.938,0.0
7.71,0.073,-0.947,0.0
7.345,0.068,-0.944,0.0
7.058,0.064,-0.947,0.0
6.845,0.061,-0.957,0.0
8.413,0.074,-0.937,0.0
8.019,0.069,-0.938,0.0
7.704,0.064,-0.944,0.0
0.0,0.0,0.0,0.0
0.0,0.0,0.0,0.0
6.891,0.054,-0.961,0.0
8.438,0.064,-0.937,0.0
8.061,0.06,-0.94,0.0
7.717,0.056,-0.943,0.0
0.0,0.0,0.0,0.0
0.0,0.0,0.0,0.0
6.788,0.045,-0.944,0.0
8.451,0.055,-0.935,0.0
8.051,0.051,-0.936,0.0
7.697,0.047,-0.938,0.0
7.371,0.043,-0.94,0.0
0.0,0.0,0.0,0.0
6.857,0.038,-0.951,0.0
8.489,0.046,-0.936,0.0
8.127,0.042,-0.941,0.0
7.767,0.039,-0.943,0.0
7.407,0.035,-0.941,0.0
7.151,0.033,-0.949,0.0
6.867,0.03,-0.95,0.0
8.54,0.036,-0.938,0.0
8.147,0.033,-0.94,0.0
7.788,0.03,-0.942,0.0
7.459,0.027,-0.945,0.0
7.18,0.025,-0.949,0.0
6.893,0.022,-0.95,0.0
8.588,0.027,-0.939,0.0
8.209,0.024,-0.943,0.0
7.821,0.021,-0.942,0.0
7.466,0.019,-0.942,0.0
7.176,0.017,-0.945,0.0
6.966,0.015,-0.956,0.0
8.652,0.018,-0.942,0.0
8.202,0.015,-0.938,0.0
7.851,0.013,-0.941,0.0
7.49,0.011,-0.941,0.0
7.215,0.009,-0.946,0.0
6.962,0.007,-0.952,0.0
8.678,0.008,-0.939,0.0
8.238,0.006,-0.937,0.0
7.901,0.004,-0.943,0.0
7.556,0.003,-0.944,0.0
7.262,0.001,-0.948,0.0
6.976,0.0,-0.949,0.0
8.717,0.0,-0.938,0.0
8.287,-0.002,-0.938,0.0
7.918,-0.003,-0.94,0.0
7.575,-0.005,-0.942,0.0
7.265,-0.006,-0.944,0.0
7.062,-0.007,-0.956,0.0
8.782,-0.01,-0.94,0.0
8.374,-0.011,-0.942,0.0
7.955,-0.012,-0.939,0.0
7.575,-0.013,-0.936,0.0
7.32,-0.014,-0.946,0.0
7.041,-0.015,-0.949,0.0
8.825,-0.019,-0.938,0.0
8.409,-0.02,-0.94,0.0
8.025,-0.021,-0.941,0.0
7.654,-0.021,-0.941,0.0
7.359,-0.022,-0.945,0.0
7.09,-0.022,-0.95,0.0
8.896,-0.029,-0.939,0.0
8.427,-0.029,-0.935,0.0
8.06,-0.029,-0.939,0.0
7.679,-0.029,-0.938,0.0
7.432,-0.03,-0.949,0.0
7.108,-0.03,-0.947,0.0
8.943,-0.038,-0.937,0.0
8.514,-0.038,-0.938,0.0
8.155,-0.038,-0.943,0.0
7.781,-0.037,-0.944,0.0
7.47,-0.037,-0.947,0.0
7.174,-0.037,-0.949,0.0
9.088,-0.048,-0.944,0.0
8.578,-0.047,-0.938,0.0
8.178,-0.046,-0.939,0.0
7.819,-0.045,-0.942,0.0
7.51,-0.045,-0.946,0.0
7.213,-0.045,-0.948,0.0
9.145,-0.057,-0.942,0.0
8.669,-0.056,-0.94,0.0
8.228,-0.054,-0.938,0.0
7.88,-0.054,-0.942,0.0
7.525,-0.053,-0.941,0.0
7.258,-0.052,-0.947,0.0
9.246,-0.067,-0.944,0.0
8.741,-0.065,-0.94,0.0
8.31,-0.063,-0.939,0.0
7.964,-0.062,-0.944,0.0
7.606,-0.061,-0.944,0.0
7.322,-0.06,-0.949,0.0
9.35,-0.077,-0.946,0.0
8.83,-0.074,-0.941,0.0
8.371,-0.072,-0.938,0.0
7.977,-0.07,-0.938,0.0
7.684,-0.069,-0.946,0.0
7.408,-0.068,-0.952,0.0
9.43,-0.086,-0.944,0.0
8.938,-0.083,-0.944,0.0
8.43,-0.08,-0.936,0.0
8.069,-0.078,-0.941,0.0
7.734,-0.076,-0.944,0.0
7.409,-0.074,-0.945,0.0
9.563,-0.096,-0.948,0.0
9.008,-0.092,-0.941,0.0
8.526,-0.089,-0.937,0.0
8.152,-0.087,-0.941,0.0
7.782,-0.084,-0.941,0.0
7.505,-0.082,-0.949,0.0
9.619,-0.106,-0.943,0.0
9.082,-0.101,-0.939,0.0
8.664,-0.098,-0.943,0.0
8.226,-0.095,-0.941,0.0
7.866,-0.092,-0.942,0.0
7.565,-0.09,-0.948,0.0
9.788,-0.116,-0.948,0.0
9.223,-0.111,-0.944,0.0
8.704,-0.106,-0.938,0.0
8.294,-0.103,-0.939,0.0
7.949,-0.1,-0.943,0.0
7.607,-0.097,-0.944,0.0
9.902,-0.126,-0.948,0.0
9.36,-0.121,-0.947,0.0
8.843,-0.115,-0.942,0.0
8.417,-0.111,-0.943,0.0
8.022,-0.107,-0.942,0.0
7.69,-0.104,-0.945,0.0
10.028,-0.136,-0.948,0.0
9.457,-0.13,-0.945,0.0
8.935,-0.124,-0.941,0.0
8.523,-0.12,-0.945,0.0
8.111,-0.115,-0.943,0.0
7.747,-0.111,-0.943,0.0
10.13,-0.145,-0.945,0.0
9.594,-0.139,-0.947,0.0
9.074,-0.133,-0.944,0.0
8.589,-0.128,-0.941,0.0
8.17,-0.123,-0.939,0.0
7.879,-0.12,-0.948,0.0
10.301,-0.156,-0.948,0.0
9.706,-0.148,-0.945,0.0
9.211,-0.142,-0.947,0.0
8.688,-0.136,-0.941,0.0
8.327,-0.131,-0.946,0.0
7.913,-0.126,-0.942,0.0
10.444,-0.166,-0.948,0.0
9.864,-0.158,-0.948,0.0
9.366,-0.152,-0.95,0.0
8.818,-0.144,-0.943,0.0
8.414,-0.139,-0.945,0.0
8.026,-0.134,-0.945,0.0
10.612,-0.176,-0.949,0.0
10.022,-0.168,-0.95,0.0
9.461,-0.16,-0.947,0.0
8.931,-0.153,-0.943,0.0
8.518,-0.147,-0.945,0.0
8.146,-0.142,-0.948,0.0
10.829,-0.188,-0.953,0.0
10.134,-0.177,-0.946,0.0
9.596,-0.169,-0.947,0.0
9.1,-0.162,-0.948,0.0
8.616,-0.154,-0.944,0.0
8.199,-0.148,-0.942,0.0
10.942,-0.197,-0.948,0.0
10.344,-0.188,-0.951,0.0
9.748,-0.178,-0.948,0.0
9.239,-0.17,-0.949,0.0
8.736,-0.162,-0.944,0.0
8.311,-0.156,-0.943,0.0
11.151,-0.208,-0.95,0.0
10.494,-0.197,-0.95,0.0
9.906,-0.188,-0.949,0.0
9.383,-0.179,-0.95,0.0
8.85,-0.17,-0.944,0.0
8.441,-0.163,-0.945,0.0
11.315,-0.218,-0.947,0.0
10.709,-0.208,-0.953,0.0
10.07,-0.197,-0.95,0.0
9.51,-0.187,-0.949,0.0
9.033,-0.179,-0.949,0.0
8.55,-0.171,-0.944,0.0
11.504,-0.228,-0.946,0.0
10.876,-0.217,-0.952,0.0
10.253,-0.206,-0.952,0.0
9.645,-0.195,-0.948,0.0
9.145,-0.186,-0.947,0.0
8.67,-0.178,-0.944,0.0
11.818,-0.241,-0.954,0.0
11.058,-0.227,-0.951,0.0
10.41,-0.215,-0.95,0.0
9.84,-0.205,-0.952,0.0
9.321,-0.195,-0.951,0.0
8.838,-0.186,-0.949,0.0
12.101,-0.253,-0.958,0.0
11.298,-0.238,-0.954,0.0
10.61,-0.225,-0.952,0.0
10.002,-0.213,-0.951,0.0
9.444,-0.202,-0.948,0.0
8.971,-0.193,-0.949,0.0
12.336,-0.264,-0.957,0.0
11.462,-0.247,-0.949,0.0
10.833,-0.235,-0.955,0.0
10.193,-0.222,-0.953,0.0
9.603,-0.21,-0.949,0.0
9.116,-0.201,-0.949,0.0
12.578,-0.275,-0.955,0.0
11.78,-0.259,-0.956,0.0
10.989,-0.243,-0.95,0.0
10.358,-0.23,-0.952,0.0
9.803,-0.219,-0.953,0.0
9.305,-0.209,-0.954,0.0
12.869,-0.287,-0.956,0.0
12.07,-0.27,-0.96,0.0
11.246,-0.253,-0.954,0.0
10.573,-0.239,-0.954,0.0
9.989,-0.227,-0.954,0.0
9.458,-0.216,-0.953,0.0
13.187,-0.299,-0.958,0.0
12.311,-0.281,-0.959,0.0
11.441,-0.262,-0.951,0.0
10.764,-0.247,-0.953,0.0
10.206,-0.236,-0.957,0.0
9.596,-0.222,-0.951,0.0
13.443,-0.31,-0.954,0.0
12.563,-0.291,-0.957,0.0
11.735,-0.273,-0.956,0.0
10.941,-0.255,-0.95,0.0
10.352,-0.242,-0.953,0.0
9.814,-0.231,-0.955,0.0
13.714,-0.321,-0.949,0.0
12.831,-0.301,-0.956,0.0
12.055,-0.284,-0.961,0.0
11.213,-0.265,-0.954,0.0
10.574,-0.251,-0.955,0.0
9.989,-0.238,-0.955,0.0
14.154,-0.335,-0.955,0.0
13.151,-0.312,-0.956,0.0
12.314,-0.293,-0.96,0.0
11.405,-0.272,-0.95,0.0
10.804,-0.259,-0.957,0.0
10.205,-0.245,-0.958,0.0
14.406,-0.345,-0.947,0.0
13.427,-0.322,-0.953,0.0
12.545,-0.302,-0.956,0.0
11.777,-0.284,-0.96,0.0
10.999,-0.266,-0.954,0.0
10.38,-0.252,-0.955,0.0
14.904,-0.36,-0.953,0.0
13.869,-0.335,-0.959,0.0
12.893,-0.313,-0.959,0.0
12.074,-0.294,-0.963,0.0
11.257,-0.274,-0.957,0.0
10.604,-0.259,-0.957,0.0
15.406,-0.375,-0.957,0.0
14.143,-0.345,-0.953,0.0
13.238,-0.323,-0.961,0.0
12.335,-0.302,-0.961,0.0
11.45,-0.281,-0.952,0.0
10.802,-0.266,-0.955,0.0
16.11,-0.394,-0.972,0.0
14.603,-0.358,-0.957,0.0
13.463,-0.33,-0.953,0.0
12.607,-0.31,-0.959,0.0
11.809,-0.291,-0.96,0.0
11.086,-0.274,-0.96,0.0
16.386,-0.402,-0.958,1.0
14.962,-0.368,-0.953,0.0
13.904,-0.342,-0.958,0.0
12.92,-0.319,-0.959,0.0
12.143,-0.3,-0.965,0.0
11.3,-0.28,-0.957,0.0
16.981,-0.418,-0.961,2.0
15.468,-0.381,-0.956,0.0
14.209,-0.351,-0.952,0.0
13.291,-0.329,-0.961,0.0
12.408,-0.307,-0.962,0.0
11.586,-0.287,-0.959,0.0
17.26,-0.425,-0.945,2.0
16.273,-0.401,-0.975,0.0
14.692,-0.363,-0.957,0.0
13.56,-0.335,-0.955,0.0
12.681,-0.314,-0.96,0.0
11.927,-0.295,-0.965,0.0
16.505,-0.407,-0.958,2.0
15.176,-0.374,-0.96,0.0
14.007,-0.346,-0.96,0.0
13.072,-0.323,-0.964,0.0
12.232,-0.302,-0.966,0.0
20.064,-0.493,-1.023,0.0
17.06,-0.419,-0.958,2.0
15.594,-0.384,-0.957,0.0
14.378,-0.354,-0.958,0.0
13.377,-0.329,-0.961,0.0
12.5,-0.308,-0.963,0.0
20.116,-0.493,-0.987,0.0
17.296,-0.424,-0.938,0.0
16.325,-0.4,-0.97,1.0
14.732,-0.361,-0.954,0.0
13.735,-0.337,-0.961,0.0
12.804,-0.314,-0.962,0.0
20.219,-0.492,-0.953,0.0
20.271,-0.494,-1.061,0.0
16.848,-0.41,-0.969,2.0
15.311,-0.373,-0.962,0.0
14.104,-0.343,-0.959,0.0
13.171,-0.321,-0.964,0.0
20.215,-0.489,-0.914,0.0
20.163,-0.488,-1.017,0.0
17.174,-0.415,-0.955,2.0
15.796,-0.382,-0.962,0.0
14.405,-0.348,-0.952,0.0
13.419,-0.324,-0.957,0.0
20.297,-0.487,-0.879,1.0
20.314,-0.487,-0.985,0.0
16.349,-0.391,-0.964,2.0
14.884,-0.356,-0.955,0.0
13.843,-0.331,-0.96,0.0
20.45,-0.485,-0.846,1.0
20.492,-0.486,-0.954,0.0
16.958,-0.401,-0.967,2.0
15.492,-0.366,-0.963,0.0
14.251,-0.336,-0.96,0.0
20.752,-0.487,-0.818,1.0
20.712,-0.485,-0.923,1.0
20.661,-0.483,-1.028,0.0
17.251,-0.403,-0.949,1.0
16.115,-0.376,-0.97,0.0
14.521,-0.338,-0.95,0.0
21.337,-0.493,-0.799,0.0
20.774,-0.48,-0.885,1.0
20.703,-0.477,-0.989,0.0
16.579,-0.381,-0.966,0.0
15.27,-0.35,-0.969,0.0
22.346,-0.509,-0.793,1.0
20.917,-0.475,-0.85,1.0
20.88,-0.473,-0.957,0.0
17.111,-0.386,-0.963,1.0
15.613,-0.352,-0.96,0.0
23.77,-0.532,-0.797,5.0
21.248,-0.474,-0.822,1.0
21.204,-0.472,-0.93,0.0
21.173,-0.47,-1.04,0.0
17.326,-0.384,-0.941,0.0
16.168,-0.357,-0.962,0.0
24.094,-0.528,-0.761,5.0
21.913,-0.479,-0.805,1.0
21.408,-0.467,-0.897,0.0
21.413,-0.466,-1.01,0.0
16.808,-0.363,-0.967,0.0
25.394,-0.544,-0.752,2.0
22.806,-0.487,-0.793,1.0
21.727,-0.463,-0.867,1.0
21.733,-0.461,-0.982,0.0
38.352,-0.812,-1.932,0.0
17.102,-0.361,-0.95,0.0
27.792,-0.581,-0.768,1.0
24.884,-0.519,-0.816,1.0
21.986,-0.457,-0.834,1.0
21.946,-0.454,-0.948,0.0
0.0,0.0,0.0,0.0
17.86,-0.367,-0.957,0.0
29.111,-0.593,-0.747,8.0
25.687,-0.521,-0.791,2.0
22.572,-0.456,-0.812,2.0
22.479,-0.452,-0.927,1.0
0.0,0.0,0.0,0.0
0.0,0.0,0.0,0.0
30.488,-0.603,-0.723,29.0
27.189,-0.535,-0.784,1.0
23.431,-0.459,-0.797,1.0
22.915,-0.446,-0.9,0.0
23.014,-0.446,-1.023,0.0
19.262,-0.372,-0.956,0.0
30.861,-0.59,-0.67,31.0
28.506,-0.542,-0.766,7.0
25.33,-0.479,-0.812,1.0
23.538,-0.443,-0.878,1.0
23.609,-0.442,-1.003,0.0
19.597,-0.365,-0.934,1.0
31.52,-0.582,-0.623,6.0
29.759,-0.546,-0.742,14.0
26.588,-0.485,-0.8,1.0
24.012,-0.435,-0.849,2.0
23.669,-0.426,-0.959,0.0
21.357,-0.383,-0.976,0.0
37.82,-0.671,-0.674,13.0
30.616,-0.54,-0.703,29.0
28.048,-0.491,-0.789,2.0
24.879,-0.433,-0.831,2.0
24.555,-0.424,-0.947,0.0
21.448,-0.368,-0.938,6.0
38.324,-0.651,-0.608,14.0
31.318,-0.528,-0.658,15.0
29.62,-0.496,-0.775,8.0
25.808,-0.429,-0.811,2.0
25.257,-0.417,-0.925,0.0
20.268,-0.332,-0.847,0.0
44.859,-0.727,-0.625,13.0
36.085,-0.58,-0.689,2.0
30.315,-0.483,-0.735,26.0
26.829,-0.424,-0.792,1.0
25.888,-0.406,-0.898,1.0
20.245,-0.315,-0.807,0.0
45.111,-0.694,-0.541,19.0
38.023,-0.58,-0.653,22.0
31.044,-0.469,-0.693,29.0
28.241,-0.423,-0.779,2.0
26.688,-0.396,-0.875,1.0
20.248,-0.297,-0.768,3.0
52.862,-0.767,-0.532,15.0
38.939,-0.559,-0.593,11.0
31.964,-0.455,-0.652,5.0
30.26,-0.426,-0.777,8.0
27.485,-0.383,-0.848,1.0
20.225,-0.279,-0.729,15.0
56.593,-0.771,-0.462,5.0
44.941,-0.605,-0.599,26.0
0.0,0.0,0.0,0.0
30.947,-0.407,-0.736,21.0
28.33,-0.369,-0.82,1.0
20.219,-0.26,-0.69,23.0
56.61,-0.718,-0.355,13.0
45.499,-0.57,-0.521,5.0
38.215,-0.473,-0.635,13.0
32.006,-0.391,-0.701,9.0
29.41,-0.354,-0.796,3.0
20.217,-0.24,-0.652,28.0
56.29,-0.66,-0.247,0.0
52.952,-0.612,-0.506,9.0
44.748,-0.51,-0.66,11.0
35.946,-0.404,-0.72,4.0
20.18,-0.223,-0.508,9.0
20.198,-0.22,-0.614,31.0
56.239,-0.603,-0.142,3.0
58.941,-0.622,-0.454,21.0
45.011,-0.467,-0.58,31.0
37.819,-0.386,-0.687,22.0
20.192,-0.202,-0.471,24.0
20.183,-0.199,-0.576,37.0
56.217,-0.544,-0.037,13.0
56.373,-0.536,-0.33,1.0
49.63,-0.463,-0.548,1.0
20.169,-0.184,-0.329,9.0
20.175,-0.181,-0.433,28.0
20.174,-0.177,-0.538,36.0
53.344,-0.459,0.061,7.0
53.339,-0.449,-0.214,12.0
20.178,-0.166,-0.185,3.0
20.16,-0.162,-0.292,25.0
20.168,-0.158,-0.396,28.0
20.182,-0.155,-0.502,31.0
58.3,-0.437,0.175,10.0
20.169,-0.147,-0.044,16.0
20.149,-0.143,-0.148,17.0
20.148,-0.139,-0.255,27.0
20.146,-0.135,-0.359,33.0
20.155,-0.132,-0.464,34.0
20.142,-0.127,0.097,17.0
20.148,-0.124,-0.007,25.0
20.153,-0.12,-0.112,24.0
20.132,-0.116,-0.218,16.0
20.136,-0.112,-0.323,38.0
20.152,-0.108,-0.428,38.0
20.131,-0.104,0.132,21.0
20.138,-0.1,0.028,29.0
20.151,-0.096,-0.076,28.0
20.144,-0.092,-0.183,33.0
20.14,-0.088,-0.287,36.0
20.147,-0.083,-0.392,25.0
20.128,-0.079,0.168,28.0
20.13,-0.075,0.064,40.0
20.122,-0.071,-0.04,28.0
20.136,-0.067,-0.147,34.0
20.144,-0.063,-0.252,25.0
20.156,-0.059,-0.357,22.0
20.124,-0.054,0.204,30.0
20.125,-0.05,0.099,40.0
20.127,-0.046,-0.005,35.0
20.146,-0.042,-0.112,33.0
20.139,-0.037,-0.217,14.0
20.169,-0.033,-0.322,18.0
20.112,-0.029,0.239,29.0
20.117,-0.024,0.134,29.0
20.147,-0.02,0.029,29.0
20.182,-0.016,-0.077,23.0
20.163,-0.012,-0.183,12.0
20.217,-0.007,-0.289,2.0
20.131,-0.003,0.273,27.0
20.129,0.001,0.168,29.0
20.143,0.005,0.063,31.0
20.233,0.01,-0.043,152.0
20.267,0.014,-0.149,151.0
20.261,0.019,-0.255,151.0
20.131,0.023,0.307,28.0
20.136,0.028,0.202,27.0
20.147,0.032,0.097,28.0
20.245,0.037,-0.01,47.0
20.257,0.042,-0.115,31.0
20.244,0.046,-0.221,54.0
20.145,0.05,0.341,29.0
20.141,0.055,0.235,28.0
20.143,0.06,0.13,27.0
20.207,0.065,0.023,33.0
20.207,0.069,-0.082,32.0
20.209,0.074,-0.188,26.0
20.148,0.078,0.374,29.0
20.153,0.083,0.268,27.0
20.157,0.088,0.163,27.0
20.199,0.093,0.055,34.0
20.187,0.097,-0.05,33.0
20.185,0.102,-0.155,33.0
20.157,0.107,0.406,29.0
20.162,0.112,0.301,28.0
20.173,0.117,0.195,25.0
20.192,0.122,0.088,33.0
20.178,0.126,-0.017,26.0
20.175,0.131,-0.123,38.0
20.177,0.136,0.439,26.0
20.17,0.141,0.333,25.0
20.203,0.146,0.227,21.0
20.186,0.151,0.119,24.0
20.228,0.156,0.013,26.0
20.195,0.161,-0.092,23.0
20.235,0.166,0.472,24.0
20.247,0.171,0.365,26.0
20.273,0.177,0.26,27.0
20.294,0.182,0.151,28.0
20.322,0.187,0.045,34.0
20.304,0.192,-0.061,9.0
20.267,0.197,0.503,35.0
20.274,0.202,0.397,32.0
20.286,0.207,0.29,26.0
20.289,0.212,0.182,26.0
20.331,0.218,0.075,24.0
20.329,0.223,-0.031,0.0
20.276,0.228,0.534,27.0
20.271,0.233,0.427,28.0
20.282,0.238,0.321,26.0
20.276,0.243,0.212,18.0
20.347,0.249,0.105,0.0
99.63,1.248,-0.005,4.0
20.293,0.259,0.565,8.0
20.28,0.264,0.457,17.0
20.285,0.27,0.351,7.0
20.268,0.275,0.241,0.0
99.782,1.38,0.664,1.0
99.577,1.404,0.139,5.0
157.901,2.269,4.626,16.0
196.319,2.874,4.717,23.0
195.129,2.907,3.658,25.0
195.653,2.967,2.617,8.0
0.0,0.0,0.0,0.0
99.737,1.564,0.28,4.0
148.628,2.373,4.567,3.0
197.121,3.201,5.016,14.0
194.799,3.214,3.926,15.0
194.758,3.264,2.876,33.0
0.0,0.0,0.0,0.0
99.788,1.725,0.418,5.0
149.16,2.622,4.789,2.0
0.0,0.0,0.0,0.0
194.648,3.527,4.191,13.0
194.701,3.578,3.14,8.0
103.155,1.923,1.118,43.0
99.861,1.889,0.554,4.0
0.0,0.0,0.0,0.0
0.0,0.0,0.0,0.0
194.471,3.845,4.449,12.0
195.476,3.916,3.416,16.0
103.138,2.095,1.256,6.0
102.964,2.118,0.707,5.0
0.0,0.0,0.0,0.0
194.776,4.122,5.746,14.0
194.668,4.173,4.71,19.0
196.636,4.267,3.692,5.0
195.14,4.289,2.63,24.0
0.0,0.0,0.0,0.0
140.122,3.162,5.059,2.0
195.193,4.456,6.008,6.0
194.702,4.499,4.958,24.0
193.979,4.537,3.89,33.0
195.085,4.617,2.876,22.0
0.0,0.0,0.0,0.0
126.471,3.07,4.726,2.0
0.0,0.0,0.0,0.0
194.234,4.821,5.19,16.0
193.823,4.862,4.126,28.0
195.495,4.959,3.122,5.0
0.0,0.0,0.0,0.0
0.0,0.0,0.0,0.0
193.316,5.075,6.428,16.0
194.425,5.157,5.428,18.0
193.705,5.19,4.354,26.0
193.538,5.24,3.32,26.0
195.285,5.343,2.31,23.0
102.713,2.846,4.085,3.0
193.485,5.412,6.661,9.0
193.591,5.47,5.631,18.0
193.927,5.534,4.587,27.0
193.504,5.577,3.545,24.0
195.43,5.686,2.536,21.0
193.823,5.708,7.932,8.0
193.876,5.762,6.898,19.0
193.047,5.792,5.836,20.0
193.918,5.871,4.804,24.0
193.887,5.923,3.767,24.0
195.657,6.032,2.755,5.0
193.8,6.046,8.146,12.0
193.678,6.095,7.104,19.0
193.233,6.136,6.053,6.0
194.142,6.217,5.021,11.0
194.611,6.288,3.992,26.0
195.06,6.356,2.957,19.0
194.556,6.41,8.386,8.0
194.036,6.446,7.323,16.0
193.53,6.483,6.264,19.0
194.775,6.58,5.241,7.0
195.097,6.645,4.204,8.0
195.068,6.7,3.159,23.0
196.301,6.815,8.665,7.0
193.668,6.778,7.508,19.0
193.477,6.825,6.462,7.0
194.758,6.926,5.44,16.0
195.583,7.008,4.411,17.0
202.748,7.324,3.485,17.0
197.62,7.216,8.923,8.0
194.776,7.164,7.744,8.0
193.599,7.176,6.656,17.0
198.555,7.414,5.739,5.0
195.534,7.358,4.601,5.0
195.059,7.394,3.54,16.0
195.26,7.479,9.004,10.0
199.461,7.695,8.122,6.0
193.442,7.517,6.834,5.0
193.123,7.56,5.763,13.0
0.0,0.0,0.0,0.0
200.765,7.973,3.831,6.0
194.657,7.809,9.156,6.0
195.144,7.884,8.126,9.0
0.0,0.0,0.0,0.0
192.854,7.896,5.928,26.0
193.862,7.993,4.915,15.0
0.0,0.0,0.0,0.0
194.388,8.153,9.318,23.0
0.0,0.0,0.0,0.0
194.041,8.245,7.202,7.0
193.293,8.266,6.11,28.0
193.887,8.347,5.083,20.0
195.461,8.469,4.067,12.0
193.653,8.473,9.446,26.0
193.432,8.516,8.388,25.0
194.441,8.614,7.378,12.0
193.099,8.608,6.263,33.0
193.918,8.7,5.241,8.0
0.0,0.0,0.0,0.0
194.502,8.864,9.644,15.0
193.227,8.861,8.534,17.0
193.446,8.922,7.493,17.0
193.815,8.992,6.437,25.0
194.05,9.059,5.395,15.0
195.722,9.193,4.382,6.0
194.209,9.208,9.781,20.0
192.636,9.187,8.654,24.0
192.868,9.25,7.617,22.0
194.188,9.365,6.594,18.0
193.958,9.408,5.534,20.0
0.0,0.0,0.0,0.0
194.276,9.569,9.926,18.0
192.853,9.553,8.804,22.0
193.283,9.628,7.773,9.0
0.0,0.0,0.0,0.0
194.044,9.773,5.674,18.0
0.0,0.0,0.0,0.0
194.075,9.917,10.049,25.0
192.795,9.905,8.933,20.0
192.835,9.958,7.884,25.0
193.289,10.036,6.832,16.0
193.695,10.109,5.791,20.0
0.0,0.0,0.0,0.0
193.85,10.261,10.165,23.0
192.875,10.262,9.059,28.0
193.342,10.338,8.027,17.0
193.144,10.381,6.947,20.0
196.024,10.588,5.981,28.0
196.051,10.645,4.914,46.0
193.893,10.621,10.284,29.0
193.566,10.656,9.21,20.0
0.0,0.0,0.0,0.0
0.0,0.0,0.0,0.0
193.481,10.807,6.016,5.0
0.0,0.0,0.0,0.0
193.53,10.958,10.375,20.0
193.779,11.024,9.328,9.0
194.04,11.092,8.279,5.0
156.309,8.976,5.799,3.0
0.0,0.0,0.0,0.0
177.712,10.302,4.65,3.0
194.226,11.355,10.516,16.0
193.935,11.39,9.437,18.0
193.643,11.423,8.361,9.0
156.166,9.253,5.872,3.0
193.056,11.492,6.203,5.0
0.0,0.0,0.0,0.0
196.067,11.819,10.711,8.0
194.009,11.747,9.533,8.0
193.389,11.758,8.44,9.0
0.0,0.0,0.0,0.0
173.149,10.622,5.641,4.0
0.0,0.0,0.0,0.0
196.274,12.191,10.809,8.0
194.663,12.143,9.65,8.0
156.982,9.834,6.92,3.0
163.007,10.253,6.274,6.0
162.666,10.275,5.367,4.0
194.387,12.332,5.347,4.0
196.08,12.538,10.879,25.0
121.7,7.813,6.081,4.0
107.675,6.941,4.788,1.0
0.0,0.0,0.0,0.0
162.669,10.572,5.429,4.0
178.395,11.642,4.972,15.0
196.221,12.905,10.958,5.0
108.063,7.134,5.439,1.0
107.487,7.124,4.818,1.0
156.986,10.445,6.154,5.0
161.859,10.811,5.455,6.0
173.202,11.615,4.885,10.0
120.274,8.127,6.755,3.0
107.821,7.313,5.46,4.0
121.905,8.298,5.501,2.0
155.985,10.658,6.162,11.0
156.866,10.76,5.332,19.0
161.651,11.129,4.605,23.0
111.048,7.704,6.269,2.0
108.196,7.532,5.509,6.0
121.7,8.503,5.524,3.0
154.392,10.826,6.14,4.0
156.464,11.01,5.358,3.0
155.83,11.006,4.477,20.0
92.042,6.55,5.218,2.0
119.898,8.561,6.134,3.0
107.53,7.705,4.905,2.0
161.124,11.584,6.443,4.0
166.313,12.0,5.731,14.0
155.059,11.228,4.486,12.0
111.063,8.102,6.318,9.0
120.359,8.808,6.18,3.0
96.411,7.078,4.415,3.0
163.697,12.06,6.574,7.0
163.725,12.101,5.67,21.0
166.684,12.363,4.851,11.0
92.37,6.9,5.269,7.0
96.465,7.229,4.968,1.0
96.436,7.25,4.431,8.0
96.563,7.282,3.891,6.0
156.969,11.877,5.456,7.0
156.955,11.914,4.587,27.0
96.995,7.415,5.545,4.0
110.898,8.506,5.723,6.0
119.945,9.228,5.524,8.0
107.945,8.331,4.361,3.0
154.087,11.928,5.371,4.0
167.317,12.994,4.903,30.0
91.77,7.177,5.254,3.0
92.456,7.253,4.778,1.0
96.972,7.63,4.472,2.0
109.962,8.677,4.448,4.0
167.026,13.221,5.829,16.0
154.883,12.298,4.546,14.0
109.416,8.749,6.269,2.0
92.325,7.402,4.774,2.0
87.858,7.064,4.054,3.0
99.707,8.04,4.036,2.0
193.526,15.649,6.756,6.0
161.265,13.079,4.734,25.0
109.168,8.914,6.255,2.0
92.124,7.542,4.763,4.0
87.642,7.195,4.043,5.0
143.346,11.799,5.799,8.0
156.991,12.958,5.477,14.0
156.924,12.99,4.601,6.0
91.907,7.658,5.261,5.0
96.853,8.092,5.003,4.0
87.492,7.329,4.031,8.0
98.862,8.303,3.994,6.0
144.086,12.135,5.018,17.0
144.329,12.188,4.221,11.0
99.141,8.427,5.669,7.0
89.379,7.616,4.61,2.0
87.476,7.472,4.023,9.0
109.882,9.411,4.428,5.0
121.049,10.394,4.202,31.0
143.734,12.375,4.188,31.0
84.957,7.362,4.847,5.0
96.714,8.402,4.977,3.0
87.286,7.6,4.002,7.0
109.85,9.588,4.412,6.0
121.116,10.598,4.188,20.0
143.668,12.602,4.165,30.0
83.919,7.408,4.775,3.0
97.278,8.609,4.99,6.0
87.773,7.786,4.01,8.0
105.521,9.382,4.219,2.0
121.977,10.871,4.195,12.0
143.585,12.829,4.136,25.0
91.671,8.242,5.199,4.0
97.454,8.781,4.979,5.0
87.64,7.915,3.986,7.0
110.536,10.006,4.397,10.0
109.711,9.953,3.749,19.0
143.427,13.044,4.098,19.0
86.816,7.943,4.904,2.0
97.412,8.931,4.954,5.0
87.63,8.051,3.965,8.0
110.374,10.164,4.364,9.0
109.661,10.12,3.72,18.0
151.798,14.041,4.299,15.0
86.887,8.086,4.884,2.0
87.742,8.182,4.439,6.0
87.643,8.191,3.941,12.0
108.19,10.132,4.245,13.0
116.113,10.898,3.904,11.0
151.763,14.275,4.252,13.0
84.162,7.964,4.705,5.0
97.407,9.235,4.896,8.0
87.117,8.276,3.889,12.0
108.124,10.292,4.208,21.0
116.013,11.067,3.863,10.0
121.201,11.585,3.355,27.0
84.986,8.171,4.722,4.0
97.451,9.386,4.866,8.0
138.372,13.354,6.128,9.0
108.176,10.461,4.171,2.0
115.979,11.238,3.819,11.0
137.801,13.38,3.763,32.0
85.091,8.309,4.696,8.0
97.464,9.533,4.829,5.0
86.165,8.444,3.783,4.0
137.845,13.533,5.262,13.0
108.726,10.695,3.537,10.0
109.189,10.761,2.938,53.0
85.035,8.427,4.658,11.0
97.694,9.698,4.799,14.0
97.751,9.72,4.251,14.0
115.227,11.479,4.348,23.0
115.601,11.538,3.711,15.0
115.75,11.574,3.064,36.0
84.198,8.464,4.575,3.0
107.404,10.815,5.228,16.0
111.518,11.249,4.798,10.0
111.205,11.236,4.146,21.0
109.906,11.125,3.476,42.0
116.09,11.772,3.018,22.0
84.141,8.577,4.531,7.0
85.78,8.758,4.134,6.0
107.466,10.99,4.571,23.0
97.586,9.996,3.589,32.0
110.327,11.321,3.435,24.0
109.603,11.266,2.795,36.0
84.298,8.71,4.496,1.0
85.629,8.861,4.082,15.0
114.67,11.884,4.818,7.0
107.653,11.175,3.902,8.0
121.598,12.642,3.721,19.0
109.508,11.404,2.733,24.0
79.648,8.335,4.205,3.0
85.766,8.989,4.042,12.0
98.763,10.367,4.095,17.0
107.907,11.343,3.852,8.0
116.859,12.303,3.511,11.0
109.04,11.499,2.66,38.0
87.842,9.309,4.587,2.0
85.734,9.098,3.99,15.0
98.403,10.456,4.023,20.0
98.219,10.452,3.449,14.0
103.674,11.049,3.053,13.0
109.22,11.657,2.599,19.0
84.765,9.09,4.374,4.0
85.789,9.212,3.941,12.0
114.157,12.275,4.596,11.0
98.259,10.58,3.39,39.0
103.581,11.169,2.985,34.0
115.729,12.498,2.68,14.0
86.957,9.435,4.432,3.0
85.846,9.326,3.888,13.0
0.0,0.0,0.0,0.0
108.225,11.787,3.662,24.0
116.691,12.727,3.287,17.0
103.912,11.349,2.338,38.0
87.654,9.616,4.409,3.0
86.002,9.446,3.838,12.0
96.841,10.65,3.771,34.0
109.533,12.06,3.632,9.0
115.438,12.728,3.173,23.0
103.869,11.468,2.265,46.0
91.92,10.193,4.56,20.0
85.899,9.536,3.772,11.0
107.944,11.997,4.127,9.0
97.777,10.88,3.173,13.0
104.519,11.645,2.798,20.0
103.908,11.591,2.192,25.0
105.603,11.83,5.162,6.0
91.789,10.294,3.964,12.0
105.191,11.811,3.944,20.0
104.669,11.765,3.319,11.0
97.715,10.996,2.543,10.0
144.094,16.235,2.933,11.0
107.641,12.178,5.181,17.0
91.763,10.392,3.893,35.0
110.395,12.516,4.055,12.0
104.263,11.833,3.227,26.0
144.058,16.369,3.637,9.0
144.142,16.397,2.821,12.0
136.908,15.635,6.483,12.0
91.741,10.487,3.82,12.0
103.979,11.898,3.738,6.0
115.188,13.194,3.474,20.0
149.547,17.149,3.659,12.0
149.384,17.15,2.805,17.0
105.188,12.122,4.895,19.0
85.881,9.905,3.508,16.0
103.823,11.986,3.648,6.0
115.279,13.321,3.382,20.0
149.644,17.31,3.54,12.0
149.308,17.29,2.68,15.0
86.978,10.109,3.976,10.0
85.915,9.994,3.437,50.0
98.992,11.526,3.396,6.0
97.602,11.374,2.782,17.0
97.783,11.406,2.229,9.0
149.467,17.454,2.557,14.0
90.722,10.631,4.07,24.0
85.935,10.079,3.363,21.0
98.491,11.561,3.293,16.0
97.645,11.472,2.698,41.0
97.777,11.497,2.145,23.0
97.738,11.504,1.586,27.0
92.385,10.911,4.063,21.0
85.924,10.155,3.287,21.0
96.884,11.459,3.153,6.0
97.691,11.564,2.613,50.0
97.704,11.575,2.056,34.0
97.687,11.584,1.499,61.0
85.757,10.202,3.695,41.0
85.872,10.223,3.208,30.0
96.915,11.545,3.068,18.0
97.655,11.642,2.525,44.0
97.71,11.659,1.968,31.0
97.707,11.668,1.411,45.0
86.562,10.37,3.649,57.0
86.01,10.31,3.135,35.0
96.941,11.628,2.979,11.0
97.736,11.732,2.436,37.0
97.716,11.739,1.878,23.0
97.813,11.76,1.32,3.0
86.703,10.455,3.574,7.0
86.086,10.387,3.056,38.0
97.246,11.741,2.896,10.0
97.831,11.819,2.345,25.0
139.833,16.906,2.553,9.0
0.0,0.0,0.0,0.0
108.669,13.185,4.376,4.0
85.881,10.426,2.966,19.0
97.323,11.822,2.805,51.0
139.66,16.975,3.214,10.0
161.021,19.585,2.785,3.0
0.0,0.0,0.0,0.0
108.84,13.283,4.275,19.0
91.513,11.174,3.07,18.0
97.347,11.893,2.71,10.0
149.681,18.298,3.293,24.0
149.872,18.332,2.442,3.0
0.0,0.0,0.0,0.0
84.845,10.411,3.247,4.0
91.533,11.236,2.98,16.0
149.989,18.422,4.025,14.0
149.57,18.38,3.142,24.0
0.0,0.0,0.0,0.0
0.0,0.0,0.0,0.0
84.852,10.464,3.162,22.0
91.509,11.29,2.886,17.0
149.74,18.483,3.865,12.0
149.655,18.482,2.99,20.0
0.0,0.0,0.0,0.0
0.0,0.0,0.0,0.0
84.9,10.52,3.075,23.0
91.487,11.34,2.79,38.0
91.593,11.358,2.269,27.0
91.503,11.352,1.733,26.0
0.0,0.0,0.0,0.0
68.747,8.537,0.515,5.0
97.227,12.099,3.42,16.0
91.483,11.388,2.693,48.0
91.52,11.396,2.171,31.0
91.481,11.396,1.637,40.0
0.0,0.0,0.0,0.0
68.684,8.565,0.442,14.0
85.701,10.707,2.924,22.0
91.484,11.432,2.596,57.0
91.518,11.44,2.073,55.0
91.453,11.436,1.538,50.0
69.142,8.65,0.767,0.0
68.664,8.594,0.368,54.0
85.753,10.751,2.832,31.0
91.473,11.471,2.498,56.0
91.492,11.476,1.975,59.0
91.43,11.472,1.44,35.0
69.182,8.684,0.693,0.0
68.676,8.624,0.295,7.0
91.375,11.492,2.92,29.0
91.468,11.506,2.398,45.0
91.458,11.507,1.874,51.0
91.451,11.51,1.341,6.0
0.0,0.0,0.0,0.0
68.718,8.655,0.22,1.0
91.424,11.53,2.823,41.0
91.486,11.54,2.299,30.0
91.458,11.539,1.773,43.0
69.153,8.727,0.937,0.0
68.655,8.666,0.538,4.0
0.0,0.0,0.0,0.0
91.48,11.566,2.721,41.0
91.493,11.568,2.198,34.0
91.446,11.564,1.672,38.0
69.124,8.743,0.861,0.0
68.642,8.684,0.462,15.0
0.0,0.0,0.0,0.0
91.509,11.593,2.622,37.0
91.509,11.593,2.097,42.0
91.463,11.589,1.571,33.0
69.189,8.768,0.785,1.0
68.637,8.7,0.386,22.0
0.0,0.0,0.0,0.0
91.506,11.612,2.52,33.0
91.495,11.611,1.994,36.0
91.474,11.609,1.469,10.0
69.124,8.773,0.707,0.0
68.635,8.713,0.309,13.0
0.0,0.0,0.0,0.0
91.499,11.626,2.417,28.0
91.491,11.625,1.892,25.0
68.965,8.763,1.03,1.0
68.852,8.749,0.626,0.0
68.55,8.712,0.231,2.0
64.677,8.221,-0.152,0.0
91.509,11.639,2.313,25.0
91.502,11.637,1.786,16.0
69.076,8.785,0.953,0.0
68.634,8.729,0.547,5.0
0.0,0.0,0.0,0.0
64.876,8.253,-0.226,0.0
91.535,11.649,2.208,17.0
91.494,11.643,1.683,10.0
69.091,8.791,0.875,0.0
68.636,8.733,0.469,21.0
64.87,8.254,0.07,1.0
64.904,8.259,-0.301,1.0
91.536,11.652,2.104,15.0
91.438,11.638,1.577,4.0
69.148,8.8,0.797,0.0
68.628,8.733,0.39,27.0
64.749,8.239,-0.003,2.0
64.861,8.254,-0.375,0.0
91.527,11.649,2.0,20.0
149.788,19.06,2.413,6.0
69.238,8.809,0.718,0.0
68.6,8.727,0.31,11.0
64.73,8.234,-0.077,1.0
64.955,8.263,-0.45,0.0
91.511,11.641,1.894,22.0
69.06,8.783,1.032,0.0
0.0,0.0,0.0,0.0
68.599,8.721,0.233,2.0
0.0,0.0,0.0,0.0
65.005,8.263,-0.524,0.0
91.49,11.627,1.789,23.0
69.119,8.782,0.955,1.0
68.64,8.719,0.555,4.0
0.0,0.0,0.0,0.0
64.97,8.25,-0.226,2.0
0.0,0.0,0.0,0.0
91.48,11.612,1.684,28.0
69.183,8.779,0.876,1.0
68.634,8.707,0.477,17.0
0.0,0.0,0.0,0.0
64.961,8.238,-0.3,4.0
0.0,0.0,0.0,0.0
91.456,11.589,1.579,33.0
69.152,8.76,0.797,1.0
68.638,8.692,0.397,20.0
0.0,0.0,0.0,0.0
64.978,8.225,-0.374,0.0
0.0,0.0,0.0,0.0
91.436,11.564,1.474,21.0
69.073,8.732,0.718,1.0
68.628,8.673,0.319,10.0
65.013,8.213,-0.076,0.0
65.134,8.227,-0.449,0.0
0.0,0.0,0.0,0.0
91.412,11.533,1.37,7.0
0.0,0.0,0.0,0.0
68.649,8.654,0.243,1.0
65.176,8.214,-0.149,8.0
65.117,8.204,-0.522,2.0
0.0,0.0,0.0,0.0
69.235,8.711,0.96,1.0
68.677,8.637,0.56,3.0
0.0,0.0,0.0,0.0
65.231,8.197,-0.222,14.0
65.208,8.191,-0.595,1.0
0.0,0.0,0.0,0.0
69.221,8.683,0.884,0.0
68.703,8.613,0.484,45.0
65.523,8.211,0.086,2.0
65.31,8.181,-0.294,26.0
65.258,8.171,-0.667,2.0
0.0,0.0,0.0,0.0
69.388,8.673,0.809,0.0
68.686,8.581,0.408,19.0
68.664,8.574,0.014,3.0
65.369,8.158,-0.367,9.0
0.0,0.0,0.0,0.0
0.0,0.0,0.0,0.0
0.0,0.0,0.0,0.0
68.686,8.547,0.332,23.0
68.665,8.54,-0.06,33.0
65.373,8.126,-0.438,2.0
0.0,0.0,0.0,0.0
39.181,4.866,-0.711,0.0
0.0,0.0,0.0,0.0
68.67,8.508,0.257,12.0
68.582,8.493,-0.135,2.0
68.996,8.539,-0.538,0.0
68.673,8.495,-0.928,4.0
38.607,4.773,-0.743,0.0
68.728,8.482,0.576,2.0
68.653,8.467,0.183,4.0
69.185,8.527,-0.211,3.0
68.74,8.467,-0.61,0.0
68.667,8.453,-1.002,4.0
37.125,4.568,-0.754,0.0
68.782,8.446,0.503,6.0
68.715,8.431,0.109,164.0
69.573,8.531,-0.286,7.0
68.814,8.432,-0.683,1.0
68.771,8.422,-1.076,1.0
35.511,4.346,-0.758,0.0
68.78,8.401,0.431,5.0
68.745,8.39,0.038,153.0
69.25,8.445,-0.356,3.0
0.0,0.0,0.0,0.0
0.0,0.0,0.0,0.0
34.71,4.224,-0.778,0.0
68.735,8.347,0.359,1.0
68.774,8.344,-0.033,151.0
69.125,8.38,-0.428,0.0
68.803,8.335,-0.826,0.0
40.125,4.858,-0.711,0.0
32.94,3.985,-0.772,0.0
0.0,0.0,0.0,0.0
68.784,8.294,-0.102,5.0
68.95,8.307,-0.496,4.0
68.812,8.284,-0.896,0.0
39.891,4.799,-0.747,0.0
32.713,3.932,-0.799,1.0
0.0,0.0,0.0,0.0
68.956,8.26,-0.172,4.0
68.954,8.253,-0.565,3.0
0.0,0.0,0.0,0.0
38.082,4.55,-0.751,0.0
31.658,3.78,-0.805,0.0
0.0,0.0,0.0,0.0
68.965,8.204,-0.241,1.0
0.0,0.0,0.0,0.0
0.0,0.0,0.0,0.0
37.113,4.403,-0.768,0.0
30.926,3.666,-0.817,0.0
69.627,8.23,0.086,1.0
0.0,0.0,0.0,0.0
0.0,0.0,0.0,0.0
0.0,0.0,0.0,0.0
35.553,4.186,-0.77,0.0
30.28,3.562,-0.829,0.0
0.0,0.0,0.0,0.0
71.599,8.388,-0.387,1.0
0.0,0.0,0.0,0.0
41.496,4.851,-0.702,1.0
34.285,4.004,-0.775,0.0
29.459,3.438,-0.834,0.0
0.0,0.0,0.0,0.0
0.0,0.0,0.0,0.0
0.0,0.0,0.0,0.0
40.88,4.739,-0.729,0.0
33.17,3.842,-0.781,0.0
28.591,3.308,-0.836,0.0
0.0,0.0,0.0,0.0
0.0,0.0,0.0,0.0
0.0,0.0,0.0,0.0
0.0,0.0,0.0,0.0
32.456,3.726,-0.793,0.0
28.039,3.215,-0.845,0.0
74.684,8.535,-0.184,4.0
0.0,0.0,0.0,0.0
0.0,0.0,0.0,0.0
37.972,4.324,-0.746,0.0
31.79,3.616,-0.805,0.0
27.362,3.109,-0.849,0.0
74.812,8.469,-0.25,9.0
0.0,0.0,0.0,0.0
0.0,0.0,0.0,0.0
37.021,4.175,-0.759,0.0
31.201,3.514,-0.817,0.0
26.869,3.023,-0.856,0.0
75.267,8.436,-0.316,4.0
0.0,0.0,0.0,0.0
0.0,0.0,0.0,0.0
35.583,3.972,-0.759,0.0
31.115,3.469,-0.841,0.0
26.214,2.919,-0.858,0.0
0.0,0.0,0.0,0.0
0.0,0.0,0.0,0.0
42.991,4.755,-0.704,0.0
34.843,3.849,-0.772,0.0
29.489,3.253,-0.821,0.0
25.567,2.817,-0.857,0.0
0.0,0.0,0.0,0.0
0.0,0.0,0.0,0.0
41.13,4.5,-0.706,0.0
34.129,3.729,-0.783,0.0
29.232,3.19,-0.836,0.0
25.094,2.735,-0.861,0.0
0.0,0.0,0.0,0.0
0.0,0.0,0.0,0.0
40.507,4.382,-0.726,0.0
33.341,3.601,-0.79,0.0
28.654,3.091,-0.842,0.0
24.74,2.665,-0.867,0.0
0.0,0.0,0.0,0.0
0.0,0.0,0.0,0.0
39.474,4.219,-0.738,0.0
32.91,3.512,-0.805,0.0
27.983,2.982,-0.843,0.0
24.305,2.586,-0.87,0.0
69.001,7.309,-0.557,0.0
0.0,0.0,0.0,0.0
0.0,0.0,0.0,0.0
31.823,3.354,-0.801,0.0
27.724,2.918,-0.854,0.0
23.864,2.508,-0.871,0.0
0.0,0.0,0.0,0.0
0.0,0.0,0.0,0.0
37.464,3.905,-0.752,0.0
31.559,3.284,-0.815,0.0
27.142,2.82,-0.855,0.0
23.657,2.454,-0.879,0.0
0.0,0.0,0.0,0.0
0.0,0.0,0.0,0.0
0.0,0.0,0.0,0.0
30.298,3.111,-0.802,0.0
26.513,2.718,-0.852,0.0
21.931,2.244,-0.829,0.0
0.0,0.0,0.0,0.0
0.0,0.0,0.0,0.0
36.711,3.725,-0.784,0.0
30.178,3.056,-0.818,0.0
26.233,2.652,-0.859,0.0
21.926,2.212,-0.842,0.0
0.0,0.0,0.0,0.0
0.0,0.0,0.0,0.0
0.0,0.0,0.0,0.0
30.087,3.003,-0.833,0.0
25.978,2.588,-0.866,0.0
21.907,2.179,-0.854,0.0
0.0,0.0,0.0,0.0
0.0,0.0,0.0,0.0
34.748,3.424,-0.782,0.0
29.639,2.915,-0.837,0.0
25.528,2.506,-0.865,0.0
21.839,2.14,-0.863,0.0
0.0,0.0,0.0,0.0
41.064,3.993,-0.715,0.0
33.199,3.222,-0.765,0.0
29.029,2.811,-0.835,0.0
25.13,2.429,-0.865,0.0
21.836,2.106,-0.875,1.0
0.0,0.0,0.0,0.0
39.942,3.824,-0.716,0.0
32.999,3.152,-0.777,0.0
28.731,2.739,-0.841,0.0
24.821,2.361,-0.866,0.0
21.816,2.071,-0.884,1.0
0.0,0.0,0.0,0.0
0.0,0.0,0.0,0.0
33.042,3.105,-0.793,0.0
28.321,2.655,-0.842,0.0
24.599,2.301,-0.87,0.0
21.773,2.032,-0.892,1.0
0.0,0.0,0.0,0.0
38.917,3.604,-0.732,0.0
32.215,2.976,-0.787,0.0
28.141,2.594,-0.849,0.0
24.411,2.245,-0.873,0.0
21.767,1.997,-0.901,1.0
0.0,0.0,0.0,0.0
38.194,3.475,-0.735,0.0
32.387,2.94,-0.804,0.0
27.871,2.523,-0.851,0.0
24.258,2.191,-0.877,1.0
21.764,1.961,-0.909,2.0
0.0,0.0,0.0,0.0
0.0,0.0,0.0,0.0
32.387,2.886,-0.816,1.0
27.626,2.456,-0.854,0.0
24.161,2.143,-0.882,1.0
21.731,1.923,-0.916,1.0
0.0,0.0,0.0,0.0
0.0,0.0,0.0,0.0
31.329,2.74,-0.8,1.0
27.405,2.391,-0.856,0.0
24.023,2.091,-0.885,1.0
21.667,1.881,-0.919,0.0
0.0,0.0,0.0,0.0
37.566,3.232,-0.76,0.0
31.679,2.718,-0.818,0.0
27.144,2.323,-0.855,0.0
23.836,2.034,-0.885,0.0
21.553,1.835,-0.921,0.0
0.0,0.0,0.0,0.0
0.0,0.0,0.0,0.0
31.347,2.636,-0.817,0.0
27.091,2.272,-0.86,0.0
23.796,1.991,-0.889,0.0
21.631,1.804,-0.929,0.0
0.0,0.0,0.0,0.0
37.688,3.114,-0.781,0.0
31.243,2.574,-0.822,0.0
26.942,2.213,-0.861,0.0
21.976,1.8,-0.825,0.0
21.315,1.741,-0.92,0.0
0.0,0.0,0.0,0.0
37.488,3.032,-0.784,0.0
31.128,2.51,-0.824,0.0
26.874,2.161,-0.864,0.0
21.952,1.76,-0.828,0.0
0.0,0.0,0.0,0.0
0.0,0.0,0.0,0.0
37.213,2.945,-0.784,0.0
31.366,2.474,-0.835,0.0
26.759,2.104,-0.864,0.0
23.386,1.833,-0.886,0.0
20.752,1.622,-0.902,0.0
0.0,0.0,0.0,0.0
37.118,2.871,-0.786,0.0
30.166,2.325,-0.806,0.0
26.702,2.052,-0.865,0.0
23.487,1.799,-0.892,0.0
20.751,1.584,-0.903,0.0
0.0,0.0,0.0,0.0
37.09,2.802,-0.789,0.0
30.451,2.293,-0.816,0.0
26.772,2.009,-0.869,0.0
23.438,1.753,-0.891,0.0
20.823,1.552,-0.908,0.0
0.0,0.0,0.0,0.0
36.993,2.728,-0.788,0.0
30.387,2.232,-0.816,0.0
26.631,1.95,-0.865,0.0
23.432,1.709,-0.891,0.0
20.721,1.507,-0.903,0.0
0.0,0.0,0.0,0.0
37.08,2.666,-0.79,0.0
0.0,0.0,0.0,0.0
26.8,1.913,-0.871,0.0
23.469,1.669,-0.892,0.0
0.0,0.0,0.0,0.0
0.0,0.0,0.0,0.0
37.201,2.606,-0.791,0.0
30.613,2.137,-0.82,0.0
26.714,1.857,-0.866,0.0
23.47,1.626,-0.891,0.0
20.759,1.433,-0.903,0.0
0.0,0.0,0.0,0.0
0.0,0.0,0.0,0.0
31.45,2.136,-0.84,0.0
26.838,1.816,-0.868,0.0
21.912,1.477,-0.83,0.0
21.642,1.453,-0.939,0.0
0.0,0.0,0.0,0.0
37.339,2.477,-0.787,0.0
30.523,2.016,-0.812,0.0
26.966,1.774,-0.869,0.0
21.965,1.439,-0.829,0.0
21.728,1.418,-0.94,0.0
0.0,0.0,0.0,0.0
37.391,2.41,-0.782,0.0
31.86,2.045,-0.842,0.0
27.016,1.726,-0.866,0.0
23.568,1.5,-0.885,0.0
21.717,1.376,-0.936,0.0
0.0,0.0,0.0,0.0
37.4,2.339,-0.775,0.0
31.893,1.986,-0.837,2.0
27.353,1.696,-0.871,0.0
23.748,1.466,-0.887,0.0
21.742,1.336,-0.932,1.0
0.0,0.0,0.0,0.0
0.0,0.0,0.0,0.0
31.901,1.925,-0.829,1.0
27.387,1.645,-0.865,0.0
23.86,1.426,-0.885,0.0
21.759,1.295,-0.927,2.0
0.0,0.0,0.0,0.0
38.052,2.235,-0.769,0.0
32.126,1.878,-0.826,1.0
27.899,1.622,-0.873,0.0
24.106,1.395,-0.887,0.0
21.774,1.254,-0.921,3.0
0.0,0.0,0.0,0.0
38.539,2.19,-0.767,0.0
32.409,1.832,-0.823,1.0
28.179,1.585,-0.873,0.0
24.363,1.363,-0.888,0.0
21.787,1.213,-0.914,1.0
0.0,0.0,0.0,0.0
38.4,2.108,-0.751,0.0
32.596,1.779,-0.816,1.0
28.184,1.53,-0.863,0.0
24.47,1.322,-0.883,0.0
21.79,1.171,-0.906,1.0
0.0,0.0,0.0,0.0
0.0,0.0,0.0,0.0
33.076,1.742,-0.815,0.0
28.357,1.485,-0.856,0.0
24.724,1.288,-0.882,0.0
21.839,1.132,-0.899,0.0
0.0,0.0,0.0,0.0
40.314,2.058,-0.756,0.0
33.465,1.699,-0.81,0.0
28.627,1.445,-0.852,0.0
24.955,1.252,-0.879,0.0
21.942,1.095,-0.893,0.0
51.968,2.568,-0.666,0.0
40.698,1.999,-0.744,0.0
34.012,1.661,-0.807,0.0
29.439,1.429,-0.862,0.0
20.259,0.977,-0.703,0.0
20.233,0.97,-0.813,7.0
51.939,2.466,-0.64,0.0
42.409,2.001,-0.753,2.0
35.043,1.643,-0.813,0.0
29.832,1.39,-0.858,0.0
20.252,0.937,-0.692,151.0
20.228,0.93,-0.802,152.0
0.0,0.0,0.0,0.0
42.171,1.908,-0.726,0.0
35.988,1.618,-0.815,0.0
29.928,1.336,-0.844,0.0
20.261,0.899,-0.681,150.0
20.193,0.89,-0.789,155.0
0.0,0.0,0.0,0.0
43.079,1.865,-0.716,0.0
36.242,1.559,-0.799,0.0
30.2,1.29,-0.833,0.0
26.367,1.119,-0.871,0.0
20.218,0.852,-0.777,4.0
0.0,0.0,0.0,0.0
0.0,0.0,0.0,0.0
36.953,1.518,-0.792,0.0
31.939,1.302,-0.861,0.0
27.603,1.118,-0.893,0.0
23.258,0.935,-0.879,0.0
0.0,0.0,0.0,0.0
0.0,0.0,0.0,0.0
38.11,1.493,-0.791,0.0
32.181,1.251,-0.845,0.0
0.0,0.0,0.0,0.0
24.331,0.931,-0.903,1.0
0.0,0.0,0.0,0.0
0.0,0.0,0.0,0.0
0.0,0.0,0.0,0.0
32.642,1.205,-0.834,0.0
28.402,1.04,-0.879,0.0
24.613,0.894,-0.895,0.0
68.989,2.478,-0.587,1.0
0.0,0.0,0.0,0.0
0.0,0.0,0.0,0.0
32.855,1.151,-0.815,0.0
28.987,1.006,-0.875,0.0
24.929,0.858,-0.887,0.0
68.94,2.346,-0.533,0.0
0.0,0.0,0.0,0.0
0.0,0.0,0.0,0.0
34.334,1.137,-0.824,0.0
29.921,0.982,-0.879,1.0
25.581,0.831,-0.89,0.0
68.864,2.211,-0.476,1.0
0.0,0.0,0.0,0.0
42.247,1.331,-0.747,0.0
35.409,1.105,-0.82,0.0
30.645,0.947,-0.875,1.0
26.18,0.801,-0.888,0.0
69.041,2.086,-0.419,2.0
0.0,0.0,0.0,0.0
43.1,1.276,-0.725,0.0
35.961,1.054,-0.802,0.0
31.353,0.909,-0.867,1.0
26.708,0.767,-0.883,0.0
0.0,0.0,0.0,0.0
0.0,0.0,0.0,0.0
46.129,1.278,-0.734,0.0
36.952,1.013,-0.79,0.0
31.963,0.867,-0.855,1.0
27.611,0.74,-0.887,0.0
0.0,0.0,0.0,0.0
0.0,0.0,0.0,0.0
0.0,0.0,0.0,0.0
0.0,0.0,0.0,0.0
32.552,0.822,-0.84,1.0
28.348,0.707,-0.883,0.0
0.0,0.0,0.0,0.0
0.0,0.0,0.0,0.0
0.0,0.0,0.0,0.0
39.103,0.926,-0.761,0.0
33.541,0.784,-0.832,0.0
28.735,0.663,-0.867,0.0
100.058,2.273,-0.231,4.0
0.0,0.0,0.0,0.0
0.0,0.0,0.0,0.0
0.0,0.0,0.0,0.0
0.0,0.0,0.0,0.0
30.017,0.637,-0.875,0.0
100.079,2.091,-0.128,5.0
0.0,0.0,0.0,0.0
0.0,0.0,0.0,0.0
42.917,0.858,-0.746,0.0
0.0,0.0,0.0,0.0
31.328,0.607,-0.879,1.0
0.0,0.0,0.0,0.0
0.0,0.0,0.0,0.0
0.0,0.0,0.0,0.0
0.0,0.0,0.0,0.0
37.361,0.667,-0.808,0.0
31.849,0.56,-0.859,1.0
99.821,1.72,0.088,5.0
0.0,0.0,0.0,0.0
0.0,0.0,0.0,0.0
0.0,0.0,0.0,0.0
38.269,0.614,-0.784,0.0
32.971,0.519,-0.851,0.0
99.705,1.539,0.202,5.0
0.0,0.0,0.0,0.0
0.0,0.0,0.0,0.0
0.0,0.0,0.0,0.0
20.205,0.288,-0.39,3.0
20.202,0.282,-0.498,15.0
99.604,1.36,0.317,6.0
0.0,0.0,0.0,0.0
0.0,0.0,0.0,0.0
20.191,0.257,-0.258,9.0
20.182,0.251,-0.366,25.0
20.183,0.246,-0.473,19.0
20.321,0.241,0.089,9.0
20.326,0.235,-0.018,0.0
20.266,0.229,-0.125,0.0
20.163,0.222,-0.234,19.0
20.184,0.217,-0.341,31.0
20.189,0.211,-0.448,25.0
20.314,0.206,0.114,33.0
20.327,0.2,0.006,30.0
20.204,0.193,-0.1,18.0
20.165,0.187,-0.208,22.0
20.174,0.181,-0.315,35.0
20.182,0.175,-0.422,28.0
20.208,0.169,0.139,23.0
20.221,0.164,0.032,27.0
20.193,0.158,-0.074,24.0
20.182,0.152,-0.182,21.0
20.19,0.147,-0.289,31.0
20.2,0.141,-0.396,19.0
20.167,0.135,0.165,28.0
20.192,0.129,0.058,34.0
20.184,0.124,-0.047,31.0
20.182,0.118,-0.156,32.0
20.2,0.112,-0.263,24.0
41.95,0.222,-0.767,2.0
20.162,0.101,0.192,30.0
20.189,0.095,0.086,33.0
20.195,0.09,-0.02,29.0
20.194,0.084,-0.128,27.0
20.217,0.078,-0.235,2.0
43.189,0.156,-0.731,0.0
20.15,0.067,0.219,30.0
20.156,0.062,0.113,29.0
20.213,0.057,0.007,14.0
20.252,0.051,-0.101,37.0
20.249,0.046,-0.208,151.0
20.269,0.04,-0.315,150.0
20.134,0.034,0.247,29.0
20.134,0.029,0.141,27.0
20.257,0.024,0.035,151.0
20.25,0.018,-0.073,151.0
20.266,0.013,-0.179,68.0
20.243,0.007,-0.286,7.0
20.121,0.002,0.275,26.0
20.122,-0.002,0.169,28.0
20.129,-0.007,0.063,29.0
20.125,-0.013,-0.044,27.0
20.159,-0.018,-0.15,26.0
20.152,-0.024,-0.255,22.0
20.127,-0.029,0.304,29.0
20.108,-0.034,0.198,32.0
20.129,-0.039,0.093,38.0
20.124,-0.044,-0.014,35.0
20.132,-0.05,-0.12,29.0
20.133,-0.055,-0.226,17.0
20.109,-0.06,0.333,33.0
20.12,-0.065,0.228,26.0
20.13,-0.071,0.123,28.0
20.118,-0.076,0.015,33.0
20.145,-0.081,-0.09,27.0
20.149,-0.086,-0.195,27.0
20.125,-0.091,0.364,29.0
20.135,-0.097,0.259,25.0
20.123,-0.102,0.153,19.0
20.136,-0.107,0.046,30.0
20.155,-0.112,-0.059,24.0
20.153,-0.117,-0.165,23.0
20.153,-0.122,0.395,17.0
20.16,-0.127,0.29,16.0
20.178,-0.132,0.184,17.0
20.162,-0.137,0.077,12.0
20.185,-0.142,-0.028,12.0
20.168,-0.147,-0.133,14.0
20.222,-0.152,0.428,27.0
53.448,-0.416,0.853,9.0
66.516,-0.535,0.714,16.0
53.36,-0.442,0.288,7.0
53.321,-0.454,0.009,6.0
56.403,-0.494,-0.285,1.0
20.152,-0.181,0.459,16.0
20.174,-0.186,0.354,15.0
64.339,-0.61,0.792,18.0
64.318,-0.625,0.45,83.0
56.206,-0.56,0.099,2.0
56.178,-0.573,-0.193,8.0
20.142,-0.21,0.491,15.0
20.132,-0.214,0.385,13.0
20.14,-0.219,0.28,10.0
20.145,-0.224,0.173,2.0
56.177,-0.638,0.19,1.0
56.271,-0.653,-0.102,1.0
59.381,-0.702,1.545,11.0
20.147,-0.243,0.418,11.0
20.12,-0.247,0.313,12.0
20.119,-0.252,0.206,10.0
20.156,-0.257,0.101,9.0
59.521,-0.772,-0.009,71.0
59.409,-0.784,1.643,48.0
20.164,-0.27,0.452,5.0
20.136,-0.274,0.346,10.0
20.117,-0.278,0.239,13.0
20.114,-0.283,0.134,12.0
20.131,-0.287,0.029,18.0
59.415,-0.862,1.741,11.0
59.491,-0.877,1.434,15.0
53.511,-0.8,1.011,13.0
20.151,-0.305,0.273,5.0
20.131,-0.309,0.168,9.0
20.142,-0.314,0.063,45.0
64.299,-1.017,1.993,74.0
64.328,-1.031,1.659,15.0
176.595,-2.868,3.635,75.0
176.633,-2.906,2.699,47.0
176.668,-2.944,1.781,17.0
20.134,-0.339,0.098,9.0
64.314,-1.099,2.104,80.0
64.318,-1.112,1.769,70.0
190.906,-3.34,4.257,14.0
203.688,-3.607,3.464,5.0
203.314,-3.643,2.401,9.0
52.996,-0.96,0.35,11.0
45.752,-0.838,1.576,41.0
64.322,-1.191,1.88,80.0
38.194,-0.715,0.918,3.0
53.005,-1.002,0.992,2.0
52.986,-1.013,0.717,27.0
52.94,-1.022,0.441,62.0
45.677,-0.891,1.652,58.0
45.74,-0.901,1.416,54.0
45.712,-0.91,1.178,12.0
38.421,-0.771,0.786,8.0
38.4,-0.778,0.586,14.0
38.379,-0.785,0.386,33.0
40.437,-0.836,1.533,25.0
40.424,-0.843,1.323,26.0
40.432,-0.851,1.113,26.0
38.391,-0.815,0.853,11.0
38.409,-0.822,0.654,7.0
40.418,-0.873,0.479,26.0
40.406,-0.881,1.604,41.0
40.407,-0.888,1.393,38.0
40.398,-0.895,1.184,36.0
40.409,-0.903,0.97,37.0
40.406,-0.909,0.76,36.0
40.4,-0.917,0.551,38.0
40.413,-0.925,1.677,35.0
40.401,-0.932,1.466,34.0
0.0,0.0,0.0,0.0
38.701,-0.906,0.998,39.0
40.412,-0.953,0.833,25.0
40.417,-0.96,0.623,27.0
45.765,-1.096,1.981,7.0
45.73,-1.103,1.742,11.0
45.679,-1.109,1.503,14.0
38.662,-0.945,1.067,42.0
38.711,-0.953,0.868,41.0
38.736,-0.959,0.667,18.0
45.829,-1.144,2.066,27.0
45.745,-1.149,1.825,19.0
38.712,-0.978,1.343,38.0
38.629,-0.983,1.136,27.0
38.657,-0.989,0.937,54.0
38.681,-0.996,0.737,47.0
38.658,-1.003,1.813,40.0
38.634,-1.008,1.612,52.0
38.68,-1.016,1.413,36.0
38.584,-1.019,1.206,49.0
38.636,-1.026,1.008,87.0
38.64,-1.032,0.808,61.0
38.586,-1.038,1.882,47.0
38.633,-1.045,1.684,73.0
38.649,-1.051,1.484,57.0
38.571,-1.054,1.277,63.0
38.574,-1.06,1.077,65.0
38.634,-1.067,0.878,79.0
38.554,-1.072,1.95,29.0
38.629,-1.08,1.754,72.0
38.624,-1.084,1.553,70.0
38.589,-1.089,1.348,65.0
38.551,-1.093,1.146,66.0
38.627,-1.1,0.949,78.0
28.381,-0.814,1.488,71.0
38.554,-1.111,1.822,39.0
38.64,-1.118,1.625,94.0
38.604,-1.122,1.42,74.0
38.557,-1.126,1.219,64.0
38.6,-1.132,1.02,68.0
28.394,-0.838,1.542,78.0
38.474,-1.14,1.889,51.0
38.625,-1.149,1.696,79.0
38.655,-1.155,1.493,91.0
38.592,-1.157,1.291,58.0
38.59,-1.162,1.091,60.0
28.391,-0.86,1.594,77.0
38.471,-1.17,1.96,8.0
38.545,-1.177,1.764,65.0
38.65,-1.184,1.565,84.0
38.624,-1.188,1.364,66.0
38.606,-1.192,1.164,55.0
28.395,-0.882,1.648,81.0
28.395,-0.885,1.5,71.0
38.494,-1.203,1.833,54.0
38.603,-1.211,1.635,69.0
38.662,-1.217,1.437,79.0
38.631,-1.22,1.235,57.0
28.396,-0.902,1.7,76.0
28.389,-0.904,1.552,75.0
38.513,-1.231,1.906,3.0
38.597,-1.238,1.707,63.0
38.645,-1.243,1.508,70.0
38.642,-1.246,1.308,50.0
28.383,-0.921,1.753,70.0
28.38,-0.923,1.605,66.0
28.385,-0.926,1.458,58.0
38.616,-1.263,1.78,19.0
38.651,-1.268,1.581,61.0
38.662,-1.272,1.381,39.0
28.399,-0.939,1.807,75.0
28.392,-0.942,1.659,60.0
28.394,-0.944,1.512,53.0
31.29,-1.043,1.5,38.0
38.659,-1.292,1.654,28.0
38.682,-1.296,1.455,29.0
28.395,-0.956,1.861,80.0
28.396,-0.958,1.713,63.0
28.422,-0.961,1.567,42.0
31.266,-1.06,1.558,34.0
31.301,-1.063,1.398,41.0
31.331,-1.067,1.237,28.0
28.389,-0.972,1.914,79.0
28.393,-0.974,1.766,49.0
31.253,-1.074,1.781,49.0
31.247,-1.076,1.616,31.0
31.306,-1.08,1.456,57.0
31.292,-1.081,1.294,35.0
28.393,-0.987,1.967,58.0
31.216,-1.086,2.0,28.0
31.237,-1.089,1.839,32.0
31.232,-1.091,1.673,34.0
31.253,-1.093,1.512,32.0
31.292,-1.096,1.352,52.0
31.009,-1.092,2.206,31.0
31.19,-1.1,2.056,32.0
31.224,-1.103,1.896,38.0
31.21,-1.104,1.73,27.0
31.237,-1.106,1.569,24.0
31.277,-1.109,1.409,65.0
30.886,-1.101,2.254,19.0
31.157,-1.112,2.112,43.0
31.21,-1.116,1.953,29.0
31.203,-1.116,1.787,34.0
31.211,-1.118,1.625,38.0
31.248,-1.121,1.465,42.0
31.435,-1.133,2.353,25.0
31.096,-1.122,2.166,37.0
31.187,-1.127,2.01,27.0
31.202,-1.128,1.845,24.0
31.207,-1.13,1.683,41.0
31.229,-1.131,1.523,44.0
31.592,-1.15,2.424,23.0
31.045,-1.131,2.22,16.0
31.17,-1.137,2.066,38.0
31.2,-1.138,1.903,29.0
31.21,-1.14,1.741,28.0
31.221,-1.141,1.58,33.0
31.628,-1.162,2.485,24.0
31.372,-1.153,2.302,20.0
31.135,-1.145,2.122,42.0
31.184,-1.147,1.96,30.0
31.233,-1.149,1.8,54.0
31.237,-1.15,1.638,59.0
31.615,-1.17,2.543,41.0
31.474,-1.165,2.367,28.0
31.109,-1.152,2.178,30.0
31.176,-1.155,2.016,28.0
31.2,-1.156,1.856,41.0
31.206,-1.156,1.693,28.0
31.61,-1.177,2.601,39.0
31.588,-1.177,2.434,35.0
31.177,-1.161,2.24,21.0
31.167,-1.161,2.073,45.0
31.201,-1.162,1.913,37.0
31.208,-1.162,1.75,35.0
31.616,-1.184,2.66,27.0
31.593,-1.183,2.492,33.0
31.42,-1.176,2.314,19.0
31.151,-1.166,2.128,33.0
31.19,-1.167,1.968,27.0
31.224,-1.168,1.808,53.0
31.646,-1.19,2.719,1.0
31.609,-1.188,2.55,18.0
31.527,-1.185,2.379,12.0
31.125,-1.169,2.182,19.0
31.175,-1.17,2.023,30.0
31.19,-1.171,1.862,27.0
28.417,-1.072,2.493,39.0
28.413,-1.071,2.344,26.0
31.618,-1.191,2.442,10.0
28.422,-1.07,2.044,17.0
31.169,-1.173,2.078,30.0
31.202,-1.173,1.918,25.0
28.434,-1.075,2.546,55.0
28.422,-1.073,2.395,38.0
28.419,-1.072,2.246,25.0
28.426,-1.072,2.094,21.0
31.17,-1.174,2.133,15.0
31.202,-1.175,1.972,23.0
28.43,-1.075,2.595,54.0
28.448,-1.075,2.447,44.0
28.425,-1.073,2.296,22.0
28.414,-1.072,2.143,22.0
31.146,-1.174,2.186,10.0
31.179,-1.174,2.025,25.0
28.422,-1.075,2.645,52.0
28.427,-1.074,2.495,41.0
28.416,-1.072,2.345,29.0
31.615,-1.192,2.439,1.0
31.243,-1.176,2.247,1.0
31.171,-1.172,2.078,36.0
28.433,-1.074,2.695,56.0
28.422,-1.072,2.544,38.0
28.414,-1.071,2.394,26.0
31.599,-1.189,2.493,19.0
31.425,-1.181,2.314,16.0
31.154,-1.169,2.131,30.0
28.427,-1.072,2.743,47.0
28.407,-1.07,2.591,26.0
31.631,-1.189,2.719,16.0
31.597,-1.186,2.547,26.0
31.507,-1.181,2.374,21.0
31.129,-1.165,2.182,24.0
28.415,-1.068,2.791,19.0
31.649,-1.188,2.942,2.0
31.623,-1.185,2.772,25.0
31.606,-1.182,2.601,35.0
31.596,-1.18,2.434,36.0
31.201,-1.163,2.24,21.0
37.19,-1.392,3.716,5.0
31.668,-1.183,2.997,11.0
31.651,-1.18,2.828,26.0
31.618,-1.177,2.655,33.0
31.606,-1.174,2.487,34.0
31.425,-1.165,2.308,23.0
24.681,-0.919,2.507,20.0
37.271,-1.385,3.589,3.0
31.652,-1.174,2.881,19.0
31.62,-1.17,2.707,21.0
31.613,-1.167,2.54,32.0
31.493,-1.16,2.364,29.0
24.686,-0.914,2.548,23.0
31.709,-1.171,3.105,7.0
31.659,-1.167,2.933,3.0
38.767,-1.425,3.383,13.0
37.831,-1.387,3.101,36.0
31.606,-1.156,2.424,23.0
24.724,-0.908,2.593,27.0
37.186,-1.363,3.702,71.0
37.261,-1.362,3.512,44.0
28.362,-1.034,2.52,27.0
37.845,-1.377,3.163,10.0
31.631,-1.148,2.477,1.0
24.743,-0.902,2.635,26.0
37.171,-1.351,3.76,37.0
37.241,-1.35,3.569,65.0
28.377,-1.026,2.566,55.0
28.396,-1.023,2.418,52.0
59.728,-2.148,4.769,9.0
24.788,-0.895,2.678,39.0
37.201,-1.339,3.821,4.0
37.206,-1.335,3.624,46.0
37.305,-1.335,3.432,6.0
28.377,-1.012,2.46,57.0
28.392,-1.01,2.311,66.0
24.817,-0.887,2.72,33.0
24.763,-0.882,2.582,3.0
37.227,-1.322,3.684,10.0
37.272,-1.319,3.486,53.0
28.373,-1.001,2.503,62.0
28.385,-0.998,2.353,66.0
24.834,-0.877,2.76,40.0
24.793,-0.873,2.623,4.0
51.371,-1.803,5.16,3.0
37.291,-1.304,3.543,6.0
28.374,-0.989,2.545,66.0
28.371,-0.985,2.394,68.0
24.855,-0.867,2.799,45.0
24.82,-0.863,2.662,13.0
51.315,-1.777,5.231,5.0
61.427,-2.12,5.928,15.0
28.371,-0.975,2.587,59.0
28.379,-0.972,2.436,71.0
24.868,-0.855,2.838,25.0
24.821,-0.851,2.699,25.0
43.774,-1.494,4.526,3.0
48.77,-1.659,4.777,3.0
28.363,-0.961,2.627,36.0
28.371,-0.958,2.476,73.0
24.938,-0.845,2.881,16.0
24.831,-0.838,2.735,30.0
40.23,-1.352,4.217,3.0
57.607,-1.929,5.724,1.0
43.291,-1.444,4.069,5.0
28.371,-0.942,2.515,75.0
25.043,-0.835,2.929,19.0
24.851,-0.825,2.772,43.0
40.307,-1.333,4.28,1.0
43.979,-1.449,4.43,11.0
42.998,-1.41,4.1,7.0
28.373,-0.927,2.554,63.0
25.085,-0.822,2.968,27.0
24.858,-0.811,2.807,50.0
36.822,-1.196,3.96,2.0
47.806,-1.547,4.88,3.0
42.865,-1.38,4.145,12.0
28.367,-0.909,2.591,62.0
25.131,-0.809,3.007,17.0
24.863,-0.796,2.841,30.0
44.194,-1.409,4.812,7.0
42.334,-1.343,4.377,3.0
44.145,-1.394,4.327,13.0
28.36,-0.891,2.627,39.0
25.193,-0.795,3.048,26.0
24.965,-0.783,2.885,17.0
24.87,-0.777,2.74,11.0
40.31,-1.253,4.22,3.0
42.466,-1.313,4.217,1.0
44.363,-1.365,4.167,26.0
25.223,-0.779,3.084,45.0
25.083,-0.77,2.931,18.0
44.307,-1.354,4.937,4.0
44.455,-1.351,4.71,6.0
42.582,-1.288,4.281,3.0
54.674,-1.645,5.203,5.0
25.24,-0.762,3.117,45.0
25.133,-0.754,2.968,22.0
24.85,-0.742,2.8,45.0
44.448,-1.32,4.763,47.0
44.472,-1.313,4.525,19.0
42.718,-1.254,4.117,7.0
25.25,-0.743,3.15,26.0
25.179,-0.737,3.004,17.0
24.842,-0.723,2.829,46.0
45.371,-1.313,4.916,2.0
57.885,-1.666,5.959,7.0
44.492,-1.273,4.34,76.0
25.283,-0.725,3.183,4.0
25.167,-0.718,3.032,23.0
24.822,-0.704,2.855,44.0
41.076,-1.157,4.498,2.0
52.437,-1.469,5.458,4.0
55.498,-1.545,5.477,11.0
47.345,-1.322,6.016,10.0
25.167,-0.698,3.06,30.0
24.823,-0.684,2.883,45.0
47.521,-1.301,5.257,10.0
47.403,-1.29,4.987,14.0
54.52,-1.474,5.44,4.0
33.082,-0.897,4.24,2.0
25.254,-0.68,3.099,41.0
24.822,-0.663,2.91,46.0
39.855,-1.058,4.452,3.0
52.358,-1.381,5.564,9.0
47.237,-1.238,4.763,15.0
33.563,-0.881,4.338,11.0
25.258,-0.659,3.126,38.0
24.829,-0.643,2.937,45.0
44.469,-1.144,5.013,14.0
0.0,0.0,0.0,0.0
54.521,-1.383,5.554,2.0
36.51,-0.928,4.756,2.0
25.277,-0.637,3.154,35.0
24.816,-0.621,2.96,40.0
44.602,-1.109,5.073,26.0
40.835,-1.008,4.422,4.0
51.744,-1.267,5.321,54.0
39.669,-0.973,5.207,3.0
25.276,-0.615,3.178,18.0
24.819,-0.599,2.985,34.0
43.438,-1.041,4.982,6.0
44.676,-1.063,4.88,25.0
51.805,-1.223,5.376,1.0
33.074,-0.782,4.372,1.0
25.307,-0.593,3.206,15.0
24.79,-0.576,3.004,48.0
40.162,-0.926,4.643,8.0
44.64,-1.021,4.916,32.0
44.635,-1.012,4.672,65.0
44.507,-1.011,5.924,9.0
44.237,-0.996,5.644,9.0
24.788,-0.553,3.026,44.0
40.185,-0.889,4.681,6.0
40.62,-0.891,4.508,7.0
51.978,-1.13,5.485,7.0
34.022,-0.741,4.558,2.0
33.483,-0.722,4.3,2.0
24.765,-0.529,3.044,56.0
24.822,-0.526,2.912,5.0
31.766,-0.667,3.552,1.0
44.546,-0.927,4.737,10.0
0.0,0.0,0.0,0.0
24.75,-0.51,3.198,7.0
24.762,-0.505,3.063,76.0
40.465,-0.818,4.779,8.0
40.345,-0.808,4.542,3.0
51.93,-1.03,5.562,5.0
35.983,-0.714,4.877,2.0
24.755,-0.486,3.218,45.0
24.759,-0.481,3.081,56.0
40.526,-0.78,4.816,17.0
51.584,-0.982,5.846,7.0
44.432,-0.837,4.791,8.0
32.384,-0.61,4.413,2.0
24.754,-0.461,3.236,66.0
37.567,-0.693,4.702,3.0
40.543,-0.74,4.846,9.0
43.996,-0.794,5.016,4.0
45.543,-0.813,4.942,7.0
24.78,-0.442,3.394,38.0
24.749,-0.436,3.252,45.0
41.108,-0.716,5.173,12.0
37.532,-0.647,4.511,38.0
40.473,-0.689,4.641,9.0
45.384,-0.764,4.954,2.0
24.756,-0.416,3.407,73.0
24.746,-0.411,3.267,19.0
40.576,-0.665,5.132,8.0
37.692,-0.61,4.554,7.0
37.581,-0.601,4.332,46.0
37.619,-0.594,4.129,77.0
24.766,-0.39,3.423,56.0
37.767,-0.587,5.009,2.0
37.726,-0.579,4.793,55.0
37.682,-0.571,4.574,25.0
37.557,-0.562,4.351,11.0
37.622,-0.555,4.15,9.0
24.749,-0.364,3.434,25.0
37.665,-0.546,5.016,50.0
40.616,-0.581,5.182,5.0
0.0,0.0,0.0,0.0
37.53,-0.522,4.367,20.0
40.091,-0.549,4.443,1.0
37.731,-0.514,5.255,13.0
36.504,-0.49,4.88,4.0
44.585,-0.59,5.711,11.0
46.549,-0.607,5.698,5.0
37.525,-0.481,4.384,26.0
54.213,-0.684,6.033,18.0
0.0,0.0,0.0,0.0
36.446,-0.45,4.889,4.0
37.751,-0.458,4.852,4.0
44.251,-0.528,5.436,7.0
37.496,-0.44,4.397,19.0
31.835,-0.367,3.556,23.0
36.01,-0.412,5.048,7.0
36.628,-0.412,4.928,1.0
37.757,-0.417,4.868,3.0
44.182,-0.479,5.445,5.0
46.516,-0.495,5.473,6.0
31.806,-0.332,3.565,29.0
47.336,-0.489,6.653,3.0
32.404,-0.328,4.372,2.0
0.0,0.0,0.0,0.0
37.512,-0.365,4.636,30.0
36.504,-0.348,4.307,13.0
31.827,-0.297,3.578,40.0
47.772,-0.44,6.73,22.0
32.553,-0.294,4.403,5.0
0.0,0.0,0.0,0.0
47.76,-0.412,5.917,30.0
47.661,-0.401,5.638,11.0
31.843,-0.262,3.589,40.0
47.633,-0.386,6.724,7.0
32.591,-0.257,4.417,7.0
37.777,-0.291,4.907,4.0
47.256,-0.355,5.867,42.0
47.23,-0.345,5.599,13.0
31.87,-0.226,3.6,53.0
47.403,-0.33,6.703,12.0
47.313,-0.321,6.423,15.0
47.242,-0.311,6.146,7.0
47.864,-0.305,5.953,3.0
0.0,0.0,0.0,0.0
31.873,-0.191,3.606,31.0
38.955,-0.227,5.516,25.0
36.476,-0.206,4.958,5.0
37.535,-0.205,4.89,28.0
38.454,-0.202,4.789,45.0
41.089,-0.208,4.885,3.0
39.112,-0.191,4.431,31.0
47.189,-0.223,6.688,12.0
36.429,-0.164,4.956,13.0
38.309,-0.166,4.995,43.0
39.142,-0.162,4.879,5.0
31.929,-0.125,3.8,49.0
36.832,-0.138,4.176,12.0
36.55,-0.131,5.184,2.0
36.438,-0.123,4.961,5.0
31.952,-0.102,4.169,4.0
31.951,-0.096,3.985,64.0
31.96,-0.09,3.805,66.0
37.126,-0.097,4.212,13.0
36.647,-0.089,5.199,9.0
37.313,-0.084,5.082,53.0
31.969,-0.065,4.172,75.0
31.973,-0.06,3.988,56.0
31.963,-0.053,3.806,21.0
52.168,-0.077,5.919,25.0
32.113,-0.041,4.556,43.0
32.009,-0.035,4.359,41.0
31.971,-0.029,4.172,56.0
36.009,-0.026,4.491,7.0
36.447,-0.02,4.339,5.0
36.598,-0.013,4.151,3.0
38.339,-0.006,5.438,4.0
31.929,0.0,4.346,40.0
36.406,0.007,4.749,9.0
36.334,0.014,4.529,36.0
39.627,0.023,4.715,4.0
36.509,0.028,4.138,7.0
31.92,0.031,4.524,50.0
31.919,0.037,4.342,49.0
39.277,0.052,5.119,6.0
33.188,0.051,4.133,4.0
39.865,0.068,4.738,1.0
30.504,0.057,3.453,22.0
39.343,0.083,5.571,2.0
38.011,0.086,5.165,5.0
47.065,0.116,6.127,5.0
32.984,0.087,4.102,7.0
39.997,0.113,4.747,4.0
30.477,0.092,3.445,38.0
39.316,0.127,5.56,4.0
37.991,0.13,5.155,5.0
0.0,0.0,0.0,0.0
32.925,0.124,4.088,1.0
30.484,0.12,3.612,55.0
30.486,0.126,3.439,41.0
39.217,0.171,5.537,4.0
30.413,0.138,4.119,19.0
30.404,0.143,3.944,3.0
30.427,0.149,3.77,32.0
30.478,0.154,3.603,63.0
30.524,0.16,3.435,24.0
53.947,0.296,7.602,28.0
38.97,0.221,5.267,4.0
30.378,0.177,3.932,36.0
30.405,0.182,3.758,39.0
30.495,0.189,3.596,4.0
30.578,0.194,3.432,6.0
38.051,0.251,5.349,4.0
30.333,0.206,4.09,45.0
30.383,0.211,3.922,53.0
30.4,0.216,3.747,10.0
53.817,0.393,6.327,9.0
40.105,0.3,4.486,4.0
30.302,0.234,4.248,61.0
32.841,0.259,4.415,6.0
30.395,0.245,3.912,43.0
42.141,0.347,5.178,7.0
52.317,0.439,6.129,22.0
40.316,0.345,4.494,4.0
38.683,0.341,5.407,13.0
33.014,0.296,4.425,10.0
39.503,0.362,5.067,3.0
47.882,0.446,5.863,4.0
60.962,0.578,7.116,6.0
47.531,0.458,5.277,6.0
33.428,0.331,4.657,2.0
33.001,0.332,4.407,10.0
39.707,0.406,5.075,2.0
47.922,0.498,5.844,6.0
53.907,0.569,6.266,15.0
30.974,0.332,3.423,33.0
22.709,0.249,3.152,8.0
33.055,0.369,4.397,10.0
39.837,0.45,5.07,3.0
52.554,0.602,6.382,4.0
31.038,0.361,3.591,51.0
30.959,0.364,3.405,20.0
48.301,0.583,6.678,3.0
30.464,0.372,4.036,10.0
54.006,0.668,6.843,29.0
50.951,0.638,6.158,4.0
31.05,0.393,3.574,50.0
30.974,0.397,3.388,6.0
51.714,0.678,7.119,5.0
30.462,0.404,4.017,20.0
51.641,0.692,6.512,6.0
31.03,0.421,3.731,40.0
46.916,0.644,5.372,20.0
48.754,0.676,5.303,1.0
51.653,0.732,7.077,5.0
39.312,0.562,5.159,3.0
57.485,0.831,7.211,20.0
31.028,0.452,3.71,47.0
58.699,0.865,6.682,9.0
46.218,0.688,4.996,9.0
30.995,0.471,4.225,19.0
39.379,0.603,5.14,6.0
31.057,0.48,3.874,22.0
46.501,0.725,5.528,9.0
47.948,0.755,5.424,8.0
37.102,0.589,3.984,3.0
30.949,0.501,4.196,16.0
39.328,0.643,5.104,2.0
31.075,0.512,3.853,57.0
47.108,0.782,5.565,9.0
48.027,0.804,5.397,9.0
37.11,0.626,3.957,4.0
30.497,0.524,4.111,27.0
31.092,0.539,4.011,3.0
31.092,0.543,3.831,4.0
47.134,0.829,5.531,7.0
47.84,0.848,5.338,3.0
37.094,0.662,3.926,5.0
30.695,0.558,4.113,20.0
31.072,0.568,3.983,43.0
46.421,0.855,5.682,7.0
47.025,0.872,5.479,8.0
46.202,0.863,5.117,5.0
52.536,0.988,5.516,20.0
31.084,0.595,4.138,55.0
31.061,0.598,3.955,31.0
47.52,0.921,5.775,3.0
36.102,0.704,4.174,1.0
52.574,1.032,5.776,15.0
37.065,0.732,3.858,3.0
31.065,0.623,4.107,17.0
31.081,0.628,3.929,14.0
52.304,1.062,6.308,4.0
52.544,1.073,6.027,22.0
52.472,1.078,5.716,3.0
46.675,0.965,4.815,5.0
31.081,0.652,4.08,34.0
31.145,0.657,3.907,3.0
52.387,1.111,6.268,26.0
52.135,1.112,5.93,1.0
55.106,1.182,5.95,2.0
46.546,1.003,4.758,37.0
31.097,0.68,4.052,4.0
47.724,1.049,5.94,1.0
52.41,1.158,6.219,6.0
36.848,0.818,4.155,2.0
46.582,1.039,4.984,17.0
52.621,1.18,5.326,3.0
46.454,1.057,6.006,4.0
52.612,1.202,6.495,6.0
47.458,1.089,5.583,6.0
46.347,1.069,5.178,13.0
53.019,1.228,5.617,5.0
52.611,1.224,5.27,15.0
52.606,1.242,6.745,18.0
52.214,1.238,6.39,10.0
46.846,1.114,5.461,4.0
46.544,1.112,5.151,17.0
46.484,1.115,4.875,4.0
57.715,1.39,5.719,4.0
52.436,1.28,6.665,4.0
60.037,1.472,7.281,10.0
46.582,1.146,5.379,25.0
48.035,1.186,5.262,2.0
36.988,0.917,3.837,2.0
46.574,1.159,4.563,30.0
47.804,1.206,6.022,13.0
58.753,1.487,7.058,9.0
46.84,1.19,5.354,4.0
53.212,1.356,5.768,1.0
52.546,1.344,5.392,3.0
52.994,1.36,5.131,13.0
52.207,1.357,6.516,4.0
46.6,1.215,5.544,13.0
46.214,1.209,5.228,4.0
46.37,1.217,4.972,3.0
46.582,1.226,4.725,24.0
52.867,1.396,5.056,12.0
46.629,1.247,5.763,28.0
52.637,1.411,6.198,4.0
46.156,1.241,5.166,6.0
46.351,1.25,4.913,5.0
46.584,1.26,4.667,1.0
40.381,1.096,3.812,23.0
52.517,1.443,6.424,5.0
46.807,1.289,5.452,3.0
48.285,1.333,5.343,3.0
46.593,1.29,4.88,14.0
54.467,1.512,5.389,1.0
40.392,1.124,3.762,50.0
47.315,1.332,5.727,5.0
60.765,1.715,7.0,2.0
57.873,1.637,6.329,6.0
46.64,1.323,4.824,4.0
59.255,1.684,5.786,13.0
40.403,1.151,3.711,61.0
59.203,1.706,7.088,21.0
59.281,1.712,6.751,9.0
58.787,1.701,6.352,33.0
0.0,0.0,0.0,0.0
53.341,1.55,5.137,8.0
40.416,1.177,3.658,36.0
52.658,1.551,6.233,3.0
46.191,1.363,5.198,10.0
46.575,1.377,4.969,17.0
60.886,1.803,6.135,2.0
53.079,1.575,5.04,12.0
40.494,1.204,3.61,11.0
52.638,1.582,6.158,1.0
58.79,1.769,6.533,33.0
57.614,1.737,6.067,5.0
43.442,1.312,4.317,3.0
40.451,1.223,3.785,4.0
46.723,1.416,4.101,6.0
59.697,1.828,6.899,28.0
46.649,1.43,5.119,28.0
57.628,1.77,5.986,4.0
54.355,1.672,5.324,5.0
40.425,1.245,3.724,32.0
52.568,1.622,4.538,9.0
59.233,1.846,6.76,29.0
37.112,1.158,4.018,4.0
52.454,1.638,5.373,4.0
53.49,1.673,5.162,6.0
40.418,1.266,3.665,13.0
50.495,1.583,4.286,9.0
46.427,1.47,5.229,21.0
46.304,1.467,4.944,10.0
52.419,1.663,5.291,5.0
65.807,2.09,6.253,15.0
52.433,1.667,4.677,13.0
50.423,1.605,4.205,5.0
46.536,1.495,5.172,20.0
46.221,1.486,4.866,2.0
58.789,1.893,5.846,5.0
43.656,1.406,4.082,6.0
46.8,1.509,4.104,11.0
50.131,1.618,4.105,3.0
37.141,1.21,4.07,3.0
59.325,1.934,6.155,1.0
43.471,1.418,4.256,5.0
46.428,1.515,4.27,7.0
46.82,1.529,4.033,6.0
43.728,1.429,3.513,4.0
57.626,1.9,6.225,5.0
58.541,1.931,5.982,7.0
53.214,1.757,5.126,9.0
46.883,1.548,4.238,8.0
51.092,1.688,4.321,6.0
43.731,1.446,3.444,3.0
46.252,1.542,4.923,12.0
52.376,1.747,5.269,6.0
53.331,1.78,5.053,3.0
46.792,1.562,4.156,1.0
42.653,1.424,3.54,2.0
51.939,1.735,4.009,5.0
46.184,1.555,4.842,4.0
49.661,1.673,4.916,2.0
46.261,1.558,4.309,4.0
46.831,1.578,4.084,6.0
50.647,1.707,4.122,3.0
51.839,1.747,3.917,4.0
61.808,2.1,6.379,3.0
49.608,1.685,4.829,16.0
43.295,1.47,3.962,6.0
0.0,0.0,0.0,0.0
43.506,1.478,3.469,2.0
51.857,1.762,3.833,2.0
43.315,1.483,4.397,2.0
53.317,1.825,5.101,4.0
46.888,1.605,4.212,4.0
0.0,0.0,0.0,0.0
43.74,1.496,3.415,4.0
68.511,2.344,4.951,9.0
52.402,1.805,5.233,8.0
46.192,1.591,4.342,5.0
46.8,1.611,4.126,9.0
58.314,2.007,4.795,7.0
52.434,1.805,4.006,25.0
68.574,2.359,4.84,12.0
52.451,1.817,5.148,1.0
43.42,1.503,4.007,9.0
46.896,1.623,4.054,7.0
58.451,2.022,4.706,3.0
52.683,1.822,3.935,12.0
53.36,1.845,3.675,4.0
46.196,1.607,4.454,4.0
46.917,1.631,4.25,5.0
50.91,1.769,4.314,4.0
52.33,1.817,4.123,3.0
68.565,2.38,5.004,4.0
68.836,2.388,4.624,5.0
43.687,1.524,4.137,7.0
46.838,1.633,4.161,7.0
58.4,2.035,4.847,11.0
52.405,1.824,4.039,26.0
68.397,2.38,4.874,8.0
68.353,2.376,4.473,3.0
46.212,1.616,4.295,5.0
46.833,1.636,4.079,7.0
58.441,2.04,4.749,7.0
52.691,1.837,3.968,26.0
67.754,2.361,4.709,7.0
68.295,2.378,4.349,2.0
46.931,1.643,4.278,3.0
46.975,1.642,4.007,4.0
52.11,1.82,4.141,5.0
52.373,1.827,3.851,3.0
68.844,2.399,4.662,6.0
69.544,2.421,4.304,7.0
46.862,1.64,4.188,6.0
58.316,2.038,4.87,7.0
52.29,1.825,4.061,26.0
68.536,2.39,4.916,8.0
68.502,2.386,4.515,2.0
67.412,2.345,4.051,3.0
46.845,1.637,4.101,8.0
58.432,2.039,4.773,10.0
52.653,1.835,3.994,26.0
67.581,2.352,4.725,8.0
68.295,2.374,4.378,3.0
103.391,3.59,6.027,3.0
46.95,1.637,4.025,5.0
43.332,1.508,3.461,1.0
52.509,1.825,3.888,4.0
53.259,1.849,3.627,4.0
69.531,2.41,4.331,8.0
118.776,4.11,6.708,1.0
0.0,0.0,0.0,0.0
52.2,1.811,4.073,7.0
68.598,2.375,4.952,8.0
68.455,2.366,4.536,2.0
67.39,2.325,4.073,2.0
103.705,3.574,5.665,3.0
58.391,2.019,4.79,11.0
52.564,1.814,4.004,26.0
68.133,2.347,4.792,12.0
68.435,2.354,4.408,4.0
103.292,3.546,6.051,5.0
196.994,6.75,10.397,11.0
43.4,1.492,3.479,2.0
52.022,1.785,3.866,2.0
68.805,2.356,4.712,10.0
104.533,3.572,6.538,2.0
0.0,0.0,0.0,0.0
103.153,3.511,5.252,3.0
51.964,1.773,4.069,6.0
68.517,2.333,4.964,9.0
68.675,2.334,4.574,6.0
103.747,3.518,6.295,7.0
118.51,4.01,6.501,2.0
104.241,3.519,5.113,5.0
51.872,1.755,3.963,6.0
68.016,2.296,4.799,10.0
68.217,2.298,4.416,5.0
103.457,3.477,6.083,4.0
117.776,3.949,6.241,5.0
117.873,3.943,5.56,4.0
51.669,1.732,3.85,2.0
53.273,1.781,3.659,4.0
68.988,2.301,4.336,6.0
103.358,3.438,5.884,2.0
196.368,6.516,10.035,11.0
102.154,3.382,4.628,2.0
68.496,2.271,4.976,6.0
68.596,2.268,4.582,8.0
67.38,2.222,4.108,2.0
102.933,3.385,5.665,6.0
104.122,3.415,5.125,2.0
117.59,3.846,5.105,7.0
68.237,2.235,4.826,8.0
69.015,2.254,4.478,11.0
103.946,3.384,6.14,5.0
117.237,3.806,6.231,2.0
117.967,3.819,5.584,3.0
193.575,6.248,8.039,24.0
68.376,2.209,4.707,12.0
69.582,2.241,4.385,2.0
103.712,3.33,5.931,2.0
103.47,3.311,5.304,8.0
102.383,3.267,4.653,5.0
193.876,6.167,7.687,15.0
53.432,1.7,3.577,4.0
0.0,0.0,0.0,0.0
103.04,3.258,5.698,2.0
110.622,3.485,5.462,4.0
194.017,6.094,8.452,10.0
193.596,6.06,7.31,20.0
68.146,2.133,4.433,12.0
103.446,3.226,6.125,4.0
0.0,0.0,0.0,0.0
110.594,3.425,5.25,2.0
193.787,5.98,8.075,21.0
193.627,5.953,6.943,15.0
118.229,3.635,7.465,4.0
103.79,3.178,5.949,7.0
103.376,3.153,5.323,9.0
124.971,3.797,5.695,2.0
193.521,5.858,7.696,17.0
193.169,5.825,6.562,15.0
67.429,2.032,4.129,6.0
103.504,3.107,5.737,2.0
110.375,3.299,5.474,6.0
102.321,3.046,4.47,4.0
193.818,5.747,7.344,8.0
192.951,5.698,6.19,24.0
69.283,2.043,4.112,2.0
118.453,3.478,6.339,5.0
110.788,3.239,5.285,2.0
102.274,2.977,4.275,3.0
193.629,5.613,6.969,11.0
193.418,5.582,5.838,14.0
103.769,2.99,5.962,3.0
103.876,2.98,5.364,8.0
0.0,0.0,0.0,0.0
102.95,2.925,4.109,2.0
193.042,5.459,6.583,16.0
194.389,5.473,5.504,21.0
69.109,1.942,3.841,3.0
103.029,2.881,5.128,8.0
0.0,0.0,0.0,0.0
193.896,5.368,7.377,5.0
193.27,5.325,6.231,26.0
194.448,5.331,5.142,28.0
118.34,3.236,6.354,4.0
103.173,2.807,4.941,4.0
102.483,2.773,4.311,2.0
194.055,5.223,7.018,7.0
0.0,0.0,0.0,0.0
194.031,5.167,4.767,25.0
118.078,3.135,6.118,7.0
0.0,0.0,0.0,0.0
102.695,2.696,4.128,5.0
193.298,5.045,6.627,8.0
194.392,5.044,5.536,21.0
193.743,4.998,4.395,26.0
110.673,2.845,5.527,2.0
120.216,3.072,5.305,2.0
0.0,0.0,0.0,0.0
0.0,0.0,0.0,0.0
194.205,4.874,5.173,24.0
193.825,4.834,4.039,31.0
102.795,2.553,4.942,4.0
102.535,2.53,4.334,4.0
0.0,0.0,0.0,0.0
194.737,4.742,5.949,8.0
194.169,4.699,4.808,25.0
193.761,4.658,3.676,27.0
116.341,2.784,5.378,4.0
102.708,2.441,4.152,6.0
148.185,3.497,5.13,3.0
194.783,4.566,5.596,15.0
194.065,4.517,4.449,27.0
193.917,4.481,3.322,6.0
124.945,2.872,5.546,2.0
132.882,3.032,5.127,3.0
148.649,3.366,4.874,3.0
194.72,4.378,5.237,22.0
193.936,4.327,4.091,16.0
195.318,4.324,2.99,24.0
124.927,2.75,5.317,6.0
140.24,3.062,5.155,6.0
168.5,3.648,5.215,4.0
194.589,4.178,4.874,21.0
0.0,0.0,0.0,0.0
103.23,2.181,1.391,1.0
124.84,2.619,5.084,7.0
0.0,0.0,0.0,0.0
0.0,0.0,0.0,0.0
194.506,3.975,4.52,8.0
195.572,3.961,3.411,7.0
103.212,2.073,1.204,7.0
124.742,2.485,4.853,12.0
0.0,0.0,0.0,0.0
0.0,0.0,0.0,0.0
194.393,3.765,4.167,19.0
0.0,0.0,0.0,0.0
0.0,0.0,0.0,0.0
124.648,2.348,4.627,10.0
0.0,0.0,0.0,0.0
194.741,3.595,4.974,15.0
194.638,3.556,3.826,9.0
0.0,0.0,0.0,0.0
100.002,1.789,0.808,1.0
124.818,2.211,4.411,8.0
0.0,0.0,0.0,0.0
194.733,3.374,4.629,7.0
194.946,3.338,3.485,22.0
0.0,0.0,0.0,0.0
99.747,1.668,0.629,4.0
124.807,2.064,4.189,13.0
0.0,0.0,0.0,0.0
196.327,3.17,4.32,24.0
194.69,3.104,3.137,34.0
0.0,0.0,0.0,0.0
99.708,1.55,0.454,4.0
157.15,2.411,5.0,22.0
196.519,2.976,5.116,25.0
195.307,2.917,3.954,24.0
0.0,0.0,0.0,0.0
0.0,0.0,0.0,0.0
99.637,1.425,0.279,5.0
157.836,2.225,4.745,18.0
20.293,0.282,0.492,2.0
20.282,0.277,0.375,2.0
20.262,0.273,0.256,0.0
99.713,1.323,0.684,3.0
99.588,1.3,0.108,5.0
20.282,0.26,0.575,12.0
20.288,0.256,0.458,26.0
20.285,0.251,0.34,20.0
20.28,0.247,0.221,14.0
20.309,0.243,0.104,1.0
99.637,1.172,-0.061,1.0
20.289,0.234,0.54,27.0
20.264,0.229,0.423,30.0
20.292,0.225,0.306,26.0
20.301,0.221,0.188,23.0
20.331,0.217,0.071,25.0
20.287,0.212,-0.046,0.0
20.269,0.207,0.507,31.0
20.28,0.203,0.39,32.0
20.287,0.198,0.273,27.0
20.304,0.194,0.154,29.0
20.326,0.189,0.037,33.0
20.223,0.184,-0.079,17.0
20.265,0.179,0.473,29.0
20.242,0.175,0.356,26.0
20.269,0.17,0.239,23.0
20.218,0.165,0.12,25.0
20.235,0.161,0.003,23.0
20.188,0.156,-0.112,28.0
20.174,0.151,0.438,25.0
20.173,0.146,0.321,24.0
20.174,0.141,0.205,22.0
20.194,0.137,0.087,29.0
20.179,0.132,-0.029,25.0
20.159,0.127,-0.145,38.0
20.151,0.122,0.405,28.0
20.162,0.117,0.289,28.0
20.158,0.112,0.173,26.0
20.182,0.108,0.055,37.0
20.184,0.103,-0.061,35.0
20.195,0.098,-0.177,28.0
20.152,0.093,0.373,28.0
20.157,0.088,0.257,27.0
20.155,0.083,0.141,24.0
20.197,0.078,0.023,29.0
20.196,0.073,-0.093,25.0
20.194,0.068,-0.209,7.0
20.138,0.063,0.341,28.0
20.133,0.058,0.225,29.0
20.144,0.053,0.109,27.0
20.21,0.048,-0.008,9.0
20.249,0.043,-0.124,36.0
20.27,0.038,-0.241,80.0
20.137,0.033,0.31,29.0
20.134,0.027,0.194,28.0
20.161,0.022,0.078,28.0
20.256,0.017,-0.039,151.0
20.255,0.012,-0.155,151.0
20.262,0.007,-0.272,57.0
20.123,0.002,0.28,27.0
20.126,-0.003,0.164,27.0
20.141,-0.008,0.048,18.0
20.149,-0.013,-0.069,19.0
20.157,-0.018,-0.185,14.0
20.161,-0.023,-0.3,10.0
20.121,-0.029,0.25,33.0
20.127,-0.034,0.134,34.0
20.125,-0.039,0.019,34.0
20.144,-0.045,-0.098,32.0
20.124,-0.05,-0.214,13.0
20.163,-0.055,-0.33,23.0
20.111,-0.06,0.221,30.0
20.135,-0.065,0.105,42.0
20.132,-0.071,-0.009,29.0
20.135,-0.076,-0.127,35.0
20.137,-0.082,-0.242,35.0
20.148,-0.087,-0.358,25.0
20.125,-0.092,0.192,27.0
20.132,-0.098,0.077,36.0
20.15,-0.103,-0.038,28.0
20.149,-0.109,-0.155,28.0
20.14,-0.114,-0.271,35.0
20.151,-0.12,-0.387,38.0
20.148,-0.125,0.164,19.0
20.166,-0.131,0.049,25.0
20.162,-0.136,-0.065,19.0
20.139,-0.141,-0.183,9.0
20.153,-0.147,-0.299,28.0
20.173,-0.153,-0.415,31.0
58.33,-0.459,0.397,17.0
53.372,-0.435,0.058,2.0
53.339,-0.45,-0.247,6.0
20.157,-0.176,-0.211,6.0
20.179,-0.181,-0.327,14.0
20.194,-0.187,-0.442,28.0
56.203,-0.537,0.308,8.0
56.226,-0.553,-0.013,7.0
58.857,-0.595,-0.35,3.0
45.076,-0.468,-0.531,19.0
37.793,-0.404,-0.662,22.0
20.214,-0.222,-0.469,2.0
56.195,-0.631,0.235,1.0
56.239,-0.648,-0.086,1.0
58.733,-0.694,-0.426,2.0
44.892,-0.543,-0.587,28.0
35.982,-0.446,-0.676,3.0
30.383,-0.385,-0.745,8.0
59.543,-0.771,0.174,58.0
59.535,-0.788,-0.166,8.0
52.935,-0.716,-0.45,11.0
39.252,-0.542,-0.562,6.0
31.894,-0.45,-0.639,9.0
0.0,0.0,0.0,0.0
20.133,-0.295,0.033,17.0
56.741,-0.849,-0.228,2.0
52.814,-0.807,-0.514,12.0
38.224,-0.595,-0.594,14.0
31.033,-0.492,-0.66,26.0
28.341,-0.458,-0.765,2.0
20.125,-0.33,0.009,44.0
53.022,-0.887,-0.277,12.0
45.208,-0.77,-0.494,19.0
37.966,-0.658,-0.636,19.0
30.562,-0.539,-0.687,31.0
27.023,-0.485,-0.761,1.0
20.124,-0.366,-0.014,15.0
52.911,-0.979,-0.339,52.0
44.931,-0.845,-0.543,36.0
0.0,0.0,0.0,0.0
30.444,-0.591,-0.719,22.0
26.746,-0.528,-0.784,1.0
45.604,-0.911,-0.083,12.0
38.376,-0.778,-0.289,11.0
38.351,-0.79,-0.507,37.0
31.426,-0.657,-0.598,11.0
30.25,-0.642,-0.748,8.0
24.785,-0.533,-0.754,2.0
40.435,-0.881,-0.118,24.0
40.422,-0.893,-0.349,28.0
38.325,-0.859,-0.549,18.0
30.992,-0.704,-0.623,29.0
28.51,-0.656,-0.736,1.0
23.81,-0.555,-0.75,13.0
40.414,-0.953,-0.161,40.0
0.0,0.0,0.0,0.0
38.102,-0.922,-0.586,21.0
30.656,-0.752,-0.649,33.0
27.901,-0.693,-0.749,1.0
23.768,-0.598,-0.774,17.0
38.738,-0.985,-0.195,38.0
38.693,-0.996,-0.415,39.0
37.944,-0.988,-0.622,13.0
30.48,-0.804,-0.676,37.0
25.314,-0.675,-0.706,1.0
23.253,-0.628,-0.781,5.0
38.679,-1.055,-0.233,61.0
38.619,-1.066,-0.452,32.0
37.919,-1.059,-0.66,4.0
30.403,-0.859,-0.705,18.0
25.154,-0.718,-0.726,6.0
22.411,-0.647,-0.774,1.0
38.669,-1.127,-0.271,92.0
38.552,-1.135,-0.489,29.0
31.205,-0.929,-0.573,23.0
30.275,-0.911,-0.731,8.0
24.45,-0.743,-0.729,17.0
22.005,-0.677,-0.781,1.0
38.644,-1.197,-0.306,62.0
38.403,-1.202,-0.522,14.0
30.975,-0.98,-0.597,29.0
28.529,-0.912,-0.714,1.0
24.009,-0.775,-0.737,21.0
21.768,-0.71,-0.792,2.0
38.691,-1.271,-0.341,39.0
38.228,-1.268,-0.553,13.0
30.74,-1.03,-0.619,28.0
28.172,-0.953,-0.73,1.0
23.79,-0.813,-0.751,15.0
21.18,-0.73,-0.789,0.0
45.49,-1.579,-0.438,19.0
38.032,-1.332,-0.582,13.0
30.604,-1.082,-0.642,35.0
27.522,-0.982,-0.735,1.0
23.718,-0.855,-0.768,11.0
20.679,-0.752,-0.787,0.0
45.105,-1.65,-0.471,10.0
31.285,-1.155,-0.504,39.0
30.534,-1.138,-0.665,36.0
25.024,-0.941,-0.689,2.0
23.491,-0.891,-0.78,5.0
20.442,-0.782,-0.794,2.0
