K_cam:
1916.124410 0.000000 1023.644600
0.000000 1925.869330 579.872002
0.000000 0.000000 1.000000
distortion:
-0.486771 0.047149 -0.005779 -0.005634 0.258520
